   1.534
   1.544
   1.529
   1.553
   1.590
   1.597
   1.574
   1.663
   1.667
   1.670
   1.645
   1.638
   1.412
   1.468
   1.547
   1.475
   1.523
   1.683
   1.547
   1.570
   1.604
   1.544
   1.518
   1.492
   1.510
   1.483
   1.499
   1.514
   1.527
   1.522
   1.538
   1.548
   1.556
   1.525
   1.494
   1.499
   1.503
   1.471
   1.473
   1.471
   1.473
   1.438
   1.403
   1.431
   1.394
   1.417
   1.436
   1.402
   1.402
   1.426
   1.413
   1.425
   1.433
   1.439
   1.490
   1.489
   1.529
   1.468
   1.521
   1.467
   1.454
   1.399
   1.419
   1.411
   1.435
   1.447
   1.493
   1.566
   1.565
   1.506
   1.416
   1.351
   1.525
   1.785
   1.862
   1.840
   1.977
   1.975
   2.105
   2.258
   2.232
   2.168
   2.148
   2.117
   2.419
   2.382
   2.183
   1.965
   1.934
   2.087
   2.044
   2.165
   2.290
   2.429
   2.717
   4.740
   4.649
   4.575
  72.784
 113.857
 110.440
 108.469
 107.772
 105.304
 102.683
 102.452
 100.899
  99.141
  97.707
  96.981
  95.919
  94.628
  93.559
  92.689
  92.025
  91.524
   0.842
   0.835
   0.774
   0.745
   0.739
   0.810
   0.776
   0.694
   0.794
   0.914
   0.958
   0.823
   0.706
   0.691
   0.837
   0.940
   1.057
   0.535
   1.202
   2.987
   2.034
   1.819
   0.934
   0.576
   3.889
   5.838
   6.148
   9.944
  14.443
  14.579
   0.998
  14.306
  14.091
  14.185
  14.257
  14.182
  14.056
  13.634
  12.583
  12.264
  11.798
  12.328
  11.368
  10.166
   7.299
   0.010
   0.006
   0.004
   9.828
   7.705
