3.069976816238139533e-02 0.000000000000000000e+00
3.213194951921637121e-02 4.937760534871338308e+07
3.363094387046929729e-02 0.000000000000000000e+00
3.519986812322865172e-02 7.513222881462317705e+07
3.684198459207260745e-02 6.551521915769093484e+07
3.856070778250449138e-02 2.856973827582998574e+07
4.035961149084377197e-02 1.609782918754653110e+04
4.224243623533543990e-02 0.000000000000000000e+00
4.421309703392971302e-02 3.791981278110856563e+07
4.627569154490460829e-02 3.306073428976735100e+07
4.843450858725836805e-02 2.884569368642520532e+07
5.069403705858849252e-02 8.450852744975582027e+03
5.305897526900069106e-02 1.335713958593193442e+07
5.553424071045594268e-02 1.913388708343587071e+07
5.812498028186940946e-02 1.668333199264412932e+07
6.083658099122266766e-02 2.182874489033534005e+07
6.367468115694234487e-02 3.808033304627656192e+07
6.664518213183667772e-02 8.139541091201424024e+03
6.975426057396794111e-02 1.930941218521552160e+07
7.300838128997587384e-02 2.526374381293115020e+07
7.641431067755764805e-02 1.468835828542394936e+07
7.997913079505601652e-02 1.921948573113872483e+07
8.371025408741054885e-02 3.072264753543584421e+07
8.761543879909236554e-02 1.949112630175095424e+07
9.170280510607109470e-02 1.487530263845325820e+07
9.598085200035742781e-02 2.594381526618387178e+07
1.004584749622301765e-01 2.424248983785473555e+07
1.051449844568940195e-01 2.537263826195047423e+07
1.100501252940287722e-01 2.335719730139201134e+07
1.151840968904851020e-01 1.286756392245288007e+07
1.205575744782594882e-01 1.683321742836147174e+07
1.261817313018468445e-01 1.305237757414234430e+07
1.320682618511266337e-01 2.134098793419792131e+07
1.382294061780912076e-01 2.605479719671089947e+07
1.446779753479788821e-01 2.272413704437881708e+07
1.514273780777332656e-01 1.840487976292334870e+07
1.584916486171791816e-01 2.222465557668658346e+07
1.658854759308886484e-01 2.189547080893706158e+07
1.736242342414167639e-01 2.254118323205872625e+07
1.817240149974163610e-01 2.054640577724934742e+07
1.902016603331038169e-01 1.862704677058136091e+07
1.990747980886495849e-01 1.745804403188216686e+07
2.083618784643124222e-01 2.324321307528248429e+07
2.180822123845329585e-01 1.933270300710561126e+07
2.282560116517592663e-01 2.165482030576018617e+07
2.389044309734965343e-01 2.324045918583551422e+07
2.500496119499697190e-01 2.143154596996592358e+07
2.617147291138638421e-01 1.941384736795018986e+07
2.739240381178740802e-01 2.121587343216051161e+07
2.867029261702632170e-01 2.194554883471940830e+07
3.000779648232989039e-01 2.121743921853413805e+07
3.140769652243355914e-01 2.072735947756122425e+07
3.287290359444262067e-01 2.065335791303478554e+07
3.440646435047088891e-01 2.106580305038333312e+07
3.601156757264223351e-01 2.003943633503914624e+07
3.769155080362766030e-01 1.971829638015408814e+07
3.944990728650497602e-01 1.945400216337063536e+07
4.129029322837124427e-01 2.015632560688801855e+07
4.321653540281166217e-01 1.921976260412178934e+07
4.523263910703274604e-01 2.025040263593651727e+07
4.734279649020536884e-01 1.898179045646597445e+07
4.955139527033520785e-01 1.880440832851123065e+07
5.186302785778565960e-01 1.852280543948824704e+07
5.428250090442419129e-01 1.943147323883641511e+07
5.681484529824789576e-01 1.838339475421669707e+07
5.946532662427046478e-01 1.876836720169959590e+07
6.223945611342215356e-01 1.765849850182317570e+07
6.514300210222929710e-01 1.817874585808091611e+07
6.818200202710160696e-01 1.773092573908401281e+07
7.136277497816758686e-01 1.747053815440056100e+07
7.469193483876155337e-01 1.716040481029528752e+07
7.817640403788362891e-01 1.703447911433434486e+07
8.182342794422867716e-01 1.676002730663101189e+07
8.564058993171398404e-01 1.628172518428058736e+07
8.963582714783228100e-01 1.644687570751707628e+07
9.381744701761730587e-01 1.588982595707787015e+07
9.819414451753946116e-01 1.572924747859334387e+07
1.027750202552496051e+00 1.465970016687764600e+07
1.075695993927647365e+00 1.467625825907284766e+07
1.125878514524432994e+00 1.439227996716898307e+07
1.178402110469330522e+00 1.336311379047921114e+07
1.233375995761962995e+00 1.271357821115780622e+07
1.290914479367274659e+00 1.214799109603004530e+07
1.351137202901832923e+00 1.165895877597801387e+07
1.414169389408483246e+00 1.096495857165876403e+07
1.480142103736643344e+00 1.024117674719828181e+07
1.549192525069651882e+00 9.004381128602871671e+06
1.621464232165851449e+00 8.009952814086255617e+06
1.697107501906508942e+00 7.108448136384648271e+06
1.776279621771362560e+00 6.326845234753477387e+06
1.859145216891527452e+00 5.647335651399518363e+06
1.945876592359817581e+00 5.119348085572184995e+06
2.036654091510258002e+00 4.610503799920395948e+06
2.131666470911770972e+00 4.189256649911287241e+06
2.231111292855769257e+00 3.903966792856045533e+06
2.335195336153773393e+00 3.588159637123586144e+06
2.444135026099235386e+00 3.343369607952718157e+06
2.558156884487600369e+00 3.223624206768520642e+06
2.677498000630348152e+00 3.075793343157550320e+06
2.802406524342412553e+00 2.800958087979469914e+06
2.933142181928062087e+00 2.624552082692939788e+06
