3.069976816238139533e-02 6.387253432533651590e+08
3.213194951921637121e-02 7.515350226859005690e+08
3.363094387046929729e-02 9.997639748564071655e+08
3.519986812322865172e-02 9.826990638112075329e+08
3.684198459207260745e-02 6.859083890362277031e+08
3.856070778250449138e-02 7.923975989417343140e+08
4.035961149084377197e-02 6.607842997777999640e+08
4.224243623533543990e-02 5.971178295215924978e+08
4.421309703392971302e-02 6.404818182097351551e+08
4.627569154490460829e-02 6.769932325254569054e+08
4.843450858725836805e-02 8.073475609007034302e+08
5.069403705858849252e-02 7.776700189010187387e+08
5.305897526900069106e-02 7.703889050922700167e+08
5.553424071045594268e-02 6.436159413366954327e+08
5.812498028186940946e-02 5.983708445704677105e+08
6.083658099122266766e-02 7.302047388628479242e+08
6.367468115694234487e-02 6.340957939627014399e+08
6.664518213183667772e-02 6.298348335593736172e+08
6.975426057396794111e-02 6.140729776095547676e+08
7.300838128997587384e-02 5.290563406752915382e+08
7.641431067755764805e-02 6.667643599658455849e+08
7.997913079505601652e-02 5.398539564503993988e+08
8.371025408741054885e-02 5.527768224202263355e+08
8.761543879909236554e-02 5.294123045851948857e+08
9.170280510607109470e-02 5.511703568292759657e+08
9.598085200035742781e-02 4.772796828660454750e+08
1.004584749622301765e-01 4.266031794932434559e+08
1.051449844568940195e-01 4.504034738287519813e+08
1.100501252940287722e-01 4.329984170607329607e+08
1.151840968904851020e-01 4.124633734290544987e+08
1.205575744782594882e-01 3.594712871682910323e+08
1.261817313018468445e-01 3.757816244661795497e+08
1.320682618511266337e-01 3.581499422891069055e+08
1.382294061780912076e-01 3.174286087475423813e+08
1.446779753479788821e-01 3.229692399525581598e+08
1.514273780777332656e-01 3.194449019173920751e+08
1.584916486171791816e-01 2.864427809784374833e+08
1.658854759308886484e-01 2.684084275288226008e+08
1.736242342414167639e-01 2.431400218513835967e+08
1.817240149974163610e-01 2.380284731764768362e+08
1.902016603331038169e-01 2.287074664521474242e+08
1.990747980886495849e-01 2.122282004227004945e+08
2.083618784643124222e-01 1.944724561510704756e+08
2.180822123845329585e-01 1.828213765457306504e+08
2.282560116517592663e-01 1.695627358154879808e+08
2.389044309734965343e-01 1.718823172071097791e+08
2.500496119499697190e-01 1.624305162884660363e+08
2.617147291138638421e-01 1.492253113935082257e+08
2.739240381178740802e-01 1.453765406201639175e+08
2.867029261702632170e-01 1.348894990134784281e+08
3.000779648232989039e-01 1.295258536668297499e+08
3.140769652243355914e-01 1.180861695920803845e+08
3.287290359444262067e-01 1.127420890513784885e+08
3.440646435047088891e-01 1.068558392354132831e+08
3.601156757264223351e-01 9.926251175601851940e+07
3.769155080362766030e-01 9.268640325509259105e+07
3.944990728650497602e-01 8.676746289885550737e+07
4.129029322837124427e-01 8.298296280201111734e+07
4.321653540281166217e-01 7.703649390588977933e+07
4.523263910703274604e-01 7.149812263021183014e+07
4.734279649020536884e-01 6.881487256421758235e+07
4.955139527033520785e-01 6.337158362128122896e+07
5.186302785778565960e-01 5.947812269281127304e+07
5.428250090442419129e-01 5.608143059524416924e+07
5.681484529824789576e-01 5.392264133604727685e+07
5.946532662427046478e-01 5.061643806886854023e+07
6.223945611342215356e-01 4.674506629267782718e+07
6.514300210222929710e-01 4.441561260044856369e+07
6.818200202710160696e-01 4.163116260375002027e+07
7.136277497816758686e-01 3.937129310695821792e+07
7.469193483876155337e-01 3.628238972189315408e+07
7.817640403788362891e-01 3.465925083837254345e+07
8.182342794422867716e-01 3.242433085847512260e+07
8.564058993171398404e-01 3.032419968148365989e+07
8.963582714783228100e-01 2.827792885670321807e+07
9.381744701761730587e-01 2.628998834870210662e+07
9.819414451753946116e-01 2.463506281660389528e+07
1.027750202552496051e+00 2.331672311046046764e+07
1.075695993927647365e+00 2.163996254282286018e+07
1.125878514524432994e+00 2.017370452660912275e+07
1.178402110469330522e+00 1.914257783318520710e+07
1.233375995761962995e+00 1.751720889129330218e+07
1.290914479367274659e+00 1.649734073757725209e+07
1.351137202901832923e+00 1.550846509813502803e+07
1.414169389408483246e+00 1.429958709386971779e+07
1.480142103736643344e+00 1.314249821847000532e+07
1.549192525069651882e+00 1.216496581054305471e+07
1.621464232165851449e+00 1.111664057345843688e+07
1.697107501906508942e+00 1.029122042238491774e+07
1.776279621771362560e+00 9.436461944551859051e+06
1.859145216891527452e+00 8.466408189440099522e+06
1.945876592359817581e+00 7.612141205098065548e+06
2.036654091510258002e+00 6.868273943826203234e+06
2.131666470911770972e+00 6.134521316365080886e+06
2.231111292855769257e+00 5.519234605581451207e+06
2.335195336153773393e+00 5.092105633319084533e+06
2.444135026099235386e+00 4.673497252268444747e+06
2.558156884487600369e+00 4.229311170972290449e+06
2.677498000630348152e+00 3.847628496476126835e+06
2.802406524342412553e+00 3.547870339163310360e+06
2.933142181928062087e+00 3.256287792086863890e+06
