3.069976816238139533e-02 7.514858933698962927e+08
3.213194951921637121e-02 1.063112407761283994e+09
3.363094387046929729e-02 8.681328298201181889e+08
3.519986812322865172e-02 8.236165021999481916e+08
3.684198459207260745e-02 9.241807372555043697e+08
3.856070778250449138e-02 8.441965762267950773e+08
4.035961149084377197e-02 7.667419052018640041e+08
4.224243623533543990e-02 7.209988432972109318e+08
4.421309703392971302e-02 6.965699807232944965e+08
4.627569154490460829e-02 6.118074018846457005e+08
4.843450858725836805e-02 7.843406517329299450e+08
5.069403705858849252e-02 5.146920739809244275e+08
5.305897526900069106e-02 7.894740992227913141e+08
5.553424071045594268e-02 7.733937804156024456e+08
5.812498028186940946e-02 6.045925969334387779e+08
6.083658099122266766e-02 7.205174923796337843e+08
6.367468115694234487e-02 7.313605854461274147e+08
6.664518213183667772e-02 5.850122476992460489e+08
6.975426057396794111e-02 5.930027318719325066e+08
7.300838128997587384e-02 5.301011153786948919e+08
7.641431067755764805e-02 6.240561812847115993e+08
7.997913079505601652e-02 5.899878308675889969e+08
8.371025408741054885e-02 5.627438758237022161e+08
8.761543879909236554e-02 5.287748805249342322e+08
9.170280510607109470e-02 4.996964117596452236e+08
9.598085200035742781e-02 4.503708059590079784e+08
1.004584749622301765e-01 4.212784664493596554e+08
1.051449844568940195e-01 4.811174245463538170e+08
1.100501252940287722e-01 4.217221596434419155e+08
1.151840968904851020e-01 4.067940461686033010e+08
1.205575744782594882e-01 3.814059023151411414e+08
1.261817313018468445e-01 3.672256197990074754e+08
1.320682618511266337e-01 3.274135991539470553e+08
1.382294061780912076e-01 3.151466989952561855e+08
1.446779753479788821e-01 2.968757872572709918e+08
1.514273780777332656e-01 3.169418459340522289e+08
1.584916486171791816e-01 2.870237901597394347e+08
1.658854759308886484e-01 2.565926067466376126e+08
1.736242342414167639e-01 2.487325686316863894e+08
1.817240149974163610e-01 2.524198695178592205e+08
1.902016603331038169e-01 2.306848932033732831e+08
1.990747980886495849e-01 2.065286813978094757e+08
2.083618784643124222e-01 1.978841536829339862e+08
2.180822123845329585e-01 1.948410836773796380e+08
2.282560116517592663e-01 1.754524705611560345e+08
2.389044309734965343e-01 1.642421955625626445e+08
2.500496119499697190e-01 1.549163719100839794e+08
2.617147291138638421e-01 1.503040523847718537e+08
2.739240381178740802e-01 1.443194014604864419e+08
2.867029261702632170e-01 1.366620034911989272e+08
3.000779648232989039e-01 1.275118792678904533e+08
3.140769652243355914e-01 1.186273409177465439e+08
3.287290359444262067e-01 1.113786026459181458e+08
3.440646435047088891e-01 1.052681270976508260e+08
3.601156757264223351e-01 9.970600238079816103e+07
3.769155080362766030e-01 8.947858472593113780e+07
3.944990728650497602e-01 8.801362001842702925e+07
4.129029322837124427e-01 8.107817702243986726e+07
4.321653540281166217e-01 7.752477744503284991e+07
4.523263910703274604e-01 7.210843546329832077e+07
4.734279649020536884e-01 6.726126915376776457e+07
4.955139527033520785e-01 6.366265421013479680e+07
5.186302785778565960e-01 5.876346086823116988e+07
5.428250090442419129e-01 5.591152995817007869e+07
5.681484529824789576e-01 5.311063553198932111e+07
5.946532662427046478e-01 4.966896772962785512e+07
6.223945611342215356e-01 4.672503920198073983e+07
6.514300210222929710e-01 4.350256920517672598e+07
6.818200202710160696e-01 4.114913581651630253e+07
7.136277497816758686e-01 3.862057531168785691e+07
7.469193483876155337e-01 3.667317916659745574e+07
7.817640403788362891e-01 3.445266018498905003e+07
8.182342794422867716e-01 3.209247294137052447e+07
8.564058993171398404e-01 2.982744594591207057e+07
8.963582714783228100e-01 2.835753820714958012e+07
9.381744701761730587e-01 2.636908305684193224e+07
9.819414451753946116e-01 2.452658553239032626e+07
1.027750202552496051e+00 2.287452364112631604e+07
1.075695993927647365e+00 2.172356294831306487e+07
1.125878514524432994e+00 2.013975802203709260e+07
1.178402110469330522e+00 1.871798447931879386e+07
1.233375995761962995e+00 1.758691133175335824e+07
1.290914479367274659e+00 1.640373433516669646e+07
1.351137202901832923e+00 1.547575386948992312e+07
1.414169389408483246e+00 1.417276853765407018e+07
1.480142103736643344e+00 1.302768390541343577e+07
1.549192525069651882e+00 1.235681755737726763e+07
1.621464232165851449e+00 1.125751018548689969e+07
1.697107501906508942e+00 1.036461840823739022e+07
1.776279621771362560e+00 9.377524649272324517e+06
1.859145216891527452e+00 8.507884464039683342e+06
1.945876592359817581e+00 7.630437110057396814e+06
2.036654091510258002e+00 6.863051950463718735e+06
2.131666470911770972e+00 6.179401653801376931e+06
2.231111292855769257e+00 5.511477326582910493e+06
2.335195336153773393e+00 4.969926008201126009e+06
2.444135026099235386e+00 4.571490677493982948e+06
2.558156884487600369e+00 4.202156133301327005e+06
2.677498000630348152e+00 3.846430278607659508e+06
2.802406524342412553e+00 3.496607219389712904e+06
2.933142181928062087e+00 3.213015626840125304e+06
