3.069976816238139533e-02 1.153937813427346468e+09
3.213194951921637121e-02 1.433673977851319790e+09
3.363094387046929729e-02 1.016666143057935238e+09
3.519986812322865172e-02 1.005418677616347313e+09
3.684198459207260745e-02 1.142829687411283255e+09
3.856070778250449138e-02 1.272647425793445826e+09
4.035961149084377197e-02 1.251791483614573956e+09
4.224243623533543990e-02 8.376821811942224503e+08
4.421309703392971302e-02 9.489105783514302969e+08
4.627569154490460829e-02 1.109056751469227314e+09
4.843450858725836805e-02 1.082735855461623669e+09
5.069403705858849252e-02 8.595847697260462046e+08
5.305897526900069106e-02 8.216734116707265377e+08
5.553424071045594268e-02 7.502638863218363523e+08
5.812498028186940946e-02 7.700223542833541632e+08
6.083658099122266766e-02 8.845577464725332260e+08
6.367468115694234487e-02 8.708381457023603916e+08
6.664518213183667772e-02 7.816054551652745008e+08
6.975426057396794111e-02 7.320770303438501358e+08
7.300838128997587384e-02 7.658338191907401085e+08
7.641431067755764805e-02 6.336104955818022490e+08
7.997913079505601652e-02 6.773610867746640444e+08
8.371025408741054885e-02 7.087044221963257790e+08
8.761543879909236554e-02 6.461165062429726124e+08
9.170280510607109470e-02 6.022070156153403521e+08
9.598085200035742781e-02 5.604835881714388132e+08
1.004584749622301765e-01 5.509205969316383600e+08
1.051449844568940195e-01 4.798919048632613420e+08
1.100501252940287722e-01 4.742495602680541873e+08
1.151840968904851020e-01 4.688048793679330945e+08
1.205575744782594882e-01 4.302270712075470686e+08
1.261817313018468445e-01 4.108375261229095459e+08
1.320682618511266337e-01 4.050382728323227763e+08
1.382294061780912076e-01 3.534160518100541234e+08
1.446779753479788821e-01 3.617794944518770576e+08
1.514273780777332656e-01 3.205227945690323114e+08
1.584916486171791816e-01 3.140383942922523618e+08
1.658854759308886484e-01 2.872140591211848259e+08
1.736242342414167639e-01 2.718170673577234745e+08
1.817240149974163610e-01 2.617632672714089453e+08
1.902016603331038169e-01 2.335322845963850021e+08
1.990747980886495849e-01 2.194508758201186657e+08
2.083618784643124222e-01 2.156698078228424489e+08
2.180822123845329585e-01 1.996719247160261869e+08
2.282560116517592663e-01 1.908908410339394510e+08
2.389044309734965343e-01 1.771127003803259134e+08
2.500496119499697190e-01 1.658386208165916204e+08
2.617147291138638421e-01 1.623236332106713653e+08
2.739240381178740802e-01 1.470527767079653144e+08
2.867029261702632170e-01 1.390395947708818913e+08
3.000779648232989039e-01 1.294042188484709859e+08
3.140769652243355914e-01 1.228824470016074032e+08
3.287290359444262067e-01 1.118627859529262185e+08
3.440646435047088891e-01 1.062910768270443678e+08
3.601156757264223351e-01 1.010290184953275770e+08
3.769155080362766030e-01 9.241772158209811151e+07
3.944990728650497602e-01 9.222469710323107243e+07
4.129029322837124427e-01 8.511962119235396385e+07
4.321653540281166217e-01 7.906371792990665138e+07
4.523263910703274604e-01 7.542420244023472071e+07
4.734279649020536884e-01 7.010187593426410854e+07
4.955139527033520785e-01 6.653404297116053849e+07
5.186302785778565960e-01 6.323007223309743404e+07
5.428250090442419129e-01 5.716669723563800752e+07
5.681484529824789576e-01 5.462270741982343793e+07
5.946532662427046478e-01 5.174270225955071300e+07
6.223945611342215356e-01 4.670474207821645588e+07
6.514300210222929710e-01 4.353823927016709000e+07
6.818200202710160696e-01 4.132566270285923779e+07
7.136277497816758686e-01 3.862959451032777131e+07
7.469193483876155337e-01 3.567782384448290616e+07
7.817640403788362891e-01 3.388944782389934361e+07
8.182342794422867716e-01 3.167544675202038139e+07
8.564058993171398404e-01 2.847874134298012033e+07
8.963582714783228100e-01 2.632571329327284172e+07
9.381744701761730587e-01 2.515014564740498737e+07
9.819414451753946116e-01 2.318259790386668220e+07
1.027750202552496051e+00 2.167975615703050792e+07
1.075695993927647365e+00 2.011838084084388614e+07
1.125878514524432994e+00 1.847557834457783774e+07
1.178402110469330522e+00 1.770372456644603238e+07
1.233375995761962995e+00 1.589113038901218586e+07
1.290914479367274659e+00 1.487237812632625923e+07
1.351137202901832923e+00 1.383650037591373362e+07
1.414169389408483246e+00 1.273981020256249793e+07
1.480142103736643344e+00 1.175286187440207414e+07
1.549192525069651882e+00 1.086295107601829991e+07
1.621464232165851449e+00 9.915275616874242201e+06
1.697107501906508942e+00 9.059707190402103588e+06
1.776279621771362560e+00 8.389778303725060076e+06
1.859145216891527452e+00 7.686233359694681130e+06
1.945876592359817581e+00 7.034255865602301434e+06
2.036654091510258002e+00 6.403177746912745759e+06
2.131666470911770972e+00 5.890729427576662973e+06
2.231111292855769257e+00 5.425150534654187039e+06
2.335195336153773393e+00 4.953021229016072117e+06
2.444135026099235386e+00 4.543271308713136241e+06
2.558156884487600369e+00 4.117030608749005478e+06
2.677498000630348152e+00 3.794150852701384109e+06
2.802406524342412553e+00 3.476290795254773460e+06
2.933142181928062087e+00 3.151753508972722571e+06
