3.069976816238139533e-02 9.137552165185166597e+08
3.213194951921637121e-02 1.316374456870675564e+09
3.363094387046929729e-02 1.200303492779863358e+09
3.519986812322865172e-02 7.776606298382481337e+08
3.684198459207260745e-02 1.222970291633417368e+09
3.856070778250449138e-02 1.230794100326325417e+09
4.035961149084377197e-02 8.852863637318358421e+08
4.224243623533543990e-02 8.091535107472379208e+08
4.421309703392971302e-02 9.671035917159633636e+08
4.627569154490460829e-02 9.315209641406068802e+08
4.843450858725836805e-02 7.580239280421887636e+08
5.069403705858849252e-02 9.314674442033144236e+08
5.305897526900069106e-02 8.698245218394472599e+08
5.553424071045594268e-02 8.161792714957869053e+08
5.812498028186940946e-02 6.349622119730597734e+08
6.083658099122266766e-02 7.105929346459556818e+08
6.367468115694234487e-02 6.173839211758114100e+08
6.664518213183667772e-02 6.942504130194756985e+08
6.975426057396794111e-02 6.318010960785287619e+08
7.300838128997587384e-02 6.564884840946917534e+08
7.641431067755764805e-02 6.246178809200589657e+08
7.997913079505601652e-02 5.780391994513238668e+08
8.371025408741054885e-02 5.931659085032315254e+08
8.761543879909236554e-02 5.280251275243824720e+08
9.170280510607109470e-02 4.957142568405222297e+08
9.598085200035742781e-02 4.892188617154863477e+08
1.004584749622301765e-01 4.991075124517760277e+08
1.051449844568940195e-01 4.597268242843627930e+08
1.100501252940287722e-01 4.399473024099910259e+08
1.151840968904851020e-01 3.658021273414474726e+08
1.205575744782594882e-01 3.861143553387930393e+08
1.261817313018468445e-01 3.901579933037972450e+08
1.320682618511266337e-01 3.596697354921599627e+08
1.382294061780912076e-01 3.516422246840950251e+08
1.446779753479788821e-01 3.201363868310925961e+08
1.514273780777332656e-01 3.093892508019432425e+08
1.584916486171791816e-01 2.807531998609488606e+08
1.658854759308886484e-01 2.829746747297157049e+08
1.736242342414167639e-01 2.520197831962322593e+08
1.817240149974163610e-01 2.318324077562851906e+08
1.902016603331038169e-01 2.480639982423687577e+08
1.990747980886495849e-01 2.238981455730765462e+08
2.083618784643124222e-01 2.045274405041267872e+08
2.180822123845329585e-01 1.891691093078802526e+08
2.282560116517592663e-01 1.772860023614899814e+08
2.389044309734965343e-01 1.660029846700389385e+08
2.500496119499697190e-01 1.570771598286434710e+08
2.617147291138638421e-01 1.550045447570918202e+08
2.739240381178740802e-01 1.365331580974503458e+08
2.867029261702632170e-01 1.337775580566508025e+08
3.000779648232989039e-01 1.221269096287707984e+08
3.140769652243355914e-01 1.216595862026817799e+08
3.287290359444262067e-01 1.103532768641792387e+08
3.440646435047088891e-01 1.062252106501517743e+08
3.601156757264223351e-01 1.010439032337718010e+08
3.769155080362766030e-01 9.419246564552791417e+07
3.944990728650497602e-01 8.996948716086651385e+07
4.129029322837124427e-01 8.336216069519083202e+07
4.321653540281166217e-01 7.636458372048820555e+07
4.523263910703274604e-01 7.292163056429708004e+07
4.734279649020536884e-01 6.913028188780254126e+07
4.955139527033520785e-01 6.539678629079875350e+07
5.186302785778565960e-01 6.086931678744613379e+07
5.428250090442419129e-01 5.707833853632198274e+07
5.681484529824789576e-01 5.417857426708186418e+07
5.946532662427046478e-01 5.149250614865150303e+07
6.223945611342215356e-01 4.761517037355474383e+07
6.514300210222929710e-01 4.510237470709048212e+07
6.818200202710160696e-01 4.251801856067877263e+07
7.136277497816758686e-01 4.027303438769296557e+07
7.469193483876155337e-01 3.789130223358760774e+07
7.817640403788362891e-01 3.492115476749727130e+07
8.182342794422867716e-01 3.277828971564801782e+07
8.564058993171398404e-01 3.018855841393229365e+07
8.963582714783228100e-01 2.822478968745432422e+07
9.381744701761730587e-01 2.587266248646666482e+07
9.819414451753946116e-01 2.428749071030680090e+07
1.027750202552496051e+00 2.253790806753375009e+07
1.075695993927647365e+00 2.103546907471168414e+07
1.125878514524432994e+00 1.929059105285845324e+07
1.178402110469330522e+00 1.807037107991192117e+07
1.233375995761962995e+00 1.656933154953819700e+07
1.290914479367274659e+00 1.533444814528624527e+07
1.351137202901832923e+00 1.398775029074981250e+07
1.414169389408483246e+00 1.293880919006566890e+07
1.480142103736643344e+00 1.187933846956738643e+07
1.549192525069651882e+00 1.099534068903379142e+07
1.621464232165851449e+00 1.009417299128178880e+07
1.697107501906508942e+00 9.164180277727115899e+06
1.776279621771362560e+00 8.463478019868273288e+06
1.859145216891527452e+00 7.628626453340182081e+06
1.945876592359817581e+00 6.903620426601740532e+06
2.036654091510258002e+00 6.383831110894738697e+06
2.131666470911770972e+00 5.899227691675885580e+06
2.231111292855769257e+00 5.357425346846119501e+06
2.335195336153773393e+00 4.820496577556086704e+06
2.444135026099235386e+00 4.389554643633949570e+06
2.558156884487600369e+00 4.027212597348761745e+06
2.677498000630348152e+00 3.671489817632077727e+06
2.802406524342412553e+00 3.396302330810412765e+06
2.933142181928062087e+00 3.161069450706531759e+06
