3.069976816238139533e-02 1.040446473000084758e+09
3.213194951921637121e-02 1.420823290398875237e+09
3.363094387046929729e-02 8.784027916437840462e+08
3.519986812322865172e-02 8.658931465743321180e+08
3.684198459207260745e-02 1.141007187139079809e+09
3.856070778250449138e-02 7.272695185564028025e+08
4.035961149084377197e-02 1.001660201830409884e+09
4.224243623533543990e-02 1.018669262026110530e+09
4.421309703392971302e-02 8.969962645277330875e+08
4.627569154490460829e-02 9.324213783121885061e+08
4.843450858725836805e-02 7.539582297944648266e+08
5.069403705858849252e-02 6.354522275043200254e+08
5.305897526900069106e-02 7.332321822839775085e+08
5.553424071045594268e-02 4.753255526153931022e+08
5.812498028186940946e-02 6.249549016319868565e+08
6.083658099122266766e-02 7.273450128779397011e+08
6.367468115694234487e-02 5.575212680700030327e+08
6.664518213183667772e-02 5.115153449644924402e+08
6.975426057396794111e-02 4.221361792064617276e+08
7.300838128997587384e-02 4.443952650280194283e+08
7.641431067755764805e-02 4.447997408285520077e+08
7.997913079505601652e-02 4.775003487154815197e+08
8.371025408741054885e-02 4.371460685063040853e+08
8.761543879909236554e-02 4.314985495751877427e+08
9.170280510607109470e-02 4.012215347956210375e+08
9.598085200035742781e-02 3.848526215847849250e+08
1.004584749622301765e-01 4.013786103461087346e+08
1.051449844568940195e-01 3.334084515263346434e+08
1.100501252940287722e-01 3.830593492125166059e+08
1.151840968904851020e-01 3.196158837200762630e+08
1.205575744782594882e-01 3.006448873366106749e+08
1.261817313018468445e-01 3.036708566212652326e+08
1.320682618511266337e-01 2.522022164135869741e+08
1.382294061780912076e-01 2.573379765254148543e+08
1.446779753479788821e-01 2.448914992988143563e+08
1.514273780777332656e-01 2.384238036906889081e+08
1.584916486171791816e-01 2.342138187093354166e+08
1.658854759308886484e-01 2.239012625490190387e+08
1.736242342414167639e-01 1.938403202265504003e+08
1.817240149974163610e-01 1.799472759181038439e+08
1.902016603331038169e-01 1.594711867953564823e+08
1.990747980886495849e-01 1.423392963830131888e+08
2.083618784643124222e-01 1.392738137501070499e+08
2.180822123845329585e-01 1.196468926369683743e+08
2.282560116517592663e-01 1.010408617219264358e+08
2.389044309734965343e-01 9.294707227136386931e+07
2.500496119499697190e-01 8.169296021536922455e+07
2.617147291138638421e-01 7.133263329405739903e+07
2.739240381178740802e-01 7.426692497763636708e+07
2.867029261702632170e-01 6.605823731667079031e+07
3.000779648232989039e-01 5.750543972656341642e+07
3.140769652243355914e-01 5.665694035733646154e+07
3.287290359444262067e-01 5.025524269890032709e+07
3.440646435047088891e-01 4.601760941547393799e+07
3.601156757264223351e-01 3.883623195650500804e+07
3.769155080362766030e-01 3.754078910465788096e+07
3.944990728650497602e-01 3.220902059620322287e+07
4.129029322837124427e-01 3.069519376766936108e+07
4.321653540281166217e-01 2.750739319325792044e+07
4.523263910703274604e-01 2.330038610335659981e+07
4.734279649020536884e-01 2.090549766967216879e+07
4.955139527033520785e-01 1.993954326292775571e+07
5.186302785778565960e-01 1.824918081205185875e+07
5.428250090442419129e-01 1.597778337921406887e+07
5.681484529824789576e-01 1.236733508251808770e+07
5.946532662427046478e-01 1.053660397047273070e+07
6.223945611342215356e-01 8.446740300832089037e+06
6.514300210222929710e-01 6.974375465012231842e+06
6.818200202710160696e-01 5.500362137176536955e+06
7.136277497816758686e-01 4.366776644482720643e+06
7.469193483876155337e-01 3.488479901814093348e+06
7.817640403788362891e-01 2.980444619246951770e+06
8.182342794422867716e-01 2.842190041781404521e+06
8.564058993171398404e-01 2.444882379853107035e+06
8.963582714783228100e-01 2.440066452267935034e+06
9.381744701761730587e-01 2.260494161013015546e+06
9.819414451753946116e-01 2.232732451824991032e+06
1.027750202552496051e+00 2.009077231819260865e+06
1.075695993927647365e+00 1.815343372850168264e+06
1.125878514524432994e+00 1.527227464480331866e+06
1.178402110469330522e+00 1.437759862805210985e+06
1.233375995761962995e+00 1.478363289925569901e+06
1.290914479367274659e+00 1.475863586175466189e+06
1.351137202901832923e+00 1.491922273141191341e+06
1.414169389408483246e+00 1.555021437832860509e+06
1.480142103736643344e+00 1.585830536023636349e+06
1.549192525069651882e+00 1.400662902551105246e+06
1.621464232165851449e+00 1.271629529780722223e+06
1.697107501906508942e+00 1.218920990605307976e+06
1.776279621771362560e+00 1.057890031635851134e+06
1.859145216891527452e+00 8.826131565380372340e+05
1.945876592359817581e+00 7.833306039936569287e+05
2.036654091510258002e+00 7.109755475916477153e+05
2.131666470911770972e+00 6.454957328012064099e+05
2.231111292855769257e+00 5.903719552734231111e+05
2.335195336153773393e+00 6.008675080495135626e+05
2.444135026099235386e+00 5.866815520975018153e+05
2.558156884487600369e+00 6.026205377787430771e+05
2.677498000630348152e+00 5.534272338080636691e+05
2.802406524342412553e+00 5.719323035009783925e+05
2.933142181928062087e+00 4.956756051450786763e+05
