3.069976816238139533e-02 5.332394804557528496e+08
3.213194951921637121e-02 9.920609679621365070e+08
3.363094387046929729e-02 4.846065224771971107e+08
3.519986812322865172e-02 9.689704011868059635e+08
3.684198459207260745e-02 9.995055182394213676e+08
3.856070778250449138e-02 7.836714806185712814e+08
4.035961149084377197e-02 7.500673607980713844e+08
4.224243623533543990e-02 7.052179625934741497e+08
4.421309703392971302e-02 8.751424058896036148e+08
4.627569154490460829e-02 5.878707807514382601e+08
4.843450858725836805e-02 7.340669259594768286e+08
5.069403705858849252e-02 6.650818673219051361e+08
5.305897526900069106e-02 7.582370747503372431e+08
5.553424071045594268e-02 6.069632326469383240e+08
5.812498028186940946e-02 7.538075575464224815e+08
6.083658099122266766e-02 6.053366892285104990e+08
6.367468115694234487e-02 5.922056797909070253e+08
6.664518213183667772e-02 6.097606518000071049e+08
6.975426057396794111e-02 5.621719475020489693e+08
7.300838128997587384e-02 5.382204120105438232e+08
7.641431067755764805e-02 5.256002336939488649e+08
7.997913079505601652e-02 6.246357776949366331e+08
8.371025408741054885e-02 5.067159785510392189e+08
8.761543879909236554e-02 5.355230381725429296e+08
9.170280510607109470e-02 4.960015571287384033e+08
9.598085200035742781e-02 5.060917361524432302e+08
1.004584749622301765e-01 4.326841147605991364e+08
1.051449844568940195e-01 4.314064968464356065e+08
1.100501252940287722e-01 4.285464756800489426e+08
1.151840968904851020e-01 3.780104254283053875e+08
1.205575744782594882e-01 3.706866873632071018e+08
1.261817313018468445e-01 3.555558586840411425e+08
1.320682618511266337e-01 3.633810273752197623e+08
1.382294061780912076e-01 3.123923610846270323e+08
1.446779753479788821e-01 3.175755871294945478e+08
1.514273780777332656e-01 3.086495237430512309e+08
1.584916486171791816e-01 2.964852590672916770e+08
1.658854759308886484e-01 2.714508444979466200e+08
1.736242342414167639e-01 2.421948369696458578e+08
1.817240149974163610e-01 2.395823749754406214e+08
1.902016603331038169e-01 2.321450707763223946e+08
1.990747980886495849e-01 2.129511167589904964e+08
2.083618784643124222e-01 1.951271522000494003e+08
2.180822123845329585e-01 2.034500370654108822e+08
2.282560116517592663e-01 1.860917052481153309e+08
2.389044309734965343e-01 1.706331769266084135e+08
2.500496119499697190e-01 1.673355758465130031e+08
2.617147291138638421e-01 1.543933509379146993e+08
2.739240381178740802e-01 1.411768835595337749e+08
2.867029261702632170e-01 1.329964697434250861e+08
3.000779648232989039e-01 1.250221507888293713e+08
3.140769652243355914e-01 1.178540368834141046e+08
3.287290359444262067e-01 1.154736255047668368e+08
3.440646435047088891e-01 1.033235385728237033e+08
3.601156757264223351e-01 9.981492068272763491e+07
3.769155080362766030e-01 9.310213782529366016e+07
3.944990728650497602e-01 8.571394871544119716e+07
4.129029322837124427e-01 7.979266784394548833e+07
4.321653540281166217e-01 7.654535482197917998e+07
4.523263910703274604e-01 7.106301443324990571e+07
4.734279649020536884e-01 6.705939368172533065e+07
4.955139527033520785e-01 6.273503146758823842e+07
5.186302785778565960e-01 6.070300157133267820e+07
5.428250090442419129e-01 5.756561064038135856e+07
5.681484529824789576e-01 5.204214036066529155e+07
5.946532662427046478e-01 5.041850655536638200e+07
6.223945611342215356e-01 4.645252627268105000e+07
6.514300210222929710e-01 4.421303602867111564e+07
6.818200202710160696e-01 4.048958978035948426e+07
7.136277497816758686e-01 3.897916737131702900e+07
7.469193483876155337e-01 3.653213102262621373e+07
7.817640403788362891e-01 3.379986333602734655e+07
8.182342794422867716e-01 3.236239863269033283e+07
8.564058993171398404e-01 3.023586617719597369e+07
8.963582714783228100e-01 2.791415335890329257e+07
9.381744701761730587e-01 2.629416568852546811e+07
9.819414451753946116e-01 2.498672646085863188e+07
1.027750202552496051e+00 2.290618059503825754e+07
1.075695993927647365e+00 2.176110108453743160e+07
1.125878514524432994e+00 2.041649624493954331e+07
1.178402110469330522e+00 1.921034701113050804e+07
1.233375995761962995e+00 1.796422905490802974e+07
1.290914479367274659e+00 1.653150434611984529e+07
1.351137202901832923e+00 1.550819671142727695e+07
1.414169389408483246e+00 1.452873921788759157e+07
1.480142103736643344e+00 1.340021519029182196e+07
1.549192525069651882e+00 1.229486349092012271e+07
1.621464232165851449e+00 1.134911401907785051e+07
1.697107501906508942e+00 1.031164376909451745e+07
1.776279621771362560e+00 9.568704391444986686e+06
1.859145216891527452e+00 8.673545853696858510e+06
1.945876592359817581e+00 7.699620484816300683e+06
2.036654091510258002e+00 6.910780099248349667e+06
2.131666470911770972e+00 6.207218053270611912e+06
2.231111292855769257e+00 5.548172154466844164e+06
2.335195336153773393e+00 4.997460162853265181e+06
2.444135026099235386e+00 4.558688299993553199e+06
2.558156884487600369e+00 4.146333605680887122e+06
2.677498000630348152e+00 3.808597936271976214e+06
2.802406524342412553e+00 3.479783623809483834e+06
2.933142181928062087e+00 3.187501577130455989e+06
