3.069976816238139533e-02 1.654515457092116833e+09
3.213194951921637121e-02 1.812526808075148106e+09
3.363094387046929729e-02 1.027569277451062679e+09
3.519986812322865172e-02 1.466410623383839130e+09
3.684198459207260745e-02 1.347270844414426327e+09
3.856070778250449138e-02 1.506781378988734484e+09
4.035961149084377197e-02 1.043689699510123491e+09
4.224243623533543990e-02 1.266441200391533136e+09
4.421309703392971302e-02 9.749099407824336290e+08
4.627569154490460829e-02 1.052850858658193827e+09
4.843450858725836805e-02 1.134574389072584867e+09
5.069403705858849252e-02 8.974529747330043316e+08
5.305897526900069106e-02 8.714388022661603689e+08
5.553424071045594268e-02 8.924159142664871216e+08
5.812498028186940946e-02 9.679179637206985950e+08
6.083658099122266766e-02 8.014940596292489767e+08
6.367468115694234487e-02 7.545893884768036604e+08
6.664518213183667772e-02 7.638471251769007444e+08
6.975426057396794111e-02 7.745839540592437983e+08
7.300838128997587384e-02 7.291295468194447756e+08
7.641431067755764805e-02 6.971404644730478525e+08
7.997913079505601652e-02 6.341813464120393991e+08
8.371025408741054885e-02 6.124847306125776768e+08
8.761543879909236554e-02 6.823758969487334490e+08
9.170280510607109470e-02 6.418279752462193966e+08
9.598085200035742781e-02 5.617740080587038994e+08
1.004584749622301765e-01 5.470391569039871693e+08
1.051449844568940195e-01 5.071514421288183331e+08
1.100501252940287722e-01 4.266613873964311481e+08
1.151840968904851020e-01 4.662777838120775223e+08
1.205575744782594882e-01 4.701873201192135811e+08
1.261817313018468445e-01 4.087364866103371978e+08
1.320682618511266337e-01 3.813957292299661040e+08
1.382294061780912076e-01 3.487251462560328841e+08
1.446779753479788821e-01 3.436366420754951835e+08
1.514273780777332656e-01 3.232067503197429776e+08
1.584916486171791816e-01 3.109497294953422546e+08
1.658854759308886484e-01 2.770673321022050381e+08
1.736242342414167639e-01 2.893922122549441457e+08
1.817240149974163610e-01 2.570626572191468477e+08
1.902016603331038169e-01 2.466218608891668320e+08
1.990747980886495849e-01 2.212734572095868886e+08
2.083618784643124222e-01 2.282851857946188450e+08
2.180822123845329585e-01 2.091442538336715698e+08
2.282560116517592663e-01 1.890041319753494561e+08
2.389044309734965343e-01 1.778958365593252778e+08
2.500496119499697190e-01 1.718629890415850580e+08
2.617147291138638421e-01 1.708498845221470892e+08
2.739240381178740802e-01 1.604125674330744147e+08
2.867029261702632170e-01 1.553568901181110144e+08
3.000779648232989039e-01 1.491419099941980839e+08
3.140769652243355914e-01 1.299963062675908655e+08
3.287290359444262067e-01 1.238290133219604343e+08
3.440646435047088891e-01 1.116957770302635878e+08
3.601156757264223351e-01 1.080388650529320836e+08
3.769155080362766030e-01 9.774356258237612247e+07
3.944990728650497602e-01 9.161881995488218963e+07
4.129029322837124427e-01 8.352316982124134898e+07
4.321653540281166217e-01 7.964685159089158475e+07
4.523263910703274604e-01 7.463272466976276040e+07
4.734279649020536884e-01 7.128159987299400568e+07
4.955139527033520785e-01 6.377729206373874098e+07
5.186302785778565960e-01 5.860873348306991160e+07
5.428250090442419129e-01 5.296922165078809857e+07
5.681484529824789576e-01 5.248800169787484407e+07
5.946532662427046478e-01 4.696356989124400914e+07
6.223945611342215356e-01 4.384167472502574325e+07
6.514300210222929710e-01 4.262135280817785859e+07
6.818200202710160696e-01 3.981461697500175983e+07
7.136277497816758686e-01 3.699856019108073413e+07
7.469193483876155337e-01 3.617436544183206558e+07
7.817640403788362891e-01 3.284334161117454618e+07
8.182342794422867716e-01 3.064457171065012366e+07
8.564058993171398404e-01 2.796822757493006811e+07
8.963582714783228100e-01 2.547187197524305433e+07
9.381744701761730587e-01 2.387356308454893157e+07
9.819414451753946116e-01 2.196533481720351800e+07
1.027750202552496051e+00 2.059877751408828422e+07
1.075695993927647365e+00 1.933571414516821876e+07
1.125878514524432994e+00 1.775576305411499366e+07
1.178402110469330522e+00 1.682611559172302857e+07
1.233375995761962995e+00 1.571285539512003213e+07
1.290914479367274659e+00 1.467996499720678106e+07
1.351137202901832923e+00 1.381689390244597942e+07
1.414169389408483246e+00 1.287046749415797181e+07
1.480142103736643344e+00 1.209139046054875106e+07
1.549192525069651882e+00 1.102883986745753884e+07
1.621464232165851449e+00 9.942726396502578631e+06
1.697107501906508942e+00 9.020635171730713919e+06
1.776279621771362560e+00 8.048042925793726929e+06
1.859145216891527452e+00 7.237435060017324984e+06
1.945876592359817581e+00 6.414222057831706479e+06
2.036654091510258002e+00 5.821044211277997121e+06
2.131666470911770972e+00 5.306342609680152498e+06
2.231111292855769257e+00 5.048104189865817316e+06
2.335195336153773393e+00 4.580451427549405023e+06
2.444135026099235386e+00 4.231077616321664304e+06
2.558156884487600369e+00 3.904257278974208515e+06
2.677498000630348152e+00 3.693783477942201309e+06
2.802406524342412553e+00 3.517951619338672142e+06
2.933142181928062087e+00 3.310190421830990817e+06
