3.069976816238139533e-02 9.097569097262685299e+08
3.213194951921637121e-02 9.308734938847146034e+08
3.363094387046929729e-02 9.627928681731621027e+08
3.519986812322865172e-02 1.279770452665208817e+09
3.684198459207260745e-02 8.403343543775360584e+08
3.856070778250449138e-02 6.824230764251892567e+08
4.035961149084377197e-02 6.892578994516894817e+08
4.224243623533543990e-02 1.007526077794647932e+09
4.421309703392971302e-02 7.395807113739242554e+08
4.627569154490460829e-02 8.303481999820202589e+08
4.843450858725836805e-02 7.286804382074104548e+08
5.069403705858849252e-02 7.195962898794906139e+08
5.305897526900069106e-02 8.096150829508361816e+08
5.553424071045594268e-02 6.856923287833045721e+08
5.812498028186940946e-02 6.150951935909097195e+08
6.083658099122266766e-02 7.085885076679103374e+08
6.367468115694234487e-02 6.390658318053371906e+08
6.664518213183667772e-02 6.880304092006822824e+08
6.975426057396794111e-02 6.877209760123461485e+08
7.300838128997587384e-02 6.099201411930434704e+08
7.641431067755764805e-02 5.592266120381580591e+08
7.997913079505601652e-02 5.830811206863012314e+08
8.371025408741054885e-02 5.436172107466335297e+08
8.761543879909236554e-02 5.399254531542348862e+08
9.170280510607109470e-02 5.097907400394046307e+08
9.598085200035742781e-02 4.602293174441905022e+08
1.004584749622301765e-01 4.590695626242543459e+08
1.051449844568940195e-01 4.427420278133955598e+08
1.100501252940287722e-01 4.331199586317431331e+08
1.151840968904851020e-01 4.187751586768946052e+08
1.205575744782594882e-01 3.714757500869188905e+08
1.261817313018468445e-01 4.261100126155966520e+08
1.320682618511266337e-01 3.465430344313780069e+08
1.382294061780912076e-01 3.108597197389056683e+08
1.446779753479788821e-01 3.141533000568004847e+08
1.514273780777332656e-01 2.972092851991702318e+08
1.584916486171791816e-01 3.021194429934278727e+08
1.658854759308886484e-01 2.626798394990250468e+08
1.736242342414167639e-01 2.687609592364517450e+08
1.817240149974163610e-01 2.357830469683038294e+08
1.902016603331038169e-01 2.371250439166143537e+08
1.990747980886495849e-01 2.242848261375460029e+08
2.083618784643124222e-01 2.050186080873105824e+08
2.180822123845329585e-01 1.933904295241278112e+08
2.282560116517592663e-01 1.870935771130622029e+08
2.389044309734965343e-01 1.689496733357120454e+08
2.500496119499697190e-01 1.672948903107673824e+08
2.617147291138638421e-01 1.525424901376602650e+08
2.739240381178740802e-01 1.441977433646754920e+08
2.867029261702632170e-01 1.349444724492621720e+08
3.000779648232989039e-01 1.299627085188850611e+08
3.140769652243355914e-01 1.207216616880614161e+08
3.287290359444262067e-01 1.065924741460509598e+08
3.440646435047088891e-01 1.065207935668013543e+08
3.601156757264223351e-01 9.977839675834603608e+07
3.769155080362766030e-01 9.075019099707953632e+07
3.944990728650497602e-01 8.563486156895346940e+07
4.129029322837124427e-01 8.277556870453938842e+07
4.321653540281166217e-01 7.507423210559470952e+07
4.523263910703274604e-01 7.236511434045293927e+07
4.734279649020536884e-01 6.644553206047649682e+07
4.955139527033520785e-01 6.294578466409252584e+07
5.186302785778565960e-01 5.968252396921874583e+07
5.428250090442419129e-01 5.572774133535914123e+07
5.681484529824789576e-01 5.264019868758600950e+07
5.946532662427046478e-01 4.883923302173690498e+07
6.223945611342215356e-01 4.657740789475151896e+07
6.514300210222929710e-01 4.419447821452627331e+07
6.818200202710160696e-01 4.163564223263095319e+07
7.136277497816758686e-01 3.817746351902154833e+07
7.469193483876155337e-01 3.681827139432553202e+07
7.817640403788362891e-01 3.453879550364711136e+07
8.182342794422867716e-01 3.220606115752680227e+07
8.564058993171398404e-01 3.006218761562822387e+07
8.963582714783228100e-01 2.817504786862673610e+07
9.381744701761730587e-01 2.617649205163782090e+07
9.819414451753946116e-01 2.451724533607941493e+07
1.027750202552496051e+00 2.281653573894373327e+07
1.075695993927647365e+00 2.133452130812722817e+07
1.125878514524432994e+00 1.968360345780658349e+07
1.178402110469330522e+00 1.823191983970306814e+07
1.233375995761962995e+00 1.690278756667374447e+07
1.290914479367274659e+00 1.585685174094297737e+07
1.351137202901832923e+00 1.463105175043469667e+07
1.414169389408483246e+00 1.364212976529567316e+07
1.480142103736643344e+00 1.252881282372202910e+07
1.549192525069651882e+00 1.148778423166186176e+07
1.621464232165851449e+00 1.070651558510482125e+07
1.697107501906508942e+00 9.740629245588786900e+06
1.776279621771362560e+00 8.889864385003626347e+06
1.859145216891527452e+00 7.955007232420965098e+06
1.945876592359817581e+00 7.215848494592757896e+06
2.036654091510258002e+00 6.473592266873810440e+06
2.131666470911770972e+00 5.924198946739587933e+06
2.231111292855769257e+00 5.350600164401382208e+06
2.335195336153773393e+00 4.934337147563273087e+06
2.444135026099235386e+00 4.540914030850197189e+06
2.558156884487600369e+00 4.139953594664300326e+06
2.677498000630348152e+00 3.802435239213505760e+06
2.802406524342412553e+00 3.461675588808580302e+06
2.933142181928062087e+00 3.188333177681732923e+06
