3.069976816238139533e-02 1.960667910173048973e+09
3.213194951921637121e-02 1.567232617584451675e+09
3.363094387046929729e-02 1.401058701679593086e+09
3.519986812322865172e-02 1.712083082228395700e+09
3.684198459207260745e-02 1.883877536597986460e+09
3.856070778250449138e-02 1.650409369457093000e+09
4.035961149084377197e-02 1.257188997932600498e+09
4.224243623533543990e-02 1.274566151380186558e+09
4.421309703392971302e-02 1.293816815068115711e+09
4.627569154490460829e-02 1.071717162514745474e+09
4.843450858725836805e-02 1.143423854458067417e+09
5.069403705858849252e-02 8.732926148837450743e+08
5.305897526900069106e-02 9.684309662528972626e+08
5.553424071045594268e-02 9.729012338775978088e+08
5.812498028186940946e-02 7.836555856970728636e+08
6.083658099122266766e-02 7.898957698411136866e+08
6.367468115694234487e-02 7.360056621747111082e+08
6.664518213183667772e-02 7.111778181170271635e+08
6.975426057396794111e-02 7.249751441492912769e+08
7.300838128997587384e-02 6.814591967545541525e+08
7.641431067755764805e-02 6.436802184205147028e+08
7.997913079505601652e-02 6.168022203330941200e+08
8.371025408741054885e-02 5.698398898947182894e+08
8.761543879909236554e-02 6.020975011825509071e+08
9.170280510607109470e-02 5.150994294368262887e+08
9.598085200035742781e-02 4.793774175839323997e+08
1.004584749622301765e-01 4.896846074597859383e+08
1.051449844568940195e-01 4.537747448124999404e+08
1.100501252940287722e-01 3.991842325734162331e+08
1.151840968904851020e-01 3.994514155047899485e+08
1.205575744782594882e-01 3.740844327139528394e+08
1.261817313018468445e-01 3.418478137251978517e+08
1.320682618511266337e-01 3.230403041922581196e+08
1.382294061780912076e-01 2.769892402316684127e+08
1.446779753479788821e-01 2.840871131315354109e+08
1.514273780777332656e-01 2.527619062929897010e+08
1.584916486171791816e-01 2.504089826179732680e+08
1.658854759308886484e-01 2.228226368768657148e+08
1.736242342414167639e-01 2.075532661325406432e+08
1.817240149974163610e-01 1.764901317506600618e+08
1.902016603331038169e-01 1.509122873523213565e+08
1.990747980886495849e-01 1.337303188808053732e+08
2.083618784643124222e-01 1.253203286819244325e+08
2.180822123845329585e-01 1.025746073397982419e+08
2.282560116517592663e-01 9.595708733439670503e+07
2.389044309734965343e-01 8.573703995263610780e+07
2.500496119499697190e-01 6.728235680662830174e+07
2.617147291138638421e-01 6.197776219654140621e+07
2.739240381178740802e-01 5.505062561377613246e+07
2.867029261702632170e-01 4.924687976154088229e+07
3.000779648232989039e-01 4.428336912374686450e+07
3.140769652243355914e-01 4.329818414129067957e+07
3.287290359444262067e-01 3.796709427590948343e+07
3.440646435047088891e-01 2.969906656521369889e+07
3.601156757264223351e-01 2.528875092727434263e+07
3.769155080362766030e-01 2.151294119181389734e+07
3.944990728650497602e-01 1.960504688052361831e+07
4.129029322837124427e-01 1.716648870487955213e+07
4.321653540281166217e-01 1.517937371351410262e+07
4.523263910703274604e-01 1.264252501157847047e+07
4.734279649020536884e-01 1.106270902074743249e+07
4.955139527033520785e-01 9.063570604741428047e+06
5.186302785778565960e-01 8.495953921597829089e+06
5.428250090442419129e-01 6.818227644356723875e+06
5.681484529824789576e-01 6.571398970465966500e+06
5.946532662427046478e-01 6.344116431842191145e+06
6.223945611342215356e-01 5.570935834622163326e+06
6.514300210222929710e-01 5.393816207983046770e+06
6.818200202710160696e-01 5.250984034408949316e+06
7.136277497816758686e-01 4.642987665704607964e+06
7.469193483876155337e-01 5.239636594496265054e+06
7.817640403788362891e-01 4.663473871868453920e+06
8.182342794422867716e-01 4.184215292167416774e+06
8.564058993171398404e-01 3.629700563373493962e+06
8.963582714783228100e-01 2.986031007594686002e+06
9.381744701761730587e-01 2.666390624712327961e+06
9.819414451753946116e-01 2.066691498893049546e+06
1.027750202552496051e+00 1.970137116958375322e+06
1.075695993927647365e+00 1.809029196683051996e+06
1.125878514524432994e+00 1.693420516737430124e+06
1.178402110469330522e+00 1.473911110615723301e+06
1.233375995761962995e+00 1.335445453373984899e+06
1.290914479367274659e+00 1.143429337241556728e+06
1.351137202901832923e+00 1.120019509909924120e+06
1.414169389408483246e+00 1.139716551697835559e+06
1.480142103736643344e+00 1.109805851214423776e+06
1.549192525069651882e+00 1.286263059678816237e+06
1.621464232165851449e+00 1.494420493833331624e+06
1.697107501906508942e+00 1.273629641695938772e+06
1.776279621771362560e+00 1.057998848212228157e+06
1.859145216891527452e+00 9.899456800282087643e+05
1.945876592359817581e+00 9.129772203604734968e+05
2.036654091510258002e+00 8.216932062819951680e+05
2.131666470911770972e+00 8.260191105085264426e+05
2.231111292855769257e+00 7.359667581063039834e+05
2.335195336153773393e+00 5.978092041200830135e+05
2.444135026099235386e+00 5.298880087095537456e+05
2.558156884487600369e+00 5.041769614464385668e+05
2.677498000630348152e+00 5.006538846035895403e+05
2.802406524342412553e+00 4.752055223319156794e+05
2.933142181928062087e+00 4.531488535502948798e+05
