3.069976816238139533e-02 1.127213980813079357e+09
3.213194951921637121e-02 8.669538428247321844e+08
3.363094387046929729e-02 4.028010279616144300e+08
3.519986812322865172e-02 7.332593639751348495e+08
3.684198459207260745e-02 1.282121553653035164e+09
3.856070778250449138e-02 8.909612272417647839e+08
4.035961149084377197e-02 7.931020458924849033e+08
4.224243623533543990e-02 7.915941955651980639e+08
4.421309703392971302e-02 6.466947538082145452e+08
4.627569154490460829e-02 7.931193510658080578e+08
4.843450858725836805e-02 7.120740844123845100e+08
5.069403705858849252e-02 7.522727885790500641e+08
5.305897526900069106e-02 8.014329603229693174e+08
5.553424071045594268e-02 8.119398529769389629e+08
5.812498028186940946e-02 5.724453420272958279e+08
6.083658099122266766e-02 6.361559596921744347e+08
6.367468115694234487e-02 5.853005396287102699e+08
6.664518213183667772e-02 7.217013422385572195e+08
6.975426057396794111e-02 6.206618558798353672e+08
7.300838128997587384e-02 5.841215101826637983e+08
7.641431067755764805e-02 4.840914414410877824e+08
7.997913079505601652e-02 5.726748467441344261e+08
8.371025408741054885e-02 5.321504549311547279e+08
8.761543879909236554e-02 4.893519096870217919e+08
9.170280510607109470e-02 4.980119256483313441e+08
9.598085200035742781e-02 4.677400750671300888e+08
1.004584749622301765e-01 4.503579911301121116e+08
1.051449844568940195e-01 4.211491406151853800e+08
1.100501252940287722e-01 3.990181070574876666e+08
1.151840968904851020e-01 4.327470450217021108e+08
1.205575744782594882e-01 3.891299784888857603e+08
1.261817313018468445e-01 3.875018801445168257e+08
1.320682618511266337e-01 3.239060428360077739e+08
1.382294061780912076e-01 3.455357607038767934e+08
1.446779753479788821e-01 3.328961714431053400e+08
1.514273780777332656e-01 2.951248927161118388e+08
1.584916486171791816e-01 2.951677978238508701e+08
1.658854759308886484e-01 2.627734600673964024e+08
1.736242342414167639e-01 2.672496141568517983e+08
1.817240149974163610e-01 2.266119268510891497e+08
1.902016603331038169e-01 2.258519289766638577e+08
1.990747980886495849e-01 2.191455540368386805e+08
2.083618784643124222e-01 2.074544707411372960e+08
2.180822123845329585e-01 1.875326150582688749e+08
2.282560116517592663e-01 1.808638121939663887e+08
2.389044309734965343e-01 1.652442922474358380e+08
2.500496119499697190e-01 1.611110912036244869e+08
2.617147291138638421e-01 1.540560967921108007e+08
2.739240381178740802e-01 1.408017366136382222e+08
2.867029261702632170e-01 1.365092411110012531e+08
3.000779648232989039e-01 1.287367523082262576e+08
3.140769652243355914e-01 1.222045156847074628e+08
3.287290359444262067e-01 1.110034716194449812e+08
3.440646435047088891e-01 1.046957384474196136e+08
3.601156757264223351e-01 9.780939296606004238e+07
3.769155080362766030e-01 9.322294295081523061e+07
3.944990728650497602e-01 8.753556272951900959e+07
4.129029322837124427e-01 8.315478392530259490e+07
4.321653540281166217e-01 7.606790690629038215e+07
4.523263910703274604e-01 7.101209651578606665e+07
4.734279649020536884e-01 6.673509786391239613e+07
4.955139527033520785e-01 6.324736462323421985e+07
5.186302785778565960e-01 6.004588174062162638e+07
5.428250090442419129e-01 5.731525577845299989e+07
5.681484529824789576e-01 5.291527185017171502e+07
5.946532662427046478e-01 5.012082990086259693e+07
6.223945611342215356e-01 4.813349706560394913e+07
6.514300210222929710e-01 4.429782576512291282e+07
6.818200202710160696e-01 4.143733253991552442e+07
7.136277497816758686e-01 3.835332370183904469e+07
7.469193483876155337e-01 3.739901444089283049e+07
7.817640403788362891e-01 3.468261600220910460e+07
8.182342794422867716e-01 3.189599129683349282e+07
8.564058993171398404e-01 3.093992027152337506e+07
8.963582714783228100e-01 2.847302554339606315e+07
9.381744701761730587e-01 2.650144707153879106e+07
9.819414451753946116e-01 2.484048489829314500e+07
1.027750202552496051e+00 2.336794898734783009e+07
1.075695993927647365e+00 2.175439774065833166e+07
1.125878514524432994e+00 2.047302433997607231e+07
1.178402110469330522e+00 1.931552522217507288e+07
1.233375995761962995e+00 1.820769786658456922e+07
1.290914479367274659e+00 1.687083914334192127e+07
1.351137202901832923e+00 1.562520299201679789e+07
1.414169389408483246e+00 1.422675933261089958e+07
1.480142103736643344e+00 1.334964018958317861e+07
1.549192525069651882e+00 1.219199190438505262e+07
1.621464232165851449e+00 1.140964300158547051e+07
1.697107501906508942e+00 1.043111841230009124e+07
1.776279621771362560e+00 9.417796783255089074e+06
1.859145216891527452e+00 8.487027660763993859e+06
1.945876592359817581e+00 7.816191026801028289e+06
2.036654091510258002e+00 7.033126428468522616e+06
2.131666470911770972e+00 6.297407316719350405e+06
2.231111292855769257e+00 5.660145308626916260e+06
2.335195336153773393e+00 5.137010042310378514e+06
2.444135026099235386e+00 4.653925257423676550e+06
2.558156884487600369e+00 4.249567224366615526e+06
2.677498000630348152e+00 3.870695783665679861e+06
2.802406524342412553e+00 3.549417263232626487e+06
2.933142181928062087e+00 3.258916919642045163e+06
