3.069976816238139533e-02 1.141096608381380081e+09
3.213194951921637121e-02 1.276709384312766790e+09
3.363094387046929729e-02 9.347567191074477434e+08
3.519986812322865172e-02 9.953188935646936893e+08
3.684198459207260745e-02 7.857856368411965370e+08
3.856070778250449138e-02 1.082184463807209492e+09
4.035961149084377197e-02 8.386096275832942724e+08
4.224243623533543990e-02 9.564771040941011906e+08
4.421309703392971302e-02 9.692199330942286253e+08
4.627569154490460829e-02 9.125275225718634129e+08
4.843450858725836805e-02 9.047690448085780144e+08
5.069403705858849252e-02 8.656887353554650545e+08
5.305897526900069106e-02 6.591239045010488033e+08
5.553424071045594268e-02 6.519046602424058914e+08
5.812498028186940946e-02 7.513471087234737873e+08
6.083658099122266766e-02 6.712494412480678558e+08
6.367468115694234487e-02 6.843405735196176767e+08
6.664518213183667772e-02 6.001254619273031950e+08
6.975426057396794111e-02 6.450777983395303488e+08
7.300838128997587384e-02 5.714642309082012177e+08
7.641431067755764805e-02 5.502729040667840242e+08
7.997913079505601652e-02 6.030117707913982868e+08
8.371025408741054885e-02 5.199414575425289869e+08
8.761543879909236554e-02 6.378303938051675558e+08
9.170280510607109470e-02 5.453821385371692181e+08
9.598085200035742781e-02 4.946469705149824619e+08
1.004584749622301765e-01 4.923157040211330056e+08
1.051449844568940195e-01 4.859544170006092787e+08
1.100501252940287722e-01 4.448547917610744238e+08
1.151840968904851020e-01 4.178269008682985306e+08
1.205575744782594882e-01 3.792117022914352417e+08
1.261817313018468445e-01 3.971147641627090573e+08
1.320682618511266337e-01 3.552335906485791802e+08
1.382294061780912076e-01 3.216867037450178266e+08
1.446779753479788821e-01 2.904667867650212646e+08
1.514273780777332656e-01 2.963077713798270226e+08
1.584916486171791816e-01 2.506048381123566031e+08
1.658854759308886484e-01 2.627856257980839014e+08
1.736242342414167639e-01 2.564992633390182555e+08
1.817240149974163610e-01 2.467118877579307854e+08
1.902016603331038169e-01 2.164521824704915285e+08
1.990747980886495849e-01 2.132462993373227417e+08
2.083618784643124222e-01 2.044227059348065853e+08
2.180822123845329585e-01 1.838187049048350155e+08
2.282560116517592663e-01 1.846410507108619809e+08
2.389044309734965343e-01 1.639814342615336478e+08
2.500496119499697190e-01 1.616273603836907148e+08
2.617147291138638421e-01 1.459621406518137753e+08
2.739240381178740802e-01 1.387140377535156608e+08
2.867029261702632170e-01 1.318633717664633095e+08
3.000779648232989039e-01 1.248048409755385071e+08
3.140769652243355914e-01 1.169453673315961212e+08
3.287290359444262067e-01 1.077342686423932314e+08
3.440646435047088891e-01 1.050297544823587835e+08
3.601156757264223351e-01 9.428295899102851748e+07
3.769155080362766030e-01 9.229205308487567306e+07
3.944990728650497602e-01 8.815695859377042949e+07
4.129029322837124427e-01 8.032760161020149291e+07
4.321653540281166217e-01 7.666674697881163657e+07
4.523263910703274604e-01 7.237582706572757661e+07
4.734279649020536884e-01 6.833786896524672210e+07
4.955139527033520785e-01 6.433592515473429859e+07
5.186302785778565960e-01 5.936236221128000319e+07
5.428250090442419129e-01 5.573550502094575763e+07
5.681484529824789576e-01 5.167833538698007166e+07
5.946532662427046478e-01 4.864498732008507103e+07
6.223945611342215356e-01 4.612149981729179621e+07
6.514300210222929710e-01 4.250242120064987242e+07
6.818200202710160696e-01 4.030405758989764750e+07
7.136277497816758686e-01 3.863721253590257466e+07
7.469193483876155337e-01 3.597158941837840527e+07
7.817640403788362891e-01 3.415163973092941940e+07
8.182342794422867716e-01 3.136783565586613491e+07
8.564058993171398404e-01 2.910323710266190767e+07
8.963582714783228100e-01 2.693378349346585572e+07
9.381744701761730587e-01 2.546291509513565525e+07
9.819414451753946116e-01 2.362790149759131670e+07
1.027750202552496051e+00 2.191950651637208834e+07
1.075695993927647365e+00 2.017923543311166763e+07
1.125878514524432994e+00 1.892153532433899119e+07
1.178402110469330522e+00 1.748151674610427395e+07
1.233375995761962995e+00 1.650612377711462788e+07
1.290914479367274659e+00 1.556978533666560240e+07
1.351137202901832923e+00 1.419354840351471491e+07
1.414169389408483246e+00 1.292378092574827746e+07
1.480142103736643344e+00 1.189511046246184595e+07
1.549192525069651882e+00 1.076099039583459496e+07
1.621464232165851449e+00 9.884724402022149414e+06
1.697107501906508942e+00 9.001494073966354132e+06
1.776279621771362560e+00 8.292945493044774048e+06
1.859145216891527452e+00 7.525187353307420388e+06
1.945876592359817581e+00 7.008967182418802753e+06
2.036654091510258002e+00 6.417873742547673173e+06
2.131666470911770972e+00 5.823777504707935266e+06
2.231111292855769257e+00 5.296944007454532199e+06
2.335195336153773393e+00 4.861664736502044834e+06
2.444135026099235386e+00 4.452165524125283584e+06
2.558156884487600369e+00 4.134751164003362879e+06
2.677498000630348152e+00 3.773261247073959094e+06
2.802406524342412553e+00 3.439009871149094775e+06
2.933142181928062087e+00 3.153591401999130845e+06
