3.069976816238139533e-02 7.531770092517842054e+08
3.213194951921637121e-02 8.448911231994251013e+08
3.363094387046929729e-02 7.127535925873645544e+08
3.519986812322865172e-02 8.082832853533890247e+08
3.684198459207260745e-02 7.344593014508054256e+08
3.856070778250449138e-02 6.116825702596440315e+08
4.035961149084377197e-02 5.713067147891026735e+08
4.224243623533543990e-02 6.244664344520576000e+08
4.421309703392971302e-02 7.132524422217656374e+08
4.627569154490460829e-02 6.549558282912379503e+08
4.843450858725836805e-02 6.409909387107381821e+08
5.069403705858849252e-02 7.225495112150274515e+08
5.305897526900069106e-02 6.854829830566483736e+08
5.553424071045594268e-02 7.068133739654505253e+08
5.812498028186940946e-02 6.621929946157310009e+08
6.083658099122266766e-02 6.454783242009844780e+08
6.367468115694234487e-02 5.823589316561306715e+08
6.664518213183667772e-02 6.025658393641716242e+08
6.975426057396794111e-02 5.679672409369974136e+08
7.300838128997587384e-02 6.257983308947370052e+08
7.641431067755764805e-02 5.858834578611719608e+08
7.997913079505601652e-02 6.033627238834326267e+08
8.371025408741054885e-02 5.636824440805075169e+08
8.761543879909236554e-02 5.557229769973206520e+08
9.170280510607109470e-02 5.269711069618345499e+08
9.598085200035742781e-02 4.668473323008140326e+08
1.004584749622301765e-01 4.484543890935485363e+08
1.051449844568940195e-01 4.787861291301236153e+08
1.100501252940287722e-01 4.338980186428000331e+08
1.151840968904851020e-01 3.701430781810548902e+08
1.205575744782594882e-01 3.554061094540485144e+08
1.261817313018468445e-01 3.516715075826395154e+08
1.320682618511266337e-01 3.199837796773856282e+08
1.382294061780912076e-01 3.383842410309355855e+08
1.446779753479788821e-01 3.296870328950268030e+08
1.514273780777332656e-01 2.982597179856224060e+08
1.584916486171791816e-01 2.792314350928588510e+08
1.658854759308886484e-01 2.708674020717608333e+08
1.736242342414167639e-01 2.590734134749810100e+08
1.817240149974163610e-01 2.386080183042560518e+08
1.902016603331038169e-01 2.350086947127737999e+08
1.990747980886495849e-01 2.207179169834996760e+08
2.083618784643124222e-01 2.030678782956842184e+08
2.180822123845329585e-01 1.882766154190382957e+08
2.282560116517592663e-01 1.833258103668410778e+08
2.389044309734965343e-01 1.707671127588016093e+08
2.500496119499697190e-01 1.669906745130324364e+08
2.617147291138638421e-01 1.505143630653927922e+08
2.739240381178740802e-01 1.381698675428051651e+08
2.867029261702632170e-01 1.349723990719060302e+08
3.000779648232989039e-01 1.283381360012581050e+08
3.140769652243355914e-01 1.187544927098105699e+08
3.287290359444262067e-01 1.144905050881256461e+08
3.440646435047088891e-01 1.080672236069520414e+08
3.601156757264223351e-01 9.726982660962726176e+07
3.769155080362766030e-01 9.393337377814766765e+07
3.944990728650497602e-01 8.978751593912397325e+07
4.129029322837124427e-01 8.079441393249858916e+07
4.321653540281166217e-01 7.591317023336780071e+07
4.523263910703274604e-01 7.299766476580229402e+07
4.734279649020536884e-01 6.792107831512890756e+07
4.955139527033520785e-01 6.416470255106040835e+07
5.186302785778565960e-01 5.903529214198331535e+07
5.428250090442419129e-01 5.761190929134447873e+07
5.681484529824789576e-01 5.272501857282309979e+07
5.946532662427046478e-01 5.063500284659352154e+07
6.223945611342215356e-01 4.706776201102028787e+07
6.514300210222929710e-01 4.425237164769911766e+07
6.818200202710160696e-01 4.122993378869403899e+07
7.136277497816758686e-01 3.892562556008975953e+07
7.469193483876155337e-01 3.711323630444403738e+07
7.817640403788362891e-01 3.389188879695633799e+07
8.182342794422867716e-01 3.259067099521655589e+07
8.564058993171398404e-01 2.985365526479192078e+07
8.963582714783228100e-01 2.856117749639354274e+07
9.381744701761730587e-01 2.649297916989002004e+07
9.819414451753946116e-01 2.468420815908990428e+07
1.027750202552496051e+00 2.323804249728255346e+07
1.075695993927647365e+00 2.236961941945833340e+07
1.125878514524432994e+00 2.072714136952377856e+07
1.178402110469330522e+00 1.953761048796112463e+07
1.233375995761962995e+00 1.821345995880361646e+07
1.290914479367274659e+00 1.695227525499884412e+07
1.351137202901832923e+00 1.548698723014970496e+07
1.414169389408483246e+00 1.443967161915199272e+07
1.480142103736643344e+00 1.333688519471717440e+07
1.549192525069651882e+00 1.230874162085971609e+07
1.621464232165851449e+00 1.142430904347909801e+07
1.697107501906508942e+00 1.041729614211508073e+07
1.776279621771362560e+00 9.474095966092258692e+06
1.859145216891527452e+00 8.603045143585778773e+06
1.945876592359817581e+00 7.788973900740250945e+06
2.036654091510258002e+00 6.969119825861214660e+06
2.131666470911770972e+00 6.292270019341193140e+06
2.231111292855769257e+00 5.674638536283421330e+06
2.335195336153773393e+00 5.032498552605644800e+06
2.444135026099235386e+00 4.619634212085794657e+06
2.558156884487600369e+00 4.199457774196797982e+06
2.677498000630348152e+00 3.852059644618448336e+06
2.802406524342412553e+00 3.546479931187459733e+06
2.933142181928062087e+00 3.230930674767321441e+06
