3.069976816238139533e-02 5.741799337071633339e+08
3.213194951921637121e-02 6.184595227769095898e+08
3.363094387046929729e-02 7.739451656528744698e+08
3.519986812322865172e-02 5.641299594229867458e+08
3.684198459207260745e-02 6.507148777176246643e+08
3.856070778250449138e-02 6.277660836313503981e+08
4.035961149084377197e-02 6.620478200822914839e+08
4.224243623533543990e-02 6.739923836681468487e+08
4.421309703392971302e-02 7.024303720872343779e+08
4.627569154490460829e-02 5.454352003170490265e+08
4.843450858725836805e-02 6.189522568403837681e+08
5.069403705858849252e-02 6.950360493020431995e+08
5.305897526900069106e-02 7.314383988200976849e+08
5.553424071045594268e-02 5.973792641900246143e+08
5.812498028186940946e-02 7.363440783659888506e+08
6.083658099122266766e-02 6.364573033526843786e+08
6.367468115694234487e-02 5.992264786618574858e+08
6.664518213183667772e-02 5.725194988515197039e+08
6.975426057396794111e-02 6.091531434872360229e+08
7.300838128997587384e-02 5.448155118403298855e+08
7.641431067755764805e-02 5.456304794844809771e+08
7.997913079505601652e-02 5.843406344058746099e+08
8.371025408741054885e-02 5.412222906139278412e+08
8.761543879909236554e-02 5.088183376136481762e+08
9.170280510607109470e-02 4.781672826610009670e+08
9.598085200035742781e-02 4.458808242733215690e+08
1.004584749622301765e-01 4.363394121389489174e+08
1.051449844568940195e-01 4.580746462427572608e+08
1.100501252940287722e-01 4.632739268154512644e+08
1.151840968904851020e-01 4.028536835814353824e+08
1.205575744782594882e-01 4.003376712932890654e+08
1.261817313018468445e-01 3.706823825235500336e+08
1.320682618511266337e-01 3.438715764714414477e+08
1.382294061780912076e-01 3.323648960049427748e+08
1.446779753479788821e-01 3.150385670539488792e+08
1.514273780777332656e-01 2.986138069288093448e+08
1.584916486171791816e-01 2.998230126152896285e+08
1.658854759308886484e-01 2.696219933539081812e+08
1.736242342414167639e-01 2.561556916615119874e+08
1.817240149974163610e-01 2.546306164359076917e+08
1.902016603331038169e-01 2.484239202357154191e+08
1.990747980886495849e-01 2.142303163084201813e+08
2.083618784643124222e-01 2.021591970217712522e+08
2.180822123845329585e-01 1.881843119784119129e+08
2.282560116517592663e-01 1.803998797678688169e+08
2.389044309734965343e-01 1.655380212945105433e+08
2.500496119499697190e-01 1.605329684276529253e+08
2.617147291138638421e-01 1.518139759117900729e+08
2.739240381178740802e-01 1.399144448637793958e+08
2.867029261702632170e-01 1.361232631963783503e+08
3.000779648232989039e-01 1.311104734040227979e+08
3.140769652243355914e-01 1.180352267108619064e+08
3.287290359444262067e-01 1.123864408731887341e+08
3.440646435047088891e-01 1.087654466771724820e+08
3.601156757264223351e-01 1.001711739079371840e+08
3.769155080362766030e-01 9.372252758080412447e+07
3.944990728650497602e-01 8.907171857404875755e+07
4.129029322837124427e-01 8.425591297863981128e+07
4.321653540281166217e-01 7.479880631469559669e+07
4.523263910703274604e-01 7.089383409462746978e+07
4.734279649020536884e-01 6.852609153708547354e+07
4.955139527033520785e-01 6.472408827898822725e+07
5.186302785778565960e-01 5.951452293658394367e+07
5.428250090442419129e-01 5.685050109385579079e+07
5.681484529824789576e-01 5.503161826225804538e+07
5.946532662427046478e-01 5.128460267105371505e+07
6.223945611342215356e-01 4.774076754174077511e+07
6.514300210222929710e-01 4.425221520792580396e+07
6.818200202710160696e-01 4.202064100000005215e+07
7.136277497816758686e-01 3.903263623249859363e+07
7.469193483876155337e-01 3.695732542706207186e+07
7.817640403788362891e-01 3.388803626002350450e+07
8.182342794422867716e-01 3.190553199704130739e+07
8.564058993171398404e-01 3.025164384806575626e+07
8.963582714783228100e-01 2.882784413484513015e+07
9.381744701761730587e-01 2.649228983055366203e+07
9.819414451753946116e-01 2.500657593661676347e+07
1.027750202552496051e+00 2.420974681883872300e+07
1.075695993927647365e+00 2.238265227045286819e+07
1.125878514524432994e+00 2.051627820040445030e+07
1.178402110469330522e+00 1.928184680183399096e+07
1.233375995761962995e+00 1.823501109863604978e+07
1.290914479367274659e+00 1.677165455500535294e+07
1.351137202901832923e+00 1.553195651646927558e+07
1.414169389408483246e+00 1.445641251243327186e+07
1.480142103736643344e+00 1.315977472310667299e+07
1.549192525069651882e+00 1.232608785515893996e+07
1.621464232165851449e+00 1.154728588321715407e+07
1.697107501906508942e+00 1.052501195529809408e+07
1.776279621771362560e+00 9.459222274541141465e+06
1.859145216891527452e+00 8.487078323042251170e+06
1.945876592359817581e+00 7.708591823016598821e+06
2.036654091510258002e+00 6.922181344937189482e+06
2.131666470911770972e+00 6.255916052079387940e+06
2.231111292855769257e+00 5.642735176081687212e+06
2.335195336153773393e+00 5.076790563223035075e+06
2.444135026099235386e+00 4.596403084104457870e+06
2.558156884487600369e+00 4.257073607391391881e+06
2.677498000630348152e+00 3.885826256922582164e+06
2.802406524342412553e+00 3.533582584869217128e+06
2.933142181928062087e+00 3.255497263893565163e+06
