3.069976816238139533e-02 7.129924299913599491e+08
3.213194951921637121e-02 8.651745082767331600e+08
3.363094387046929729e-02 1.055555457496946335e+09
3.519986812322865172e-02 7.399509145016040802e+08
3.684198459207260745e-02 6.604578557564724684e+08
3.856070778250449138e-02 6.661423359222840071e+08
4.035961149084377197e-02 9.970247609435746670e+08
4.224243623533543990e-02 9.604719323119438887e+08
4.421309703392971302e-02 7.146500212416002750e+08
4.627569154490460829e-02 6.564264331517164707e+08
4.843450858725836805e-02 8.559572971160943508e+08
5.069403705858849252e-02 6.755884194003782272e+08
5.305897526900069106e-02 8.810513525962599516e+08
5.553424071045594268e-02 8.268590258919285536e+08
5.812498028186940946e-02 6.886881997158051729e+08
6.083658099122266766e-02 8.110955946156445742e+08
6.367468115694234487e-02 6.577343804047254324e+08
6.664518213183667772e-02 7.033830773268580437e+08
6.975426057396794111e-02 7.042650834274671078e+08
7.300838128997587384e-02 5.374527729130694866e+08
7.641431067755764805e-02 5.266950769214470387e+08
7.997913079505601652e-02 5.521555629517897367e+08
8.371025408741054885e-02 5.835005825460051298e+08
8.761543879909236554e-02 5.726513016473340988e+08
9.170280510607109470e-02 5.458418749582220316e+08
9.598085200035742781e-02 5.077216110389650464e+08
1.004584749622301765e-01 4.869479350691660643e+08
1.051449844568940195e-01 4.416886900254432559e+08
1.100501252940287722e-01 4.621514378242748976e+08
1.151840968904851020e-01 4.065297366337876320e+08
1.205575744782594882e-01 4.127856072974314690e+08
1.261817313018468445e-01 3.795300307831557989e+08
1.320682618511266337e-01 3.636346889079078436e+08
1.382294061780912076e-01 3.516743147382637262e+08
1.446779753479788821e-01 3.266629597464146018e+08
1.514273780777332656e-01 3.239611111971211433e+08
1.584916486171791816e-01 2.899504489549235702e+08
1.658854759308886484e-01 2.820391727016549110e+08
1.736242342414167639e-01 2.681429415393392146e+08
1.817240149974163610e-01 2.646120844138033092e+08
1.902016603331038169e-01 2.284018986911991239e+08
1.990747980886495849e-01 2.256619392859596610e+08
2.083618784643124222e-01 2.149426695903877616e+08
2.180822123845329585e-01 1.961260396540669799e+08
2.282560116517592663e-01 1.825435409000031650e+08
2.389044309734965343e-01 1.704593009128946960e+08
2.500496119499697190e-01 1.567118713195244968e+08
2.617147291138638421e-01 1.517668769980699122e+08
2.739240381178740802e-01 1.452639023853582740e+08
2.867029261702632170e-01 1.395958327703002393e+08
3.000779648232989039e-01 1.282640151764916182e+08
3.140769652243355914e-01 1.223646543083327562e+08
3.287290359444262067e-01 1.088288355618416965e+08
3.440646435047088891e-01 1.078125374105539471e+08
3.601156757264223351e-01 1.009051857897013128e+08
3.769155080362766030e-01 9.188539008907593787e+07
3.944990728650497602e-01 8.838588982132601738e+07
4.129029322837124427e-01 8.245728078615707159e+07
4.321653540281166217e-01 7.502388052567499876e+07
4.523263910703274604e-01 7.158490780170033872e+07
4.734279649020536884e-01 6.792174728289914131e+07
4.955139527033520785e-01 6.251715017620775849e+07
5.186302785778565960e-01 6.029300174753645062e+07
5.428250090442419129e-01 5.539761284679771215e+07
5.681484529824789576e-01 5.362432686553472281e+07
5.946532662427046478e-01 5.099699788364857435e+07
6.223945611342215356e-01 4.550202781366303563e+07
6.514300210222929710e-01 4.258775715338383615e+07
6.818200202710160696e-01 4.033701862595672160e+07
7.136277497816758686e-01 3.801890449458166212e+07
7.469193483876155337e-01 3.519237287774566561e+07
7.817640403788362891e-01 3.346247354868781194e+07
8.182342794422867716e-01 3.157959172031283751e+07
8.564058993171398404e-01 2.980318053289371729e+07
8.963582714783228100e-01 2.715336114923566580e+07
9.381744701761730587e-01 2.573877862031587958e+07
9.819414451753946116e-01 2.401890180244073644e+07
1.027750202552496051e+00 2.253526582894440368e+07
1.075695993927647365e+00 2.068951143744762987e+07
1.125878514524432994e+00 1.914711489498783275e+07
1.178402110469330522e+00 1.800307031300033629e+07
1.233375995761962995e+00 1.674669324970012344e+07
1.290914479367274659e+00 1.526434598472927883e+07
1.351137202901832923e+00 1.393494343011975288e+07
1.414169389408483246e+00 1.316909289885838889e+07
1.480142103736643344e+00 1.195329017200302891e+07
1.549192525069651882e+00 1.082892403611568362e+07
1.621464232165851449e+00 1.002627231225473434e+07
1.697107501906508942e+00 9.164364875778388232e+06
1.776279621771362560e+00 8.396732582374157384e+06
1.859145216891527452e+00 7.544905681613916531e+06
1.945876592359817581e+00 6.954918585181001574e+06
2.036654091510258002e+00 6.389601094183725305e+06
2.131666470911770972e+00 5.911149985461637378e+06
2.231111292855769257e+00 5.405998816604479216e+06
2.335195336153773393e+00 4.876143963959457353e+06
2.444135026099235386e+00 4.506448029807073995e+06
2.558156884487600369e+00 4.144886492052030284e+06
2.677498000630348152e+00 3.793208274439915549e+06
2.802406524342412553e+00 3.455252704923551995e+06
2.933142181928062087e+00 3.219484651780858170e+06
