3.069976816238139533e-02 7.525796508323736191e+08
3.213194951921637121e-02 8.999504410520136356e+08
3.363094387046929729e-02 1.102019960012765884e+09
3.519986812322865172e-02 1.284774117694549084e+09
3.684198459207260745e-02 1.008622967596704483e+09
3.856070778250449138e-02 8.708542525407545567e+08
4.035961149084377197e-02 7.287616688639202118e+08
4.224243623533543990e-02 6.509560898896175623e+08
4.421309703392971302e-02 7.727034320332168341e+08
4.627569154490460829e-02 6.035080351237876415e+08
4.843450858725836805e-02 7.644477946480712891e+08
5.069403705858849252e-02 6.842078649193069935e+08
5.305897526900069106e-02 6.435130162403908968e+08
5.553424071045594268e-02 7.766439068075116873e+08
5.812498028186940946e-02 6.328651959289796352e+08
6.083658099122266766e-02 5.253760764766367674e+08
6.367468115694234487e-02 6.841434733096673489e+08
6.664518213183667772e-02 7.478015145831143856e+08
6.975426057396794111e-02 6.306303922254359722e+08
7.300838128997587384e-02 5.926141777593402863e+08
7.641431067755764805e-02 5.802111928797733784e+08
7.997913079505601652e-02 6.252546010940759182e+08
8.371025408741054885e-02 5.893162970092316866e+08
8.761543879909236554e-02 4.264264240194948316e+08
9.170280510607109470e-02 5.281036165928495526e+08
9.598085200035742781e-02 5.063590305628799796e+08
1.004584749622301765e-01 4.571801402126471996e+08
1.051449844568940195e-01 4.419438477683171034e+08
1.100501252940287722e-01 4.011411038101286888e+08
1.151840968904851020e-01 4.203206210267385244e+08
1.205575744782594882e-01 3.855871816991366744e+08
1.261817313018468445e-01 3.707981491037343740e+08
1.320682618511266337e-01 3.551589297808744311e+08
1.382294061780912076e-01 3.193256291800870299e+08
1.446779753479788821e-01 3.206345524281029105e+08
1.514273780777332656e-01 2.882866579872405529e+08
1.584916486171791816e-01 2.878684031117841005e+08
1.658854759308886484e-01 2.750013346801323295e+08
1.736242342414167639e-01 2.580589790413868725e+08
1.817240149974163610e-01 2.438851705937029719e+08
1.902016603331038169e-01 2.247010589708656371e+08
1.990747980886495849e-01 2.223284551956882775e+08
2.083618784643124222e-01 2.064606576176238358e+08
2.180822123845329585e-01 1.894355434330623150e+08
2.282560116517592663e-01 1.797079607456309795e+08
2.389044309734965343e-01 1.742448100378817618e+08
2.500496119499697190e-01 1.566729607589347064e+08
2.617147291138638421e-01 1.571979509547186196e+08
2.739240381178740802e-01 1.419689603340354264e+08
2.867029261702632170e-01 1.393301402491102815e+08
3.000779648232989039e-01 1.255092617120399177e+08
3.140769652243355914e-01 1.190627916567533463e+08
3.287290359444262067e-01 1.083150205951040089e+08
3.440646435047088891e-01 1.014396557195235491e+08
3.601156757264223351e-01 9.808715249688762426e+07
3.769155080362766030e-01 9.053507775206306577e+07
3.944990728650497602e-01 8.477513131898646057e+07
4.129029322837124427e-01 7.878741645149518549e+07
4.321653540281166217e-01 7.825250880995303392e+07
4.523263910703274604e-01 7.184374179399590194e+07
4.734279649020536884e-01 6.705355071804786474e+07
4.955139527033520785e-01 6.470097271631196886e+07
5.186302785778565960e-01 5.996362364375969023e+07
5.428250090442419129e-01 5.664983251413193345e+07
5.681484529824789576e-01 5.410211929715411365e+07
5.946532662427046478e-01 4.965676170214407146e+07
6.223945611342215356e-01 4.713751164662306011e+07
6.514300210222929710e-01 4.420961201487382501e+07
6.818200202710160696e-01 4.151115654675217718e+07
7.136277497816758686e-01 3.921664419424754381e+07
7.469193483876155337e-01 3.668281299473552406e+07
7.817640403788362891e-01 3.419119915352233499e+07
8.182342794422867716e-01 3.214710599176012352e+07
8.564058993171398404e-01 2.919455566974405572e+07
8.963582714783228100e-01 2.793480538442593813e+07
9.381744701761730587e-01 2.620580327312618494e+07
9.819414451753946116e-01 2.447612055797491223e+07
1.027750202552496051e+00 2.281988178349585459e+07
1.075695993927647365e+00 2.147660353129323572e+07
1.125878514524432994e+00 1.967064309954741970e+07
1.178402110469330522e+00 1.826383856290011853e+07
1.233375995761962995e+00 1.735225641671763361e+07
1.290914479367274659e+00 1.610165906553591788e+07
1.351137202901832923e+00 1.517747042078385875e+07
1.414169389408483246e+00 1.384362578283653595e+07
1.480142103736643344e+00 1.277628971367554739e+07
1.549192525069651882e+00 1.140755285167276114e+07
1.621464232165851449e+00 1.036887836667840742e+07
1.697107501906508942e+00 9.424787570060236380e+06
1.776279621771362560e+00 8.540691472455639392e+06
1.859145216891527452e+00 7.746640113997329026e+06
1.945876592359817581e+00 7.168887666490423493e+06
2.036654091510258002e+00 6.412841446628284641e+06
2.131666470911770972e+00 5.948740865530030802e+06
2.231111292855769257e+00 5.463284537924551405e+06
2.335195336153773393e+00 4.948873478219217621e+06
2.444135026099235386e+00 4.510810592213127762e+06
2.558156884487600369e+00 4.258696596041521989e+06
2.677498000630348152e+00 3.953500830872369464e+06
2.802406524342412553e+00 3.515769802807822358e+06
2.933142181928062087e+00 3.180856726636794861e+06
