3.069976816238139533e-02 3.446894618597844243e+08
3.213194951921637121e-02 2.258783014082916081e+08
3.363094387046929729e-02 1.418749711697252393e+08
3.519986812322865172e-02 2.327018300412820280e+08
3.684198459207260745e-02 2.309467204421569407e+08
3.856070778250449138e-02 1.953399259673896134e+08
4.035961149084377197e-02 7.245232158017680049e+07
4.224243623533543990e-02 1.545060533487643301e+08
4.421309703392971302e-02 2.107123876335049570e+08
4.627569154490460829e-02 1.302681904281211346e+08
4.843450858725836805e-02 1.691756407416868806e+08
5.069403705858849252e-02 1.169763272326966077e+08
5.305897526900069106e-02 7.640327252362300456e+07
5.553424071045594268e-02 1.059544564506937116e+08
5.812498028186940946e-02 1.128112604896719307e+08
6.083658099122266766e-02 1.085857032238534987e+08
6.367468115694234487e-02 1.054485415744469017e+08
6.664518213183667772e-02 8.791079552506309748e+07
6.975426057396794111e-02 1.294834995187233835e+08
7.300838128997587384e-02 7.855055217820480466e+07
7.641431067755764805e-02 8.212257515929166973e+07
7.997913079505601652e-02 8.925309039962653816e+07
8.371025408741054885e-02 6.529157067784798890e+07
8.761543879909236554e-02 9.084021232902674377e+07
9.170280510607109470e-02 8.581130253734715283e+07
9.598085200035742781e-02 7.981245412913067639e+07
1.004584749622301765e-01 7.246112531287218630e+07
1.051449844568940195e-01 7.084535512999629974e+07
1.100501252940287722e-01 7.916808555897894502e+07
1.151840968904851020e-01 7.265636450584457815e+07
1.205575744782594882e-01 7.864283474427922070e+07
1.261817313018468445e-01 6.891674729637497663e+07
1.320682618511266337e-01 5.939168137268165499e+07
1.382294061780912076e-01 5.281464794180946797e+07
1.446779753479788821e-01 4.644821188180574775e+07
1.514273780777332656e-01 4.552004869242091477e+07
1.584916486171791816e-01 3.710494354125774652e+07
1.658854759308886484e-01 4.357877617858239263e+07
1.736242342414167639e-01 3.854250304774671793e+07
1.817240149974163610e-01 3.537022412582766265e+07
1.902016603331038169e-01 3.259617676736572012e+07
1.990747980886495849e-01 3.522882482015490532e+07
2.083618784643124222e-01 3.140339076876817271e+07
2.180822123845329585e-01 2.835343791559188813e+07
2.282560116517592663e-01 2.381360100121219829e+07
2.389044309734965343e-01 2.166030584345642477e+07
2.500496119499697190e-01 2.119138920025642589e+07
2.617147291138638421e-01 2.148566477488005906e+07
2.739240381178740802e-01 1.878910677429317310e+07
2.867029261702632170e-01 1.516028566143773496e+07
3.000779648232989039e-01 1.490351234144215100e+07
3.140769652243355914e-01 1.364547565096948668e+07
3.287290359444262067e-01 1.338855549769970961e+07
3.440646435047088891e-01 1.220913150343520939e+07
3.601156757264223351e-01 1.160863107721596397e+07
3.769155080362766030e-01 1.109193719438480027e+07
3.944990728650497602e-01 1.010972011316944845e+07
4.129029322837124427e-01 1.041872409549906477e+07
4.321653540281166217e-01 9.542449021578004584e+06
4.523263910703274604e-01 9.412986935323175043e+06
4.734279649020536884e-01 8.671151418689804152e+06
4.955139527033520785e-01 8.698453737457714975e+06
5.186302785778565960e-01 8.421587654658235610e+06
5.428250090442419129e-01 7.659243500948847272e+06
5.681484529824789576e-01 7.887024371269486845e+06
5.946532662427046478e-01 7.917058158501061611e+06
6.223945611342215356e-01 7.201084875866788439e+06
6.514300210222929710e-01 6.782891430103999563e+06
6.818200202710160696e-01 6.634136234536842443e+06
7.136277497816758686e-01 6.716892913027803414e+06
7.469193483876155337e-01 6.411229584961644374e+06
7.817640403788362891e-01 6.434247763765514828e+06
8.182342794422867716e-01 6.343022288420408033e+06
8.564058993171398404e-01 6.020799423915870488e+06
8.963582714783228100e-01 5.878471268851763569e+06
9.381744701761730587e-01 5.518104119205847383e+06
9.819414451753946116e-01 5.353784851816968061e+06
1.027750202552496051e+00 5.244276599028361961e+06
1.075695993927647365e+00 4.973494294210111722e+06
1.125878514524432994e+00 4.994439460561507381e+06
1.178402110469330522e+00 4.878094367549803108e+06
1.233375995761962995e+00 4.915088890412303619e+06
1.290914479367274659e+00 4.728119025003338233e+06
1.351137202901832923e+00 4.750623629287580028e+06
1.414169389408483246e+00 4.775583355852167122e+06
1.480142103736643344e+00 4.600285994429667480e+06
1.549192525069651882e+00 4.516556686187040061e+06
1.621464232165851449e+00 4.384773758775033057e+06
1.697107501906508942e+00 4.149343448906856589e+06
1.776279621771362560e+00 4.025259838897060603e+06
1.859145216891527452e+00 4.035862175597873516e+06
1.945876592359817581e+00 3.812849236724727321e+06
2.036654091510258002e+00 3.610825520260328427e+06
2.131666470911770972e+00 3.496484806501728948e+06
2.231111292855769257e+00 3.334385936786632519e+06
2.335195336153773393e+00 3.261500463563082740e+06
2.444135026099235386e+00 3.146388648921631742e+06
2.558156884487600369e+00 2.845342339405889623e+06
2.677498000630348152e+00 2.612810640873912722e+06
2.802406524342412553e+00 2.421215309259396978e+06
2.933142181928062087e+00 2.200349586709619965e+06
