3.069976816238139533e-02 9.942143503003389835e+08
3.213194951921637121e-02 7.835638540787389278e+08
3.363094387046929729e-02 7.529937606950602531e+08
3.519986812322865172e-02 7.446195925013914108e+08
3.684198459207260745e-02 6.208403582308315039e+08
3.856070778250449138e-02 7.383441306375738382e+08
4.035961149084377197e-02 5.742378724333412647e+08
4.224243623533543990e-02 6.606055004301872253e+08
4.421309703392971302e-02 5.522678416937153339e+08
4.627569154490460829e-02 4.619469649372487068e+08
4.843450858725836805e-02 6.423096411524865627e+08
5.069403705858849252e-02 3.652377339818246365e+08
5.305897526900069106e-02 5.212438988208268881e+08
5.553424071045594268e-02 5.174965794307751060e+08
5.812498028186940946e-02 5.078554292656692266e+08
6.083658099122266766e-02 3.705985444793774486e+08
6.367468115694234487e-02 3.679900133853159547e+08
6.664518213183667772e-02 3.530820554738535881e+08
6.975426057396794111e-02 3.781462212330625653e+08
7.300838128997587384e-02 3.449380182065897584e+08
7.641431067755764805e-02 4.166829212313733697e+08
7.997913079505601652e-02 3.457550270093321800e+08
8.371025408741054885e-02 3.286337893208204508e+08
8.761543879909236554e-02 3.154017440387516618e+08
9.170280510607109470e-02 3.500108586399614215e+08
9.598085200035742781e-02 3.144385580581589937e+08
1.004584749622301765e-01 3.129679692529810071e+08
1.051449844568940195e-01 3.128201925188751817e+08
1.100501252940287722e-01 2.791276432129325867e+08
1.151840968904851020e-01 2.763929639614868164e+08
1.205575744782594882e-01 2.590799273479968905e+08
1.261817313018468445e-01 2.472289910336505473e+08
1.320682618511266337e-01 2.207333081808612645e+08
1.382294061780912076e-01 2.123860643245531619e+08
1.446779753479788821e-01 2.029793637769637108e+08
1.514273780777332656e-01 1.975507945150691271e+08
1.584916486171791816e-01 1.886283519500693679e+08
1.658854759308886484e-01 1.786161828966984749e+08
1.736242342414167639e-01 1.742549748753552735e+08
1.817240149974163610e-01 1.644831742640928626e+08
1.902016603331038169e-01 1.529052119666143656e+08
1.990747980886495849e-01 1.572465919922081828e+08
2.083618784643124222e-01 1.333535075049783140e+08
2.180822123845329585e-01 1.354192448572420776e+08
2.282560116517592663e-01 1.161096775236066878e+08
2.389044309734965343e-01 1.088709272826891541e+08
2.500496119499697190e-01 1.042443930322779268e+08
2.617147291138638421e-01 1.022377164260884821e+08
2.739240381178740802e-01 9.905095724099072814e+07
2.867029261702632170e-01 9.178661172225263715e+07
3.000779648232989039e-01 8.394823060040226579e+07
3.140769652243355914e-01 8.484327147886009514e+07
3.287290359444262067e-01 7.842389324502864480e+07
3.440646435047088891e-01 7.439709788684819639e+07
3.601156757264223351e-01 6.946013050457036495e+07
3.769155080362766030e-01 6.295790419372247159e+07
3.944990728650497602e-01 5.878139116035919636e+07
4.129029322837124427e-01 5.210787600052607059e+07
4.321653540281166217e-01 4.761878159935912490e+07
4.523263910703274604e-01 4.485685555066957325e+07
4.734279649020536884e-01 4.235420700744087994e+07
4.955139527033520785e-01 3.910800220054551959e+07
5.186302785778565960e-01 3.700688242016744614e+07
5.428250090442419129e-01 3.553990710056486726e+07
5.681484529824789576e-01 3.233343222841338813e+07
5.946532662427046478e-01 2.999183122800538316e+07
6.223945611342215356e-01 2.746595911277413368e+07
6.514300210222929710e-01 2.487873221812039614e+07
6.818200202710160696e-01 2.358515433228917792e+07
7.136277497816758686e-01 2.134391808768957108e+07
7.469193483876155337e-01 1.975644450363324210e+07
7.817640403788362891e-01 1.902720827141682059e+07
8.182342794422867716e-01 1.769085415585320070e+07
8.564058993171398404e-01 1.601929960994027182e+07
8.963582714783228100e-01 1.460964649949343130e+07
9.381744701761730587e-01 1.317186911931805126e+07
9.819414451753946116e-01 1.211724230072813854e+07
1.027750202552496051e+00 1.102114831230960600e+07
1.075695993927647365e+00 1.002288625060200691e+07
1.125878514524432994e+00 9.211462169795328751e+06
1.178402110469330522e+00 8.320485809848770499e+06
1.233375995761962995e+00 7.925013553132516332e+06
1.290914479367274659e+00 7.291361211862643249e+06
1.351137202901832923e+00 6.617092827076459303e+06
1.414169389408483246e+00 6.137921968099508435e+06
1.480142103736643344e+00 5.663634243319371715e+06
1.549192525069651882e+00 5.162102124976634979e+06
1.621464232165851449e+00 4.886361008722329512e+06
1.697107501906508942e+00 4.457153527030638419e+06
1.776279621771362560e+00 4.030863714847688098e+06
1.859145216891527452e+00 3.779334743012540042e+06
1.945876592359817581e+00 3.649948629126458429e+06
2.036654091510258002e+00 3.513219907442376949e+06
2.131666470911770972e+00 3.409596229779818561e+06
2.231111292855769257e+00 3.222263424417353701e+06
2.335195336153773393e+00 2.942464277979148086e+06
2.444135026099235386e+00 2.759902985060500912e+06
2.558156884487600369e+00 2.570905982118901797e+06
2.677498000630348152e+00 2.242822390869817231e+06
2.802406524342412553e+00 1.862326722094722325e+06
2.933142181928062087e+00 1.591256153354050824e+06
