3.069976816238139533e-02 9.021337412943525314e+08
3.213194951921637121e-02 6.793059991062521935e+08
3.363094387046929729e-02 4.888654672886916995e+08
3.519986812322865172e-02 4.488325736080696583e+08
3.684198459207260745e-02 4.407804887632259727e+08
3.856070778250449138e-02 6.038048041569654942e+08
4.035961149084377197e-02 7.103709002717574835e+08
4.224243623533543990e-02 5.116336027845976949e+08
4.421309703392971302e-02 5.443717180116239786e+08
4.627569154490460829e-02 4.547700217468189001e+08
4.843450858725836805e-02 4.459540484412151575e+08
5.069403705858849252e-02 5.401590845518218279e+08
5.305897526900069106e-02 4.463322298040469885e+08
5.553424071045594268e-02 3.759499736880124211e+08
5.812498028186940946e-02 3.677626592958412170e+08
6.083658099122266766e-02 3.255465117087758183e+08
6.367468115694234487e-02 3.981828835043464899e+08
6.664518213183667772e-02 3.936452513998336196e+08
6.975426057396794111e-02 3.776538153771809936e+08
7.300838128997587384e-02 3.243080571446192861e+08
7.641431067755764805e-02 2.634129866072680950e+08
7.997913079505601652e-02 3.147676292821648121e+08
8.371025408741054885e-02 2.630937132204040885e+08
8.761543879909236554e-02 2.210504227041788399e+08
9.170280510607109470e-02 3.155299317219186425e+08
9.598085200035742781e-02 2.686798067001478076e+08
1.004584749622301765e-01 2.517404979162401259e+08
1.051449844568940195e-01 2.146392468003509641e+08
1.100501252940287722e-01 2.200025320779820681e+08
1.151840968904851020e-01 1.905346934082986116e+08
1.205575744782594882e-01 1.970294878829779029e+08
1.261817313018468445e-01 1.801981858143309951e+08
1.320682618511266337e-01 1.845171948745432794e+08
1.382294061780912076e-01 1.801772693439408839e+08
1.446779753479788821e-01 1.441556911709621847e+08
1.514273780777332656e-01 1.196645315051701367e+08
1.584916486171791816e-01 1.309820179065000266e+08
1.658854759308886484e-01 1.208634402330892682e+08
1.736242342414167639e-01 1.080241328994910866e+08
1.817240149974163610e-01 1.041906414200586528e+08
1.902016603331038169e-01 9.094126687754082680e+07
1.990747980886495849e-01 8.172461163701009750e+07
2.083618784643124222e-01 8.431446895252706110e+07
2.180822123845329585e-01 7.537851314060805738e+07
2.282560116517592663e-01 6.931482704499451816e+07
2.389044309734965343e-01 6.779463789472384751e+07
2.500496119499697190e-01 6.312338331765875965e+07
2.617147291138638421e-01 5.624617219577728212e+07
2.739240381178740802e-01 5.361051358070853353e+07
2.867029261702632170e-01 4.842010544062167406e+07
3.000779648232989039e-01 4.367684573203118145e+07
3.140769652243355914e-01 3.692984915150969476e+07
3.287290359444262067e-01 3.534378266823276877e+07
3.440646435047088891e-01 2.852648360201868787e+07
3.601156757264223351e-01 2.831812193429540098e+07
3.769155080362766030e-01 2.774852599396906048e+07
3.944990728650497602e-01 2.442499029117412865e+07
4.129029322837124427e-01 2.479340965879439563e+07
4.321653540281166217e-01 2.345824751497253403e+07
4.523263910703274604e-01 2.205780625261884928e+07
4.734279649020536884e-01 2.050262973374394327e+07
4.955139527033520785e-01 1.825476069730482996e+07
5.186302785778565960e-01 1.635800537275957875e+07
5.428250090442419129e-01 1.642417235946980305e+07
5.681484529824789576e-01 1.414461576527551003e+07
5.946532662427046478e-01 1.252529468245201744e+07
6.223945611342215356e-01 1.218361053838034533e+07
6.514300210222929710e-01 1.084196989892240241e+07
6.818200202710160696e-01 9.517746489643948153e+06
7.136277497816758686e-01 8.746711300312288105e+06
7.469193483876155337e-01 8.106324072217597626e+06
7.817640403788362891e-01 7.785253936790412292e+06
8.182342794422867716e-01 6.999698180548637174e+06
8.564058993171398404e-01 7.402197362051642500e+06
8.963582714783228100e-01 7.311773441270481795e+06
9.381744701761730587e-01 6.852324641756113619e+06
9.819414451753946116e-01 6.700945837229573168e+06
1.027750202552496051e+00 6.827747366774991155e+06
1.075695993927647365e+00 6.268019698367631994e+06
1.125878514524432994e+00 5.494371476330613717e+06
1.178402110469330522e+00 4.711316516517692246e+06
1.233375995761962995e+00 4.060522514914473984e+06
1.290914479367274659e+00 3.381918418676700909e+06
1.351137202901832923e+00 2.906228151600270998e+06
1.414169389408483246e+00 2.520243225820269436e+06
1.480142103736643344e+00 2.355849915125373285e+06
1.549192525069651882e+00 2.050993452108860016e+06
1.621464232165851449e+00 1.756252632510020398e+06
1.697107501906508942e+00 1.472678754661717685e+06
1.776279621771362560e+00 1.334995430010780226e+06
1.859145216891527452e+00 1.216666057047681883e+06
1.945876592359817581e+00 1.066555545240317937e+06
2.036654091510258002e+00 8.744013467236550059e+05
2.131666470911770972e+00 7.184911185531526571e+05
2.231111292855769257e+00 6.629132994288628688e+05
2.335195336153773393e+00 5.747893262198816519e+05
2.444135026099235386e+00 5.297376028306536609e+05
2.558156884487600369e+00 5.435721618913953425e+05
2.677498000630348152e+00 5.450983961192073766e+05
2.802406524342412553e+00 4.574816529948436655e+05
2.933142181928062087e+00 3.801671158073238912e+05
