3.069976816238139533e-02 1.047264738526485682e+09
3.213194951921637121e-02 1.056279419082308531e+09
3.363094387046929729e-02 1.253125651722959280e+09
3.519986812322865172e-02 1.178811406400520086e+09
3.684198459207260745e-02 1.094561749626033068e+09
3.856070778250449138e-02 1.134579127757752657e+09
4.035961149084377197e-02 1.096266935140333176e+09
4.224243623533543990e-02 9.321759272815852165e+08
4.421309703392971302e-02 9.125376404207743406e+08
4.627569154490460829e-02 8.819195376453592777e+08
4.843450858725836805e-02 9.725836218465969563e+08
5.069403705858849252e-02 8.371155408667159081e+08
5.305897526900069106e-02 8.693698068933740854e+08
5.553424071045594268e-02 8.222027731794526577e+08
5.812498028186940946e-02 7.778932532562342882e+08
6.083658099122266766e-02 7.106421260871750116e+08
6.367468115694234487e-02 6.965449606082067490e+08
6.664518213183667772e-02 6.414548898847391605e+08
6.975426057396794111e-02 6.869134393720924854e+08
7.300838128997587384e-02 6.140110771024519205e+08
7.641431067755764805e-02 6.679245395479499102e+08
7.997913079505601652e-02 5.508401166449540854e+08
8.371025408741054885e-02 5.880245190703916550e+08
8.761543879909236554e-02 5.090857052136997581e+08
9.170280510607109470e-02 4.989607389687569141e+08
9.598085200035742781e-02 4.638453617747050524e+08
1.004584749622301765e-01 5.069846761791220307e+08
1.051449844568940195e-01 4.892948018306686282e+08
1.100501252940287722e-01 4.459567550012110472e+08
1.151840968904851020e-01 4.068848252630479932e+08
1.205575744782594882e-01 4.178010675563040972e+08
1.261817313018468445e-01 3.954755436446027756e+08
1.320682618511266337e-01 3.841232874617962837e+08
1.382294061780912076e-01 3.584182244617073536e+08
1.446779753479788821e-01 3.335999367168732882e+08
1.514273780777332656e-01 3.404104997957596779e+08
1.584916486171791816e-01 2.940653050176243186e+08
1.658854759308886484e-01 2.723258871411179900e+08
1.736242342414167639e-01 2.649026401624348760e+08
1.817240149974163610e-01 2.413427801536554694e+08
1.902016603331038169e-01 2.461752169594691098e+08
1.990747980886495849e-01 2.244441787564728260e+08
2.083618784643124222e-01 2.090402191242007315e+08
2.180822123845329585e-01 1.998362073244956434e+08
2.282560116517592663e-01 1.797235303544994295e+08
2.389044309734965343e-01 1.695540254061873257e+08
2.500496119499697190e-01 1.642470665361554027e+08
2.617147291138638421e-01 1.591856540328225791e+08
2.739240381178740802e-01 1.418819324267059863e+08
2.867029261702632170e-01 1.347581474839147627e+08
3.000779648232989039e-01 1.250774493560396880e+08
3.140769652243355914e-01 1.205700521126483828e+08
3.287290359444262067e-01 1.168150384356451780e+08
3.440646435047088891e-01 1.060384534967789650e+08
3.601156757264223351e-01 9.637976094650691748e+07
3.769155080362766030e-01 9.397401569304691255e+07
3.944990728650497602e-01 8.743520706433708966e+07
4.129029322837124427e-01 8.283495274001404643e+07
4.321653540281166217e-01 7.649618062161955237e+07
4.523263910703274604e-01 7.202999594555981457e+07
4.734279649020536884e-01 6.835591106215494871e+07
4.955139527033520785e-01 6.413917922919066995e+07
5.186302785778565960e-01 5.967873313826528937e+07
5.428250090442419129e-01 5.621628170219457895e+07
5.681484529824789576e-01 5.196512596999379992e+07
5.946532662427046478e-01 4.994380846232875437e+07
6.223945611342215356e-01 4.690840041633348167e+07
6.514300210222929710e-01 4.321858045394302905e+07
6.818200202710160696e-01 4.021489670526030660e+07
7.136277497816758686e-01 3.769336364655848593e+07
7.469193483876155337e-01 3.458166827048841119e+07
7.817640403788362891e-01 3.272374440266162902e+07
8.182342794422867716e-01 3.095979515169925615e+07
8.564058993171398404e-01 2.833281697356694937e+07
8.963582714783228100e-01 2.663803473109221458e+07
9.381744701761730587e-01 2.492021499362593889e+07
9.819414451753946116e-01 2.311932300737057254e+07
1.027750202552496051e+00 2.132278161409451813e+07
1.075695993927647365e+00 2.021230220310948417e+07
1.125878514524432994e+00 1.865790404798360169e+07
1.178402110469330522e+00 1.759552787434064969e+07
1.233375995761962995e+00 1.622711519629741833e+07
1.290914479367274659e+00 1.492074025013579801e+07
1.351137202901832923e+00 1.389016437392627820e+07
1.414169389408483246e+00 1.295058036944035441e+07
1.480142103736643344e+00 1.192356476862119511e+07
1.549192525069651882e+00 1.105469551798852533e+07
1.621464232165851449e+00 1.028673243179180287e+07
1.697107501906508942e+00 9.444060460146075115e+06
1.776279621771362560e+00 8.715626987197389826e+06
1.859145216891527452e+00 8.081056109114021994e+06
1.945876592359817581e+00 7.361053671704520471e+06
2.036654091510258002e+00 6.703894298565158620e+06
2.131666470911770972e+00 6.056664118993773125e+06
2.231111292855769257e+00 5.508254665703861043e+06
2.335195336153773393e+00 4.995679735257470980e+06
2.444135026099235386e+00 4.556619642937123775e+06
2.558156884487600369e+00 4.183189933081471361e+06
2.677498000630348152e+00 3.817299924025695305e+06
2.802406524342412553e+00 3.484320972090200055e+06
2.933142181928062087e+00 3.216811465798418503e+06
