3.069976816238139533e-02 1.722205660238570929e+09
3.213194951921637121e-02 1.322301637852711916e+09
3.363094387046929729e-02 1.464371975102854252e+09
3.519986812322865172e-02 1.203688425053469658e+09
3.684198459207260745e-02 1.209926350120673180e+09
3.856070778250449138e-02 9.690517303441351652e+08
4.035961149084377197e-02 1.449373692660815716e+09
4.224243623533543990e-02 1.061481027323599100e+09
4.421309703392971302e-02 8.373583119772577286e+08
4.627569154490460829e-02 1.178642466939338446e+09
4.843450858725836805e-02 1.248270763863028288e+09
5.069403705858849252e-02 1.007526804959492922e+09
5.305897526900069106e-02 9.297194595795102119e+08
5.553424071045594268e-02 9.880105476598663330e+08
5.812498028186940946e-02 9.442481277340884209e+08
6.083658099122266766e-02 8.535086837222192287e+08
6.367468115694234487e-02 8.628804595092597008e+08
6.664518213183667772e-02 9.126491216958861351e+08
6.975426057396794111e-02 8.626544483740785122e+08
7.300838128997587384e-02 8.082444004563020468e+08
7.641431067755764805e-02 7.744191310859979391e+08
7.997913079505601652e-02 7.736142526203894615e+08
8.371025408741054885e-02 6.119000278526525497e+08
8.761543879909236554e-02 7.255861717823028564e+08
9.170280510607109470e-02 5.848339960867142677e+08
9.598085200035742781e-02 5.528740108373519182e+08
1.004584749622301765e-01 5.291799802534179688e+08
1.051449844568940195e-01 5.730084815631121397e+08
1.100501252940287722e-01 5.031010410621870756e+08
1.151840968904851020e-01 4.619201270072736740e+08
1.205575744782594882e-01 4.763258318442782164e+08
1.261817313018468445e-01 4.328425493113352060e+08
1.320682618511266337e-01 3.863674120209850669e+08
1.382294061780912076e-01 3.562179856398291588e+08
1.446779753479788821e-01 3.925549849796717167e+08
1.514273780777332656e-01 3.461686166904090643e+08
1.584916486171791816e-01 3.226136185357275605e+08
1.658854759308886484e-01 2.919422806560090780e+08
1.736242342414167639e-01 2.624553553244038224e+08
1.817240149974163610e-01 2.751603568622561693e+08
1.902016603331038169e-01 2.431940595075068474e+08
1.990747980886495849e-01 2.388030864777259827e+08
2.083618784643124222e-01 2.169990346386863589e+08
2.180822123845329585e-01 2.092275255097658634e+08
2.282560116517592663e-01 2.056387562023189068e+08
2.389044309734965343e-01 1.866507627027799785e+08
2.500496119499697190e-01 1.777496356020247340e+08
2.617147291138638421e-01 1.628563313365778625e+08
2.739240381178740802e-01 1.542152197653825879e+08
2.867029261702632170e-01 1.449623328483909070e+08
3.000779648232989039e-01 1.332839166267027408e+08
3.140769652243355914e-01 1.251151034120554626e+08
3.287290359444262067e-01 1.219345414336042106e+08
3.440646435047088891e-01 1.180023483500104100e+08
3.601156757264223351e-01 1.082476228777085245e+08
3.769155080362766030e-01 1.035885798427763581e+08
3.944990728650497602e-01 9.447582566438771784e+07
4.129029322837124427e-01 8.661181701512604952e+07
4.321653540281166217e-01 8.229944946274545789e+07
4.523263910703274604e-01 7.812750813211920857e+07
4.734279649020536884e-01 7.244775530286568403e+07
4.955139527033520785e-01 6.805267716850014031e+07
5.186302785778565960e-01 6.416392634546687454e+07
5.428250090442419129e-01 6.055138530445759743e+07
5.681484529824789576e-01 5.557793753680907190e+07
5.946532662427046478e-01 5.348269778933770210e+07
6.223945611342215356e-01 5.163567095158610493e+07
6.514300210222929710e-01 4.678748669370394945e+07
6.818200202710160696e-01 4.398905586064779013e+07
7.136277497816758686e-01 4.089774384990812093e+07
7.469193483876155337e-01 3.980495216580731422e+07
7.817640403788362891e-01 3.648762326606310904e+07
8.182342794422867716e-01 3.511149705423092097e+07
8.564058993171398404e-01 3.121574047571542114e+07
8.963582714783228100e-01 2.872414479879597202e+07
9.381744701761730587e-01 2.671385316502483934e+07
9.819414451753946116e-01 2.443513415952839330e+07
1.027750202552496051e+00 2.275176946442086250e+07
1.075695993927647365e+00 2.109597707404584065e+07
1.125878514524432994e+00 1.972471818091844395e+07
1.178402110469330522e+00 1.835094821607184783e+07
1.233375995761962995e+00 1.706928056792820990e+07
1.290914479367274659e+00 1.598587650186426938e+07
1.351137202901832923e+00 1.442483191375096887e+07
1.414169389408483246e+00 1.325867066962303407e+07
1.480142103736643344e+00 1.210216305486906692e+07
1.549192525069651882e+00 1.111013937068474293e+07
1.621464232165851449e+00 1.029512205489927530e+07
1.697107501906508942e+00 9.382621541036313400e+06
1.776279621771362560e+00 8.540318502434728667e+06
1.859145216891527452e+00 7.643322335019414313e+06
1.945876592359817581e+00 7.045060214523144066e+06
2.036654091510258002e+00 6.501107280822594650e+06
2.131666470911770972e+00 5.913774070440317504e+06
2.231111292855769257e+00 5.321182181680509821e+06
2.335195336153773393e+00 4.763054201026624069e+06
2.444135026099235386e+00 4.247083378561132587e+06
2.558156884487600369e+00 3.933593782863962930e+06
2.677498000630348152e+00 3.608132878801677842e+06
2.802406524342412553e+00 3.304777991563290358e+06
2.933142181928062087e+00 2.995733313724827953e+06
