3.069976816238139533e-02 1.420847721459719896e+09
3.213194951921637121e-02 1.181333772829186440e+09
3.363094387046929729e-02 1.180543398072196960e+09
3.519986812322865172e-02 1.305884523739811897e+09
3.684198459207260745e-02 1.325207069824680090e+09
3.856070778250449138e-02 9.976526179131219387e+08
4.035961149084377197e-02 9.920124840810551643e+08
4.224243623533543990e-02 1.094395797829227209e+09
4.421309703392971302e-02 8.499376229243003130e+08
4.627569154490460829e-02 8.772508527156888247e+08
4.843450858725836805e-02 1.032369943074928164e+09
5.069403705858849252e-02 7.649405810833952427e+08
5.305897526900069106e-02 1.036341155670254707e+09
5.553424071045594268e-02 8.212155942076538801e+08
5.812498028186940946e-02 8.679923196989313364e+08
6.083658099122266766e-02 8.491351241026785374e+08
6.367468115694234487e-02 7.926635659304796457e+08
6.664518213183667772e-02 7.332097683085376024e+08
6.975426057396794111e-02 7.138032676958847046e+08
7.300838128997587384e-02 6.758994760085453987e+08
7.641431067755764805e-02 6.392139815829287767e+08
7.997913079505601652e-02 6.997086826723549366e+08
8.371025408741054885e-02 5.953924214420548677e+08
8.761543879909236554e-02 6.240488944036664963e+08
9.170280510607109470e-02 5.813381883622035980e+08
9.598085200035742781e-02 5.886415195773265362e+08
1.004584749622301765e-01 5.277025403338254690e+08
1.051449844568940195e-01 4.911131351200200915e+08
1.100501252940287722e-01 4.852010062776182890e+08
1.151840968904851020e-01 4.761252854144040346e+08
1.205575744782594882e-01 4.304789264852616191e+08
1.261817313018468445e-01 3.989381832988615036e+08
1.320682618511266337e-01 3.664316342535857558e+08
1.382294061780912076e-01 3.568507825967654586e+08
1.446779753479788821e-01 3.441791740456904173e+08
1.514273780777332656e-01 3.263138179977651834e+08
1.584916486171791816e-01 3.241298158721332550e+08
1.658854759308886484e-01 2.904897938671207428e+08
1.736242342414167639e-01 2.925801959741511345e+08
1.817240149974163610e-01 2.649512948429673910e+08
1.902016603331038169e-01 2.365737555201593637e+08
1.990747980886495849e-01 2.376435764689716995e+08
2.083618784643124222e-01 2.152599492010785043e+08
2.180822123845329585e-01 2.082983875567058623e+08
2.282560116517592663e-01 1.912673773990037739e+08
2.389044309734965343e-01 1.870106382001303732e+08
2.500496119499697190e-01 1.806482550647145212e+08
2.617147291138638421e-01 1.611970481876064539e+08
2.739240381178740802e-01 1.563817794637035131e+08
2.867029261702632170e-01 1.501945067910953164e+08
3.000779648232989039e-01 1.394010792987844348e+08
3.140769652243355914e-01 1.310556945700425506e+08
3.287290359444262067e-01 1.220766412733550966e+08
3.440646435047088891e-01 1.189687791609952152e+08
3.601156757264223351e-01 1.060948853449774384e+08
3.769155080362766030e-01 9.939043042382521927e+07
3.944990728650497602e-01 9.280099100274445117e+07
4.129029322837124427e-01 8.947831863709546626e+07
4.321653540281166217e-01 8.481666706379599869e+07
4.523263910703274604e-01 8.047785232294227183e+07
4.734279649020536884e-01 7.619580842150829732e+07
4.955139527033520785e-01 6.997090361368580163e+07
5.186302785778565960e-01 6.550187496079135686e+07
5.428250090442419129e-01 6.243681108731298894e+07
5.681484529824789576e-01 5.682482896546614170e+07
5.946532662427046478e-01 5.272731422068481892e+07
6.223945611342215356e-01 4.880200692577324063e+07
6.514300210222929710e-01 4.634565474672325701e+07
6.818200202710160696e-01 4.365312361149717867e+07
7.136277497816758686e-01 4.118059933124271035e+07
7.469193483876155337e-01 3.793379513514888287e+07
7.817640403788362891e-01 3.571948913377874345e+07
8.182342794422867716e-01 3.336816807955167815e+07
8.564058993171398404e-01 3.109718062498701364e+07
8.963582714783228100e-01 2.890602535844470933e+07
9.381744701761730587e-01 2.585842066595164314e+07
9.819414451753946116e-01 2.415903907504483685e+07
1.027750202552496051e+00 2.272579757707608491e+07
1.075695993927647365e+00 2.145850224190382659e+07
1.125878514524432994e+00 2.004095495404799283e+07
1.178402110469330522e+00 1.824679038586470485e+07
1.233375995761962995e+00 1.669893503938245401e+07
1.290914479367274659e+00 1.535801708303241245e+07
1.351137202901832923e+00 1.418109341679928452e+07
1.414169389408483246e+00 1.302520564009503648e+07
1.480142103736643344e+00 1.214930724586442299e+07
1.549192525069651882e+00 1.122278468345484510e+07
1.621464232165851449e+00 1.026698353998377919e+07
1.697107501906508942e+00 9.309855250694314018e+06
1.776279621771362560e+00 8.570907006114782766e+06
1.859145216891527452e+00 7.747372615931070410e+06
1.945876592359817581e+00 7.089550372602902353e+06
2.036654091510258002e+00 6.461447029492530040e+06
2.131666470911770972e+00 5.940928372591695748e+06
2.231111292855769257e+00 5.586091248178310692e+06
2.335195336153773393e+00 4.991648742632824928e+06
2.444135026099235386e+00 4.471615467457651161e+06
2.558156884487600369e+00 4.022178919201975223e+06
2.677498000630348152e+00 3.663940596643558238e+06
2.802406524342412553e+00 3.347994092338850722e+06
2.933142181928062087e+00 3.099142957683616318e+06
