3.069976816238139533e-02 1.152202617684119225e+09
3.213194951921637121e-02 7.254923404574096203e+08
3.363094387046929729e-02 9.254061316320519447e+08
3.519986812322865172e-02 7.434177667261075974e+08
3.684198459207260745e-02 7.563317254068653584e+08
3.856070778250449138e-02 6.806665045965275764e+08
4.035961149084377197e-02 7.946349642833944559e+08
4.224243623533543990e-02 7.363213023230454922e+08
4.421309703392971302e-02 6.458012817029603720e+08
4.627569154490460829e-02 8.644360256241382360e+08
4.843450858725836805e-02 6.441498507136414051e+08
5.069403705858849252e-02 7.189366808008096218e+08
5.305897526900069106e-02 7.644117085462272167e+08
5.553424071045594268e-02 7.274316650361185074e+08
5.812498028186940946e-02 8.445134977929625511e+08
6.083658099122266766e-02 7.701622729333664179e+08
6.367468115694234487e-02 6.683989055366599560e+08
6.664518213183667772e-02 5.845723803394780159e+08
6.975426057396794111e-02 5.359932851978812218e+08
7.300838128997587384e-02 6.001740959631030560e+08
7.641431067755764805e-02 4.999951583365216255e+08
7.997913079505601652e-02 5.201983935758605003e+08
8.371025408741054885e-02 5.437269114333261251e+08
8.761543879909236554e-02 5.176516823337776661e+08
9.170280510607109470e-02 5.367218793074258566e+08
9.598085200035742781e-02 5.544428461284744740e+08
1.004584749622301765e-01 4.875844876644582152e+08
1.051449844568940195e-01 4.824676497928663492e+08
1.100501252940287722e-01 4.431805661516315341e+08
1.151840968904851020e-01 4.483627973616355062e+08
1.205575744782594882e-01 3.841965246874995232e+08
1.261817313018468445e-01 3.420676517355975509e+08
1.320682618511266337e-01 3.479238321380624175e+08
1.382294061780912076e-01 3.355893986546944976e+08
1.446779753479788821e-01 3.114822796913105845e+08
1.514273780777332656e-01 3.093677612242480516e+08
1.584916486171791816e-01 2.852064506457606554e+08
1.658854759308886484e-01 2.850221069520921111e+08
1.736242342414167639e-01 2.634277730128110647e+08
1.817240149974163610e-01 2.472971759950147867e+08
1.902016603331038169e-01 2.404615756749687195e+08
1.990747980886495849e-01 2.209275486409026384e+08
2.083618784643124222e-01 2.025782281445460618e+08
2.180822123845329585e-01 1.997913360650035739e+08
2.282560116517592663e-01 1.776257053236548603e+08
2.389044309734965343e-01 1.767433803431262970e+08
2.500496119499697190e-01 1.626516247862340808e+08
2.617147291138638421e-01 1.557806997295500934e+08
2.739240381178740802e-01 1.410403882629407644e+08
2.867029261702632170e-01 1.336118709569569081e+08
3.000779648232989039e-01 1.270887484381064028e+08
3.140769652243355914e-01 1.202018306323716938e+08
3.287290359444262067e-01 1.083505299039653838e+08
3.440646435047088891e-01 1.044331383543885052e+08
3.601156757264223351e-01 9.888077720119129121e+07
3.769155080362766030e-01 9.313615148490983248e+07
3.944990728650497602e-01 8.906866826121462882e+07
4.129029322837124427e-01 8.192173671856495738e+07
4.321653540281166217e-01 7.362503035722941160e+07
4.523263910703274604e-01 7.163529418628607690e+07
4.734279649020536884e-01 6.710494237772306055e+07
4.955139527033520785e-01 6.323362459208766371e+07
5.186302785778565960e-01 6.145727289419130236e+07
5.428250090442419129e-01 5.779425211414106935e+07
5.681484529824789576e-01 5.292462312753427029e+07
5.946532662427046478e-01 5.158528753570281714e+07
6.223945611342215356e-01 4.680028497045410424e+07
6.514300210222929710e-01 4.400765861509379745e+07
6.818200202710160696e-01 4.161429360793773085e+07
7.136277497816758686e-01 3.852577781609880179e+07
7.469193483876155337e-01 3.662549361996336281e+07
7.817640403788362891e-01 3.488642394123504311e+07
8.182342794422867716e-01 3.197779312093984336e+07
8.564058993171398404e-01 3.050790707598756254e+07
8.963582714783228100e-01 2.841915121839143708e+07
9.381744701761730587e-01 2.678825504743903875e+07
9.819414451753946116e-01 2.505181079050341249e+07
1.027750202552496051e+00 2.311483980852291360e+07
1.075695993927647365e+00 2.169514151691731066e+07
1.125878514524432994e+00 2.027644587293119729e+07
1.178402110469330522e+00 1.912487597285972163e+07
1.233375995761962995e+00 1.728637620262749121e+07
1.290914479367274659e+00 1.609769889697430469e+07
1.351137202901832923e+00 1.494824957503464818e+07
1.414169389408483246e+00 1.394317182427825592e+07
1.480142103736643344e+00 1.285830739823886193e+07
1.549192525069651882e+00 1.178288757120277174e+07
1.621464232165851449e+00 1.099477786967060342e+07
1.697107501906508942e+00 1.018286145387740247e+07
1.776279621771362560e+00 9.170950760505177081e+06
1.859145216891527452e+00 8.217842946856792085e+06
1.945876592359817581e+00 7.293059934277275577e+06
2.036654091510258002e+00 6.602165931880572811e+06
2.131666470911770972e+00 5.992043838071979582e+06
2.231111292855769257e+00 5.448668822817454115e+06
2.335195336153773393e+00 5.058087631153794006e+06
2.444135026099235386e+00 4.568511564857871272e+06
2.558156884487600369e+00 4.232038917534225620e+06
2.677498000630348152e+00 3.832691795093332417e+06
2.802406524342412553e+00 3.526792240572779905e+06
2.933142181928062087e+00 3.206699701059911400e+06
