3.069976816238139533e-02 6.276694389906975031e+08
3.213194951921637121e-02 9.054574509181303978e+08
3.363094387046929729e-02 9.580526846987830400e+08
3.519986812322865172e-02 8.818487338719193935e+08
3.684198459207260745e-02 7.004479192033293247e+08
3.856070778250449138e-02 9.685053712180988789e+08
4.035961149084377197e-02 7.644223784069364071e+08
4.224243623533543990e-02 9.585173937795385122e+08
4.421309703392971302e-02 8.898209175245033503e+08
4.627569154490460829e-02 8.956163782622554302e+08
4.843450858725836805e-02 8.448204484665104151e+08
5.069403705858849252e-02 7.558756891450530291e+08
5.305897526900069106e-02 5.382723246625741720e+08
5.553424071045594268e-02 7.233604379818277359e+08
5.812498028186940946e-02 5.934848987205005884e+08
6.083658099122266766e-02 6.397389311805288792e+08
6.367468115694234487e-02 6.308769015012712479e+08
6.664518213183667772e-02 6.695713807601139545e+08
6.975426057396794111e-02 5.911337250281078815e+08
7.300838128997587384e-02 6.194336988863940239e+08
7.641431067755764805e-02 5.231118154802714586e+08
7.997913079505601652e-02 5.600468695713375807e+08
8.371025408741054885e-02 5.655099605524241924e+08
8.761543879909236554e-02 5.262980845342227817e+08
9.170280510607109470e-02 5.164275128684591055e+08
9.598085200035742781e-02 4.525842984764495492e+08
1.004584749622301765e-01 4.599541077672174573e+08
1.051449844568940195e-01 4.495674871859484315e+08
1.100501252940287722e-01 4.167322835531591773e+08
1.151840968904851020e-01 3.910510778627603650e+08
1.205575744782594882e-01 4.003247818108869195e+08
1.261817313018468445e-01 3.678026480780427456e+08
1.320682618511266337e-01 3.624699484892237782e+08
1.382294061780912076e-01 3.337299340504915118e+08
1.446779753479788821e-01 3.103468843655533195e+08
1.514273780777332656e-01 3.076203694339424968e+08
1.584916486171791816e-01 2.975292654625181556e+08
1.658854759308886484e-01 2.479855897487749159e+08
1.736242342414167639e-01 2.636111637470700443e+08
1.817240149974163610e-01 2.427464577068061233e+08
1.902016603331038169e-01 2.319911351079071760e+08
1.990747980886495849e-01 2.212119664728717804e+08
2.083618784643124222e-01 2.147768129971573949e+08
2.180822123845329585e-01 1.941738937496079206e+08
2.282560116517592663e-01 1.792494498322346807e+08
2.389044309734965343e-01 1.727355898029727638e+08
2.500496119499697190e-01 1.671088146229083836e+08
2.617147291138638421e-01 1.537564206388615370e+08
2.739240381178740802e-01 1.415190195771909654e+08
2.867029261702632170e-01 1.298105943075221628e+08
3.000779648232989039e-01 1.270554544782540798e+08
3.140769652243355914e-01 1.177244307482746243e+08
3.287290359444262067e-01 1.083488467312168777e+08
3.440646435047088891e-01 1.033511765707224458e+08
3.601156757264223351e-01 1.004621282914455235e+08
3.769155080362766030e-01 9.407839594861875474e+07
3.944990728650497602e-01 8.542821436951710284e+07
4.129029322837124427e-01 8.048219032757709920e+07
4.321653540281166217e-01 7.520944591131930053e+07
4.523263910703274604e-01 7.152808372730728984e+07
4.734279649020536884e-01 6.693561798290890455e+07
4.955139527033520785e-01 6.335948720512976497e+07
5.186302785778565960e-01 5.839142675381936878e+07
5.428250090442419129e-01 5.626877608447270095e+07
5.681484529824789576e-01 5.300035948960217834e+07
5.946532662427046478e-01 4.956958297251588851e+07
6.223945611342215356e-01 4.643004012188428640e+07
6.514300210222929710e-01 4.317005784562160820e+07
6.818200202710160696e-01 4.089922272358912230e+07
7.136277497816758686e-01 3.831912422174740583e+07
7.469193483876155337e-01 3.634997540805954486e+07
7.817640403788362891e-01 3.412098984687904269e+07
8.182342794422867716e-01 3.171853689853503928e+07
8.564058993171398404e-01 2.994637492144187912e+07
8.963582714783228100e-01 2.790502583222725242e+07
9.381744701761730587e-01 2.572360906874478981e+07
9.819414451753946116e-01 2.407036260054216534e+07
1.027750202552496051e+00 2.238614305931741372e+07
1.075695993927647365e+00 2.108544017216701061e+07
1.125878514524432994e+00 1.974147018462217972e+07
1.178402110469330522e+00 1.837510280437016487e+07
1.233375995761962995e+00 1.694728460186177492e+07
1.290914479367274659e+00 1.568347378730569966e+07
1.351137202901832923e+00 1.444440768581206352e+07
1.414169389408483246e+00 1.344242767789253220e+07
1.480142103736643344e+00 1.253778908983560838e+07
1.549192525069651882e+00 1.165593091110377200e+07
1.621464232165851449e+00 1.074328405852563679e+07
1.697107501906508942e+00 9.734535833189003170e+06
1.776279621771362560e+00 8.815658077602759004e+06
1.859145216891527452e+00 7.800738706154347397e+06
1.945876592359817581e+00 7.091021118374972604e+06
2.036654091510258002e+00 6.450361007736651227e+06
2.131666470911770972e+00 5.893665338763987646e+06
2.231111292855769257e+00 5.390773847474860027e+06
2.335195336153773393e+00 4.980788621473560110e+06
2.444135026099235386e+00 4.515654033988792449e+06
2.558156884487600369e+00 4.112500284482106101e+06
2.677498000630348152e+00 3.752828142167492770e+06
2.802406524342412553e+00 3.435550607948590070e+06
2.933142181928062087e+00 3.148493049614488613e+06
