3.069976816238139533e-02 1.292891224506967068e+09
3.213194951921637121e-02 1.040993376172190189e+09
3.363094387046929729e-02 8.980812763682264090e+08
3.519986812322865172e-02 8.918445940158714056e+08
3.684198459207260745e-02 1.286370762971173286e+09
3.856070778250449138e-02 1.043360707034942031e+09
4.035961149084377197e-02 1.047017340001682520e+09
4.224243623533543990e-02 8.368451625936105251e+08
4.421309703392971302e-02 8.541511608400602341e+08
4.627569154490460829e-02 7.446784464473145008e+08
4.843450858725836805e-02 9.258018999090371132e+08
5.069403705858849252e-02 9.411822826552362442e+08
5.305897526900069106e-02 8.631481222604020834e+08
5.553424071045594268e-02 8.649410843135423660e+08
5.812498028186940946e-02 8.807813724694672823e+08
6.083658099122266766e-02 7.623703820175219774e+08
6.367468115694234487e-02 7.232869693152196407e+08
6.664518213183667772e-02 7.942454545210449696e+08
6.975426057396794111e-02 6.630125024989778996e+08
7.300838128997587384e-02 7.151860191706899405e+08
7.641431067755764805e-02 6.248210091884651184e+08
7.997913079505601652e-02 6.204566685241394043e+08
8.371025408741054885e-02 6.211089245245043039e+08
8.761543879909236554e-02 6.153653619630196095e+08
9.170280510607109470e-02 4.905202470280367136e+08
9.598085200035742781e-02 5.608970923072236776e+08
1.004584749622301765e-01 4.923637781473550797e+08
1.051449844568940195e-01 4.586719507942290902e+08
1.100501252940287722e-01 4.428966366164134741e+08
1.151840968904851020e-01 4.241139720379721522e+08
1.205575744782594882e-01 4.249613758064612150e+08
1.261817313018468445e-01 3.656956940232517719e+08
1.320682618511266337e-01 3.593117678512409925e+08
1.382294061780912076e-01 3.280354730022205114e+08
1.446779753479788821e-01 3.407506040227314234e+08
1.514273780777332656e-01 3.417602968841875792e+08
1.584916486171791816e-01 3.076316325915755630e+08
1.658854759308886484e-01 2.893058125868133307e+08
1.736242342414167639e-01 2.629695849691863954e+08
1.817240149974163610e-01 2.471535337142052054e+08
1.902016603331038169e-01 2.249679480640084743e+08
1.990747980886495849e-01 2.182523877017968297e+08
2.083618784643124222e-01 2.083529955560753047e+08
2.180822123845329585e-01 2.044606075096463263e+08
2.282560116517592663e-01 1.781148440499437451e+08
2.389044309734965343e-01 1.712150950900515318e+08
2.500496119499697190e-01 1.590571232995050848e+08
2.617147291138638421e-01 1.554334001250226498e+08
2.739240381178740802e-01 1.471250764618695974e+08
2.867029261702632170e-01 1.317800788344214857e+08
3.000779648232989039e-01 1.328811299910593033e+08
3.140769652243355914e-01 1.216861683010958880e+08
3.287290359444262067e-01 1.183753835314471275e+08
3.440646435047088891e-01 1.052257412089720219e+08
3.601156757264223351e-01 9.908935846827322245e+07
3.769155080362766030e-01 9.402440604412940145e+07
3.944990728650497602e-01 9.121004621425940096e+07
4.129029322837124427e-01 8.367065318380299211e+07
4.321653540281166217e-01 7.654524181246712804e+07
4.523263910703274604e-01 7.307023445871147513e+07
4.734279649020536884e-01 6.850941113940218091e+07
4.955139527033520785e-01 6.405450844495102018e+07
5.186302785778565960e-01 6.167889241253525019e+07
5.428250090442419129e-01 5.670542478255154938e+07
5.681484529824789576e-01 5.267427910453039408e+07
5.946532662427046478e-01 4.988510080963076651e+07
6.223945611342215356e-01 4.530285927503251284e+07
6.514300210222929710e-01 4.290292533329144120e+07
6.818200202710160696e-01 4.045123959282219410e+07
7.136277497816758686e-01 3.797709794399851561e+07
7.469193483876155337e-01 3.533684365598548949e+07
7.817640403788362891e-01 3.281190733299997821e+07
8.182342794422867716e-01 3.123008194015757740e+07
8.564058993171398404e-01 2.894716780121993273e+07
8.963582714783228100e-01 2.701703047682172433e+07
9.381744701761730587e-01 2.524964541975858063e+07
9.819414451753946116e-01 2.339847472929895669e+07
1.027750202552496051e+00 2.192347042127472907e+07
1.075695993927647365e+00 2.049886422682263702e+07
1.125878514524432994e+00 1.896508895799101889e+07
1.178402110469330522e+00 1.765008844662908092e+07
1.233375995761962995e+00 1.665708726718030870e+07
1.290914479367274659e+00 1.524619249177903868e+07
1.351137202901832923e+00 1.409095087761496007e+07
1.414169389408483246e+00 1.292270150494613498e+07
1.480142103736643344e+00 1.173403910581563786e+07
1.549192525069651882e+00 1.084313715500270575e+07
1.621464232165851449e+00 9.944975538175655529e+06
1.697107501906508942e+00 9.145736859657166526e+06
1.776279621771362560e+00 8.500788928089585155e+06
1.859145216891527452e+00 7.638435850241694599e+06
1.945876592359817581e+00 7.036406426782554947e+06
2.036654091510258002e+00 6.486450038783655502e+06
2.131666470911770972e+00 5.963665332192212343e+06
2.231111292855769257e+00 5.487581080185467377e+06
2.335195336153773393e+00 5.057973805211048573e+06
2.444135026099235386e+00 4.529916291722786613e+06
2.558156884487600369e+00 4.131220447100680787e+06
2.677498000630348152e+00 3.716812669613580685e+06
2.802406524342412553e+00 3.385055786520774011e+06
2.933142181928062087e+00 3.075896395201468840e+06
