3.069976816238139533e-02 1.057729626879022121e+09
3.213194951921637121e-02 9.854404789773719311e+08
3.363094387046929729e-02 1.266868990122197866e+09
3.519986812322865172e-02 1.016479089670259118e+09
3.684198459207260745e-02 1.008939220926760197e+09
3.856070778250449138e-02 1.235338121462200642e+09
4.035961149084377197e-02 9.713165398549145460e+08
4.224243623533543990e-02 1.305457906250445366e+09
4.421309703392971302e-02 1.018828027718330860e+09
4.627569154490460829e-02 1.097566212706254482e+09
4.843450858725836805e-02 1.095559596190826416e+09
5.069403705858849252e-02 7.780980746608313322e+08
5.305897526900069106e-02 8.154043134904618263e+08
5.553424071045594268e-02 8.037180992907913923e+08
5.812498028186940946e-02 8.254861760644688606e+08
6.083658099122266766e-02 9.065024577034256458e+08
6.367468115694234487e-02 7.966777393291817904e+08
6.664518213183667772e-02 7.336722543334436417e+08
6.975426057396794111e-02 8.538340090882430077e+08
7.300838128997587384e-02 7.040536128426856995e+08
7.641431067755764805e-02 7.304007151251721382e+08
7.997913079505601652e-02 7.034748189929502010e+08
8.371025408741054885e-02 5.865736742590472698e+08
8.761543879909236554e-02 5.836362827335397005e+08
9.170280510607109470e-02 5.637790769819215536e+08
9.598085200035742781e-02 5.262234033494757414e+08
1.004584749622301765e-01 5.256277019356296659e+08
1.051449844568940195e-01 5.436327819582608938e+08
1.100501252940287722e-01 4.665796637346233130e+08
1.151840968904851020e-01 4.563620484158592820e+08
1.205575744782594882e-01 4.393959585470066071e+08
1.261817313018468445e-01 4.359532943130247593e+08
1.320682618511266337e-01 4.200507932979858518e+08
1.382294061780912076e-01 3.680886739599378109e+08
1.446779753479788821e-01 3.562891020883803964e+08
1.514273780777332656e-01 3.186104968806602955e+08
1.584916486171791816e-01 2.849865595633320808e+08
1.658854759308886484e-01 2.834253720889495611e+08
1.736242342414167639e-01 2.832978694028412104e+08
1.817240149974163610e-01 2.588797215016637444e+08
1.902016603331038169e-01 2.585178755397243500e+08
1.990747980886495849e-01 2.301704646010580361e+08
2.083618784643124222e-01 2.199597769417935908e+08
2.180822123845329585e-01 2.075528206012230515e+08
2.282560116517592663e-01 1.932210120519999564e+08
2.389044309734965343e-01 1.862971804570612907e+08
2.500496119499697190e-01 1.674547080725132823e+08
2.617147291138638421e-01 1.582245671802159548e+08
2.739240381178740802e-01 1.487924782845413983e+08
2.867029261702632170e-01 1.460702912087368965e+08
3.000779648232989039e-01 1.344235104661721885e+08
3.140769652243355914e-01 1.279918458000239134e+08
3.287290359444262067e-01 1.221796427247264981e+08
3.440646435047088891e-01 1.118918459243481308e+08
3.601156757264223351e-01 1.066671412438595295e+08
3.769155080362766030e-01 9.780227547244171798e+07
3.944990728650497602e-01 9.033071812155975401e+07
4.129029322837124427e-01 8.552477465006457269e+07
4.321653540281166217e-01 8.190955799945284426e+07
4.523263910703274604e-01 7.783732096080578864e+07
4.734279649020536884e-01 7.267284176155407727e+07
4.955139527033520785e-01 6.696463926505807042e+07
5.186302785778565960e-01 6.340306204665609449e+07
5.428250090442419129e-01 5.931891604521524161e+07
5.681484529824789576e-01 5.684568484028112888e+07
5.946532662427046478e-01 5.216312102814874053e+07
6.223945611342215356e-01 5.051414123020280153e+07
6.514300210222929710e-01 4.571927538461942971e+07
6.818200202710160696e-01 4.314516638273783773e+07
7.136277497816758686e-01 4.130907541218996048e+07
7.469193483876155337e-01 3.676395737760951370e+07
7.817640403788362891e-01 3.402838090007775277e+07
8.182342794422867716e-01 3.168119068917842582e+07
8.564058993171398404e-01 3.003872818244024739e+07
8.963582714783228100e-01 2.841442484674924985e+07
9.381744701761730587e-01 2.624326890137996897e+07
9.819414451753946116e-01 2.370569217618405074e+07
1.027750202552496051e+00 2.216928213653418794e+07
1.075695993927647365e+00 2.049917261752286181e+07
1.125878514524432994e+00 1.928205520679406077e+07
1.178402110469330522e+00 1.772132215106562525e+07
1.233375995761962995e+00 1.641382934413034283e+07
1.290914479367274659e+00 1.533864748589397967e+07
1.351137202901832923e+00 1.426156820546923578e+07
1.414169389408483246e+00 1.312433545241987891e+07
1.480142103736643344e+00 1.197042379395545274e+07
1.549192525069651882e+00 1.102494623468876630e+07
1.621464232165851449e+00 1.016634996939309686e+07
1.697107501906508942e+00 9.231509625195151195e+06
1.776279621771362560e+00 8.325024085474544205e+06
1.859145216891527452e+00 7.561191136106860824e+06
1.945876592359817581e+00 6.878817045274999924e+06
2.036654091510258002e+00 6.310313375738780014e+06
2.131666470911770972e+00 5.759881941152790561e+06
2.231111292855769257e+00 5.281668562969306484e+06
2.335195336153773393e+00 4.832324933986715972e+06
2.444135026099235386e+00 4.476025175856925547e+06
2.558156884487600369e+00 4.096023032906466164e+06
2.677498000630348152e+00 3.733386577800536994e+06
2.802406524342412553e+00 3.456108702027694322e+06
2.933142181928062087e+00 3.175644928479926195e+06
