3.069976816238139533e-02 9.276418251640014648e+08
3.213194951921637121e-02 1.308599678178607464e+09
3.363094387046929729e-02 7.220022089853061438e+08
3.519986812322865172e-02 1.029139337511166573e+09
3.684198459207260745e-02 7.639997658674395084e+08
3.856070778250449138e-02 9.964053977797942162e+08
4.035961149084377197e-02 8.944962798644750118e+08
4.224243623533543990e-02 1.196469178329675198e+09
4.421309703392971302e-02 1.044022242494991422e+09
4.627569154490460829e-02 1.056659097448534250e+09
4.843450858725836805e-02 1.003958621244161606e+09
5.069403705858849252e-02 8.140506858897590637e+08
5.305897526900069106e-02 1.052489770511244416e+09
5.553424071045594268e-02 1.001808987972534895e+09
5.812498028186940946e-02 8.397334310270187855e+08
6.083658099122266766e-02 8.456735172419363260e+08
6.367468115694234487e-02 7.646035161811517477e+08
6.664518213183667772e-02 7.800281402801373005e+08
6.975426057396794111e-02 6.406515618348753452e+08
7.300838128997587384e-02 7.018988380118581057e+08
7.641431067755764805e-02 6.590881313598258495e+08
7.997913079505601652e-02 6.083983771397370100e+08
8.371025408741054885e-02 6.501701450778584480e+08
8.761543879909236554e-02 6.081114646982111931e+08
9.170280510607109470e-02 5.568076691234635115e+08
9.598085200035742781e-02 5.394052365064780712e+08
1.004584749622301765e-01 4.921075679327097535e+08
1.051449844568940195e-01 5.142350424323074222e+08
1.100501252940287722e-01 4.675007552466686964e+08
1.151840968904851020e-01 4.796503176423562765e+08
1.205575744782594882e-01 4.077321714042870998e+08
1.261817313018468445e-01 3.777772831261295676e+08
1.320682618511266337e-01 3.899744307189378738e+08
1.382294061780912076e-01 3.580893741528726220e+08
1.446779753479788821e-01 3.405303109004083872e+08
1.514273780777332656e-01 3.025973022681255937e+08
1.584916486171791816e-01 2.830540379677043557e+08
1.658854759308886484e-01 2.828587666613565683e+08
1.736242342414167639e-01 2.738449968427365422e+08
1.817240149974163610e-01 2.487637240221595466e+08
1.902016603331038169e-01 2.352126082650829554e+08
1.990747980886495849e-01 2.288830484636109769e+08
2.083618784643124222e-01 2.179734346613749564e+08
2.180822123845329585e-01 1.886845596575880051e+08
2.282560116517592663e-01 1.840350885301730931e+08
2.389044309734965343e-01 1.780026570206459165e+08
2.500496119499697190e-01 1.708500532746632397e+08
2.617147291138638421e-01 1.598981780186336339e+08
2.739240381178740802e-01 1.497482138472537100e+08
2.867029261702632170e-01 1.365519590228086710e+08
3.000779648232989039e-01 1.348211679024458826e+08
3.140769652243355914e-01 1.279976870959089994e+08
3.287290359444262067e-01 1.153578798843855113e+08
3.440646435047088891e-01 1.065810440973755270e+08
3.601156757264223351e-01 9.975745726645866036e+07
3.769155080362766030e-01 9.514246219794280827e+07
3.944990728650497602e-01 9.135884485297590494e+07
4.129029322837124427e-01 8.486305755612762272e+07
4.321653540281166217e-01 7.883737114532683790e+07
4.523263910703274604e-01 7.516051003461389244e+07
4.734279649020536884e-01 6.957584941904573143e+07
4.955139527033520785e-01 6.675633289261502028e+07
5.186302785778565960e-01 6.228329258000621945e+07
5.428250090442419129e-01 5.760131580472608656e+07
5.681484529824789576e-01 5.462863843902641535e+07
5.946532662427046478e-01 5.095399011749648303e+07
6.223945611342215356e-01 4.738079082495716959e+07
6.514300210222929710e-01 4.436972914373235404e+07
6.818200202710160696e-01 4.222739379506044090e+07
7.136277497816758686e-01 3.844578308630888164e+07
7.469193483876155337e-01 3.598698543633369356e+07
7.817640403788362891e-01 3.339919875602149591e+07
8.182342794422867716e-01 3.165792023021763936e+07
8.564058993171398404e-01 2.905373556204254925e+07
8.963582714783228100e-01 2.771455524510037899e+07
9.381744701761730587e-01 2.529049800415964797e+07
9.819414451753946116e-01 2.348134642103168368e+07
1.027750202552496051e+00 2.169379241105679795e+07
1.075695993927647365e+00 2.072682479047307372e+07
1.125878514524432994e+00 1.945335937346070632e+07
1.178402110469330522e+00 1.770668934845979512e+07
1.233375995761962995e+00 1.637132636914785579e+07
1.290914479367274659e+00 1.517885276322990842e+07
1.351137202901832923e+00 1.378884970136111230e+07
1.414169389408483246e+00 1.266699928073336557e+07
1.480142103736643344e+00 1.171150253170757554e+07
1.549192525069651882e+00 1.089677380327099375e+07
1.621464232165851449e+00 1.017294534288344160e+07
1.697107501906508942e+00 9.322248342066273093e+06
1.776279621771362560e+00 8.465074602242851630e+06
1.859145216891527452e+00 7.599580462512621656e+06
1.945876592359817581e+00 6.868664409810038283e+06
2.036654091510258002e+00 6.289973353598820046e+06
2.131666470911770972e+00 5.714667863609707914e+06
2.231111292855769257e+00 5.299546050471663475e+06
2.335195336153773393e+00 4.762949177387401462e+06
2.444135026099235386e+00 4.387115669868325815e+06
2.558156884487600369e+00 4.056171794858908281e+06
2.677498000630348152e+00 3.667775606493182480e+06
2.802406524342412553e+00 3.382125104549609590e+06
2.933142181928062087e+00 3.093817230149292853e+06
