3.069976816238139533e-02 3.348483588760520220e+08
3.213194951921637121e-02 2.792128762348914742e+08
3.363094387046929729e-02 2.309995890969785750e+08
3.519986812322865172e-02 1.650967753273282051e+08
3.684198459207260745e-02 2.091605952078479230e+08
3.856070778250449138e-02 2.231812633082009256e+08
4.035961149084377197e-02 2.269029847531223297e+08
4.224243623533543990e-02 1.135536755610903651e+08
4.421309703392971302e-02 2.274321834508357644e+08
4.627569154490460829e-02 9.747253607638773322e+07
4.843450858725836805e-02 7.929267505293744802e+07
5.069403705858849252e-02 1.687519770397090614e+08
5.305897526900069106e-02 1.192219550877590925e+08
5.553424071045594268e-02 1.879592871528482735e+08
5.812498028186940946e-02 2.007266881404266953e+08
6.083658099122266766e-02 9.812701966597953439e+07
6.367468115694234487e-02 6.762921743724533916e+07
6.664518213183667772e-02 6.971813764652557671e+07
6.975426057396794111e-02 1.105578465205924511e+08
7.300838128997587384e-02 8.473115803464455903e+07
7.641431067755764805e-02 1.051332173416940868e+08
7.997913079505601652e-02 7.834111124931813776e+07
8.371025408741054885e-02 7.534954252575621009e+07
8.761543879909236554e-02 7.566479637319804728e+07
9.170280510607109470e-02 6.649233924687679112e+07
9.598085200035742781e-02 6.627902077232447267e+07
1.004584749622301765e-01 5.480811568941189349e+07
1.051449844568940195e-01 5.063341414585237205e+07
1.100501252940287722e-01 4.169544773491570354e+07
1.151840968904851020e-01 3.572543513056601584e+07
1.205575744782594882e-01 3.801789818529567122e+07
1.261817313018468445e-01 3.065585645234630257e+07
1.320682618511266337e-01 3.853676074388052523e+07
1.382294061780912076e-01 2.404156507919054478e+07
1.446779753479788821e-01 2.856586940567317605e+07
1.514273780777332656e-01 2.700022199242779613e+07
1.584916486171791816e-01 2.629442170399710536e+07
1.658854759308886484e-01 2.137347001032812148e+07
1.736242342414167639e-01 2.378729254052843153e+07
1.817240149974163610e-01 1.654148856648445129e+07
1.902016603331038169e-01 1.621813470333251916e+07
1.990747980886495849e-01 1.761342573897644505e+07
2.083618784643124222e-01 1.725704194609254599e+07
2.180822123845329585e-01 1.608892128172441386e+07
2.282560116517592663e-01 1.586153506457475759e+07
2.389044309734965343e-01 1.589160262473026104e+07
2.500496119499697190e-01 1.620116625993959047e+07
2.617147291138638421e-01 1.565489182854154333e+07
2.739240381178740802e-01 1.345166587822561152e+07
2.867029261702632170e-01 1.334235766946235299e+07
3.000779648232989039e-01 1.181583683974246494e+07
3.140769652243355914e-01 1.258359400391964242e+07
3.287290359444262067e-01 1.051406963715221547e+07
3.440646435047088891e-01 1.052088060492474027e+07
3.601156757264223351e-01 9.751837438937230036e+06
3.769155080362766030e-01 8.964921833597023040e+06
3.944990728650497602e-01 9.012490665006533265e+06
4.129029322837124427e-01 8.398779937566343695e+06
4.321653540281166217e-01 8.063035503706340678e+06
4.523263910703274604e-01 8.368925655484201387e+06
4.734279649020536884e-01 8.282922960141064599e+06
4.955139527033520785e-01 9.025278997556354851e+06
5.186302785778565960e-01 9.836683945866564289e+06
5.428250090442419129e-01 9.909033944459017366e+06
5.681484529824789576e-01 9.151321015401558951e+06
5.946532662427046478e-01 7.851274522313372232e+06
6.223945611342215356e-01 6.152504840017415583e+06
6.514300210222929710e-01 6.050475117151408456e+06
6.818200202710160696e-01 4.855401300572910346e+06
7.136277497816758686e-01 3.876139911132623907e+06
7.469193483876155337e-01 3.161134987400994170e+06
7.817640403788362891e-01 2.773345062073301058e+06
8.182342794422867716e-01 2.496580048422919121e+06
8.564058993171398404e-01 2.371479212993832305e+06
8.963582714783228100e-01 2.394733286310657859e+06
9.381744701761730587e-01 2.607591038470775355e+06
9.819414451753946116e-01 2.517417097738974728e+06
1.027750202552496051e+00 2.137867054745294154e+06
1.075695993927647365e+00 1.844433291173616890e+06
1.125878514524432994e+00 1.684755976715810364e+06
1.178402110469330522e+00 1.858054361663765274e+06
1.233375995761962995e+00 1.970984847859827336e+06
1.290914479367274659e+00 1.810989679891833570e+06
1.351137202901832923e+00 1.434895208382535959e+06
1.414169389408483246e+00 1.238285945163504221e+06
1.480142103736643344e+00 1.125269083630747860e+06
1.549192525069651882e+00 1.101281391849281266e+06
1.621464232165851449e+00 9.962409194804638391e+05
1.697107501906508942e+00 9.593407891044785501e+05
1.776279621771362560e+00 1.172668722405448556e+06
1.859145216891527452e+00 1.038104120527515654e+06
1.945876592359817581e+00 9.420807872405783273e+05
2.036654091510258002e+00 9.641678935645344900e+05
2.131666470911770972e+00 8.642324536291802069e+05
2.231111292855769257e+00 7.936430191301413579e+05
2.335195336153773393e+00 7.517796854845576454e+05
2.444135026099235386e+00 7.175713739097340731e+05
2.558156884487600369e+00 6.362647285970805679e+05
2.677498000630348152e+00 5.507955268884883262e+05
2.802406524342412553e+00 5.387129750479741488e+05
2.933142181928062087e+00 4.990672324489046005e+05
