3.069976816238139533e-02 1.026243242109136820e+09
3.213194951921637121e-02 7.995630644898524284e+08
3.363094387046929729e-02 9.588226464612915516e+08
3.519986812322865172e-02 9.390542350239316225e+08
3.684198459207260745e-02 8.097863079102274179e+08
3.856070778250449138e-02 6.543521083578644991e+08
4.035961149084377197e-02 9.779212335058398247e+08
4.224243623533543990e-02 6.872888635367445946e+08
4.421309703392971302e-02 6.722191331721723080e+08
4.627569154490460829e-02 7.786274789557495117e+08
4.843450858725836805e-02 8.013782295103391409e+08
5.069403705858849252e-02 6.417988240786292553e+08
5.305897526900069106e-02 7.713585467259690762e+08
5.553424071045594268e-02 7.778187973999547958e+08
5.812498028186940946e-02 7.239810017825694084e+08
6.083658099122266766e-02 7.143298536477925777e+08
6.367468115694234487e-02 5.966516173102977276e+08
6.664518213183667772e-02 5.895915667646825314e+08
6.975426057396794111e-02 6.839935980513813496e+08
7.300838128997587384e-02 6.188628282489290237e+08
7.641431067755764805e-02 5.184022197123379707e+08
7.997913079505601652e-02 5.721016727284717560e+08
8.371025408741054885e-02 5.677977495604687929e+08
8.761543879909236554e-02 5.529312690532361269e+08
9.170280510607109470e-02 5.257315079468365312e+08
9.598085200035742781e-02 5.296260688444302082e+08
1.004584749622301765e-01 4.575876103885883689e+08
1.051449844568940195e-01 4.352423192475070953e+08
1.100501252940287722e-01 4.621325059318776727e+08
1.151840968904851020e-01 4.325253616411125064e+08
1.205575744782594882e-01 3.847345593446267247e+08
1.261817313018468445e-01 3.571906404531317949e+08
1.320682618511266337e-01 3.560085292271080017e+08
1.382294061780912076e-01 3.506226781557623744e+08
1.446779753479788821e-01 3.111410994964759350e+08
1.514273780777332656e-01 3.056686475348628759e+08
1.584916486171791816e-01 2.817209009958386421e+08
1.658854759308886484e-01 2.612652299288761616e+08
1.736242342414167639e-01 2.617995954389884174e+08
1.817240149974163610e-01 2.601198744461149275e+08
1.902016603331038169e-01 2.328018253844383061e+08
1.990747980886495849e-01 2.233191108831698895e+08
2.083618784643124222e-01 2.053812237890176773e+08
2.180822123845329585e-01 2.004286552569371462e+08
2.282560116517592663e-01 1.849323006808032691e+08
2.389044309734965343e-01 1.743573876636424065e+08
2.500496119499697190e-01 1.605232192022728622e+08
2.617147291138638421e-01 1.529813860466502905e+08
2.739240381178740802e-01 1.393713300925488472e+08
2.867029261702632170e-01 1.383829530484738946e+08
3.000779648232989039e-01 1.276290287608248889e+08
3.140769652243355914e-01 1.214452938395018131e+08
3.287290359444262067e-01 1.107070412836052775e+08
3.440646435047088891e-01 1.048043034315484166e+08
3.601156757264223351e-01 1.003519270876333266e+08
3.769155080362766030e-01 9.286241480376845598e+07
3.944990728650497602e-01 8.622790394579587877e+07
4.129029322837124427e-01 8.362457805594262481e+07
4.321653540281166217e-01 7.817412094690321386e+07
4.523263910703274604e-01 7.312737174417002499e+07
4.734279649020536884e-01 6.980354855391888320e+07
4.955139527033520785e-01 6.499206753397321701e+07
5.186302785778565960e-01 5.941204147868751734e+07
5.428250090442419129e-01 5.745188629055812210e+07
5.681484529824789576e-01 5.366967074563658237e+07
5.946532662427046478e-01 5.057255380197157711e+07
6.223945611342215356e-01 4.684870169805756211e+07
6.514300210222929710e-01 4.546357378175535053e+07
6.818200202710160696e-01 4.252020524730498344e+07
7.136277497816758686e-01 4.018094874729990214e+07
7.469193483876155337e-01 3.709466047063235193e+07
7.817640403788362891e-01 3.530019628028578311e+07
8.182342794422867716e-01 3.222500046837858111e+07
8.564058993171398404e-01 3.070360804001384228e+07
8.963582714783228100e-01 2.846679877131849900e+07
9.381744701761730587e-01 2.695002321272157505e+07
9.819414451753946116e-01 2.486515556824889779e+07
1.027750202552496051e+00 2.326904810077406093e+07
1.075695993927647365e+00 2.165093729623614997e+07
1.125878514524432994e+00 2.008500701582902670e+07
1.178402110469330522e+00 1.865161055625776574e+07
1.233375995761962995e+00 1.747927223351832852e+07
1.290914479367274659e+00 1.617644876050273702e+07
1.351137202901832923e+00 1.513663003871210478e+07
1.414169389408483246e+00 1.388002296624818631e+07
1.480142103736643344e+00 1.288290648819936439e+07
1.549192525069651882e+00 1.174688717305750400e+07
1.621464232165851449e+00 1.055483405545806326e+07
1.697107501906508942e+00 9.436317507042085752e+06
1.776279621771362560e+00 8.573692212869744748e+06
1.859145216891527452e+00 7.851837646909360774e+06
1.945876592359817581e+00 7.243760782046609558e+06
2.036654091510258002e+00 6.508249555953668430e+06
2.131666470911770972e+00 6.042012017519815825e+06
2.231111292855769257e+00 5.446214394644544460e+06
2.335195336153773393e+00 4.971659668010586873e+06
2.444135026099235386e+00 4.555786530110959895e+06
2.558156884487600369e+00 4.232392831531452015e+06
2.677498000630348152e+00 3.877893585229381919e+06
2.802406524342412553e+00 3.529975499040348455e+06
2.933142181928062087e+00 3.275093539803422056e+06
