3.069976816238139533e-02 1.167400376143008947e+09
3.213194951921637121e-02 1.253211415526753902e+09
3.363094387046929729e-02 1.023999786461290598e+09
3.519986812322865172e-02 9.941222987010560036e+08
3.684198459207260745e-02 1.351523967560787916e+09
3.856070778250449138e-02 9.949169903137321472e+08
4.035961149084377197e-02 1.089317352899121046e+09
4.224243623533543990e-02 1.292278522273291826e+09
4.421309703392971302e-02 1.084775066639701366e+09
4.627569154490460829e-02 1.120191355967494726e+09
4.843450858725836805e-02 9.317786342189432383e+08
5.069403705858849252e-02 8.162326642364181280e+08
5.305897526900069106e-02 9.930549551340279579e+08
5.553424071045594268e-02 8.998157262234344482e+08
5.812498028186940946e-02 7.562166816430698633e+08
6.083658099122266766e-02 7.443090251182789803e+08
6.367468115694234487e-02 7.695473336129209995e+08
6.664518213183667772e-02 7.001278759097479582e+08
6.975426057396794111e-02 6.329540680408570766e+08
7.300838128997587384e-02 6.770362025254374743e+08
7.641431067755764805e-02 6.579797988318961859e+08
7.997913079505601652e-02 6.121417505360690355e+08
8.371025408741054885e-02 5.904716597309696674e+08
8.761543879909236554e-02 6.093916711141545773e+08
9.170280510607109470e-02 5.727348554998785257e+08
9.598085200035742781e-02 5.335395844664007425e+08
1.004584749622301765e-01 5.037053349060202241e+08
1.051449844568940195e-01 4.345036454337596893e+08
1.100501252940287722e-01 4.388360282913963199e+08
1.151840968904851020e-01 3.817652795440341234e+08
1.205575744782594882e-01 4.052997213796676993e+08
1.261817313018468445e-01 4.011942020952857137e+08
1.320682618511266337e-01 3.504389854834586978e+08
1.382294061780912076e-01 3.349795438941485286e+08
1.446779753479788821e-01 3.267376370117613673e+08
1.514273780777332656e-01 3.172255037886976004e+08
1.584916486171791816e-01 2.789896702891616821e+08
1.658854759308886484e-01 2.777073415786924958e+08
1.736242342414167639e-01 2.685243620147182941e+08
1.817240149974163610e-01 2.471256817030156851e+08
1.902016603331038169e-01 2.327906915219731033e+08
1.990747980886495849e-01 2.123721316778725386e+08
2.083618784643124222e-01 2.043205959867613614e+08
2.180822123845329585e-01 1.956237477159765959e+08
2.282560116517592663e-01 1.775149451838871241e+08
2.389044309734965343e-01 1.687777548866021931e+08
2.500496119499697190e-01 1.665212353301430047e+08
2.617147291138638421e-01 1.471389286338852942e+08
2.739240381178740802e-01 1.393804057812632620e+08
2.867029261702632170e-01 1.337439947320591360e+08
3.000779648232989039e-01 1.257640899455906451e+08
3.140769652243355914e-01 1.164324352460067123e+08
3.287290359444262067e-01 1.106256793255514801e+08
3.440646435047088891e-01 1.043597882501851767e+08
3.601156757264223351e-01 9.527729902615466714e+07
3.769155080362766030e-01 9.014247285461226106e+07
3.944990728650497602e-01 8.485050036141152680e+07
4.129029322837124427e-01 8.324553523665331304e+07
4.321653540281166217e-01 7.641948275358887017e+07
4.523263910703274604e-01 6.883039133279177547e+07
4.734279649020536884e-01 6.526205358802498132e+07
4.955139527033520785e-01 5.977742784640891105e+07
5.186302785778565960e-01 5.883978159988386184e+07
5.428250090442419129e-01 5.473758146162457019e+07
5.681484529824789576e-01 5.003298556337733567e+07
5.946532662427046478e-01 4.755980208219443262e+07
6.223945611342215356e-01 4.620671474967675656e+07
6.514300210222929710e-01 4.291305784445820749e+07
6.818200202710160696e-01 3.987755408806049824e+07
7.136277497816758686e-01 3.705485863409201801e+07
7.469193483876155337e-01 3.541500772473038733e+07
7.817640403788362891e-01 3.227392138719171658e+07
8.182342794422867716e-01 2.978087657401179150e+07
8.564058993171398404e-01 2.816015576823945343e+07
8.963582714783228100e-01 2.641511393016015366e+07
9.381744701761730587e-01 2.499562827214779332e+07
9.819414451753946116e-01 2.305868845387098938e+07
1.027750202552496051e+00 2.083131463015190139e+07
1.075695993927647365e+00 1.950348825135036930e+07
1.125878514524432994e+00 1.836696202669823170e+07
1.178402110469330522e+00 1.693879648919039220e+07
1.233375995761962995e+00 1.574220850798550621e+07
1.290914479367274659e+00 1.486349585592537001e+07
1.351137202901832923e+00 1.360348183528176323e+07
1.414169389408483246e+00 1.268876743522804044e+07
1.480142103736643344e+00 1.141274299516653642e+07
1.549192525069651882e+00 1.045464428126901947e+07
1.621464232165851449e+00 9.751003842885300517e+06
1.697107501906508942e+00 8.964552599665582180e+06
1.776279621771362560e+00 8.169891453566842712e+06
1.859145216891527452e+00 7.399978148366270587e+06
1.945876592359817581e+00 6.828952597320617177e+06
2.036654091510258002e+00 6.196346000915923156e+06
2.131666470911770972e+00 5.641435500663556159e+06
2.231111292855769257e+00 5.320636334540965036e+06
2.335195336153773393e+00 4.855751559930531308e+06
2.444135026099235386e+00 4.439025601779893041e+06
2.558156884487600369e+00 4.063805834720810410e+06
2.677498000630348152e+00 3.755475397657101508e+06
2.802406524342412553e+00 3.418722927808690816e+06
2.933142181928062087e+00 3.087628077928316779e+06
