3.069976816238139533e-02 1.151341105608362198e+09
3.213194951921637121e-02 1.077150342498358965e+09
3.363094387046929729e-02 7.217937396459133625e+08
3.519986812322865172e-02 1.021500474688869238e+09
3.684198459207260745e-02 1.227269442975193977e+09
3.856070778250449138e-02 9.416386153237223625e+08
4.035961149084377197e-02 1.543324044272905350e+09
4.224243623533543990e-02 1.075437611958931446e+09
4.421309703392971302e-02 9.654203241152822971e+08
4.627569154490460829e-02 9.393549766177871227e+08
4.843450858725836805e-02 1.085608938529056311e+09
5.069403705858849252e-02 9.732044004631000757e+08
5.305897526900069106e-02 1.090343688145071030e+09
5.553424071045594268e-02 9.269027445864861012e+08
5.812498028186940946e-02 9.803494307021977901e+08
6.083658099122266766e-02 8.489421834923421144e+08
6.367468115694234487e-02 7.848349147586593628e+08
6.664518213183667772e-02 7.514889620247001648e+08
6.975426057396794111e-02 8.335288166938220263e+08
7.300838128997587384e-02 6.965979865575686693e+08
7.641431067755764805e-02 7.184192803872253895e+08
7.997913079505601652e-02 6.804232935766837597e+08
8.371025408741054885e-02 6.051258543305857182e+08
8.761543879909236554e-02 5.625156045410225391e+08
9.170280510607109470e-02 5.599114203425915241e+08
9.598085200035742781e-02 5.314522921367233396e+08
1.004584749622301765e-01 5.802670768863610029e+08
1.051449844568940195e-01 5.049179764049054384e+08
1.100501252940287722e-01 4.870298558145375252e+08
1.151840968904851020e-01 4.723137680503256321e+08
1.205575744782594882e-01 4.490533971571917534e+08
1.261817313018468445e-01 3.978160138462161422e+08
1.320682618511266337e-01 3.702691886201502085e+08
1.382294061780912076e-01 3.765147591255689859e+08
1.446779753479788821e-01 3.261410719552874565e+08
1.514273780777332656e-01 3.425371545153048038e+08
1.584916486171791816e-01 3.124597371511151791e+08
1.658854759308886484e-01 3.080482087415196300e+08
1.736242342414167639e-01 2.823153817360159755e+08
1.817240149974163610e-01 2.761773646597828865e+08
1.902016603331038169e-01 2.416617304220877290e+08
1.990747980886495849e-01 2.387431725612671077e+08
2.083618784643124222e-01 2.251743298939101994e+08
2.180822123845329585e-01 2.040514620616755486e+08
2.282560116517592663e-01 1.933570408459024727e+08
2.389044309734965343e-01 1.906309567174801826e+08
2.500496119499697190e-01 1.820676446006065905e+08
2.617147291138638421e-01 1.729837783951937854e+08
2.739240381178740802e-01 1.517484916977421641e+08
2.867029261702632170e-01 1.400104857496893406e+08
3.000779648232989039e-01 1.384254214358027875e+08
3.140769652243355914e-01 1.285443538231692165e+08
3.287290359444262067e-01 1.205660197917800993e+08
3.440646435047088891e-01 1.152157696617219150e+08
3.601156757264223351e-01 1.108904001939656734e+08
3.769155080362766030e-01 1.001667131526798308e+08
3.944990728650497602e-01 9.624418132516847551e+07
4.129029322837124427e-01 9.031680200128355622e+07
4.321653540281166217e-01 8.302225775584769249e+07
4.523263910703274604e-01 7.786229667970634997e+07
4.734279649020536884e-01 7.635683277785998583e+07
4.955139527033520785e-01 6.907893080813178420e+07
5.186302785778565960e-01 6.432783354212390631e+07
5.428250090442419129e-01 6.146830391975908726e+07
5.681484529824789576e-01 5.930018886100564897e+07
5.946532662427046478e-01 5.325555055252043158e+07
6.223945611342215356e-01 4.985764932352395356e+07
6.514300210222929710e-01 4.645902159760662168e+07
6.818200202710160696e-01 4.251207627988743037e+07
7.136277497816758686e-01 4.071413199372774363e+07
7.469193483876155337e-01 3.834902619119234383e+07
7.817640403788362891e-01 3.567616445726755261e+07
8.182342794422867716e-01 3.260376585821267217e+07
8.564058993171398404e-01 3.015018011754701287e+07
8.963582714783228100e-01 2.780807967351593077e+07
9.381744701761730587e-01 2.625987760808267072e+07
9.819414451753946116e-01 2.451511579527858272e+07
1.027750202552496051e+00 2.284165726633049175e+07
1.075695993927647365e+00 2.118587829041250795e+07
1.125878514524432994e+00 1.943509113358430192e+07
1.178402110469330522e+00 1.834010231193415076e+07
1.233375995761962995e+00 1.680623394790391251e+07
1.290914479367274659e+00 1.544885517869670689e+07
1.351137202901832923e+00 1.439434346484913491e+07
1.414169389408483246e+00 1.318634790522675589e+07
1.480142103736643344e+00 1.219433037611306459e+07
1.549192525069651882e+00 1.118617948611539975e+07
1.621464232165851449e+00 1.002655155524838902e+07
1.697107501906508942e+00 9.143468848563212901e+06
1.776279621771362560e+00 8.249232454779904336e+06
1.859145216891527452e+00 7.636525784596363083e+06
1.945876592359817581e+00 6.998136751357479952e+06
2.036654091510258002e+00 6.355464080280481838e+06
2.131666470911770972e+00 5.614416740661093034e+06
2.231111292855769257e+00 5.050082943941938691e+06
2.335195336153773393e+00 4.638734613554452546e+06
2.444135026099235386e+00 4.209597153811594471e+06
2.558156884487600369e+00 3.900610547667812090e+06
2.677498000630348152e+00 3.613234180900682230e+06
2.802406524342412553e+00 3.327556402523005381e+06
2.933142181928062087e+00 3.037673615290576126e+06
