3.069976816238139533e-02 1.217048698188489914e+09
3.213194951921637121e-02 9.066076659917072058e+08
3.363094387046929729e-02 1.278422726729022503e+09
3.519986812322865172e-02 1.162467157620520353e+09
3.684198459207260745e-02 8.614175815857064724e+08
3.856070778250449138e-02 1.071365400879632235e+09
4.035961149084377197e-02 9.006447632390332222e+08
4.224243623533543990e-02 9.660405118063220978e+08
4.421309703392971302e-02 7.617974737900460958e+08
4.627569154490460829e-02 1.016492836454041243e+09
4.843450858725836805e-02 8.441006904250963926e+08
5.069403705858849252e-02 8.941132666291534901e+08
5.305897526900069106e-02 9.117239464280791283e+08
5.553424071045594268e-02 8.058603189323613644e+08
5.812498028186940946e-02 8.649702887009497881e+08
6.083658099122266766e-02 6.176651016296944618e+08
6.367468115694234487e-02 7.071365394000796080e+08
6.664518213183667772e-02 7.103264221870038509e+08
6.975426057396794111e-02 7.270226605363081694e+08
7.300838128997587384e-02 6.630146296144478321e+08
7.641431067755764805e-02 6.351586962880582809e+08
7.997913079505601652e-02 5.739636415148134232e+08
8.371025408741054885e-02 5.706796105666561127e+08
8.761543879909236554e-02 5.278723861847523451e+08
9.170280510607109470e-02 5.590415639720619917e+08
9.598085200035742781e-02 5.491181991411275864e+08
1.004584749622301765e-01 5.095841970973266959e+08
1.051449844568940195e-01 4.461380904404251575e+08
1.100501252940287722e-01 4.440321532500158548e+08
1.151840968904851020e-01 4.195048205730241537e+08
1.205575744782594882e-01 3.832117743612828255e+08
1.261817313018468445e-01 3.723641031730541587e+08
1.320682618511266337e-01 3.689362160672367811e+08
1.382294061780912076e-01 3.464092539622687101e+08
1.446779753479788821e-01 3.238471763766461015e+08
1.514273780777332656e-01 3.064110461681577563e+08
1.584916486171791816e-01 2.865105241455671787e+08
1.658854759308886484e-01 2.761901149476830959e+08
1.736242342414167639e-01 2.773921420775359273e+08
1.817240149974163610e-01 2.447431180068526268e+08
1.902016603331038169e-01 2.330936697196074128e+08
1.990747980886495849e-01 2.109550405992695689e+08
2.083618784643124222e-01 2.111173251801895201e+08
2.180822123845329585e-01 1.988104651202786565e+08
2.282560116517592663e-01 1.875758256269227564e+08
2.389044309734965343e-01 1.764666225349724889e+08
2.500496119499697190e-01 1.631988272240192890e+08
2.617147291138638421e-01 1.534947474544139802e+08
2.739240381178740802e-01 1.470699907124064863e+08
2.867029261702632170e-01 1.402453332682849467e+08
3.000779648232989039e-01 1.315435100791478455e+08
3.140769652243355914e-01 1.243118410818031430e+08
3.287290359444262067e-01 1.113630407929691672e+08
3.440646435047088891e-01 1.093163955505849123e+08
3.601156757264223351e-01 9.900783958997677267e+07
3.769155080362766030e-01 9.734541174110281467e+07
3.944990728650497602e-01 8.689286588124132156e+07
4.129029322837124427e-01 8.426118136973996460e+07
4.321653540281166217e-01 7.887225008890786767e+07
4.523263910703274604e-01 7.525918972954334319e+07
4.734279649020536884e-01 6.865597297814965248e+07
4.955139527033520785e-01 6.530041523046673834e+07
5.186302785778565960e-01 6.134837690522284061e+07
5.428250090442419129e-01 5.735317348818948865e+07
5.681484529824789576e-01 5.402632980650210381e+07
5.946532662427046478e-01 4.953153655941233784e+07
6.223945611342215356e-01 4.708663726689498872e+07
6.514300210222929710e-01 4.483864844714724272e+07
6.818200202710160696e-01 4.095832977291990072e+07
7.136277497816758686e-01 3.845162413035334647e+07
7.469193483876155337e-01 3.591804762926598638e+07
7.817640403788362891e-01 3.359270013989096135e+07
8.182342794422867716e-01 3.125593418417268619e+07
8.564058993171398404e-01 2.872019311326581240e+07
8.963582714783228100e-01 2.689558964893156663e+07
9.381744701761730587e-01 2.493326938091493398e+07
9.819414451753946116e-01 2.293052959935641661e+07
1.027750202552496051e+00 2.139243526911245659e+07
1.075695993927647365e+00 1.975199026372198015e+07
1.125878514524432994e+00 1.835947966750127822e+07
1.178402110469330522e+00 1.682643707830291241e+07
1.233375995761962995e+00 1.560102554803354107e+07
1.290914479367274659e+00 1.432571918804276176e+07
1.351137202901832923e+00 1.336825724887566082e+07
1.414169389408483246e+00 1.241388210171711445e+07
1.480142103736643344e+00 1.143080653180919029e+07
1.549192525069651882e+00 1.045860041517989710e+07
1.621464232165851449e+00 9.784670879266712815e+06
1.697107501906508942e+00 8.867003788922686130e+06
1.776279621771362560e+00 8.226718619845726527e+06
1.859145216891527452e+00 7.460627542369927280e+06
1.945876592359817581e+00 6.848229197194363922e+06
2.036654091510258002e+00 6.316429294687453657e+06
2.131666470911770972e+00 5.711506764522063546e+06
2.231111292855769257e+00 5.184494771950915456e+06
2.335195336153773393e+00 4.766862558982088231e+06
2.444135026099235386e+00 4.308718318717979826e+06
2.558156884487600369e+00 3.926890094975982327e+06
2.677498000630348152e+00 3.585136385587435681e+06
2.802406524342412553e+00 3.309761591333381366e+06
2.933142181928062087e+00 3.046103795332558453e+06
