3.069976816238139533e-02 7.742079909982582331e+08
3.213194951921637121e-02 6.125320126883187294e+08
3.363094387046929729e-02 7.720419371305503845e+08
3.519986812322865172e-02 8.420224708200802803e+08
3.684198459207260745e-02 8.788691538257628679e+08
3.856070778250449138e-02 8.209411497493489981e+08
4.035961149084377197e-02 9.966221578044965267e+08
4.224243623533543990e-02 6.052069468094693422e+08
4.421309703392971302e-02 8.092922820954571962e+08
4.627569154490460829e-02 6.206150630954031944e+08
4.843450858725836805e-02 1.039907678959257126e+09
5.069403705858849252e-02 6.556180317629164457e+08
5.305897526900069106e-02 6.870588583747622967e+08
5.553424071045594268e-02 6.039648724804949760e+08
5.812498028186940946e-02 5.873073318453036547e+08
6.083658099122266766e-02 6.491442771929353476e+08
6.367468115694234487e-02 6.521858529714152813e+08
6.664518213183667772e-02 6.443298643816814423e+08
6.975426057396794111e-02 6.065820266447058916e+08
7.300838128997587384e-02 6.509417872905930281e+08
7.641431067755764805e-02 5.101101608015763760e+08
7.997913079505601652e-02 6.171223877425813675e+08
8.371025408741054885e-02 5.467876941308386326e+08
8.761543879909236554e-02 4.953823556694389582e+08
9.170280510607109470e-02 5.415994111418421268e+08
9.598085200035742781e-02 4.478502667773513198e+08
1.004584749622301765e-01 4.714320194041378498e+08
1.051449844568940195e-01 4.528913454685279131e+08
1.100501252940287722e-01 4.460974590233268738e+08
1.151840968904851020e-01 4.061044418896846175e+08
1.205575744782594882e-01 4.007537917421116829e+08
1.261817313018468445e-01 3.774710197201312184e+08
1.320682618511266337e-01 3.464610069597961903e+08
1.382294061780912076e-01 3.453965570453525186e+08
1.446779753479788821e-01 2.947174328428431153e+08
1.514273780777332656e-01 3.031218757346303463e+08
1.584916486171791816e-01 2.685371533988937140e+08
1.658854759308886484e-01 2.826513041714870930e+08
1.736242342414167639e-01 2.629516139831944406e+08
1.817240149974163610e-01 2.347984168193005621e+08
1.902016603331038169e-01 2.242074871137599349e+08
1.990747980886495849e-01 2.161581508657639325e+08
2.083618784643124222e-01 2.116231547899789512e+08
2.180822123845329585e-01 1.977490832530341446e+08
2.282560116517592663e-01 1.859454313993315697e+08
2.389044309734965343e-01 1.719287700494830608e+08
2.500496119499697190e-01 1.569882947662792206e+08
2.617147291138638421e-01 1.491251010692729652e+08
2.739240381178740802e-01 1.448469247616519928e+08
2.867029261702632170e-01 1.279051237509991974e+08
3.000779648232989039e-01 1.200528198244299889e+08
3.140769652243355914e-01 1.175117671503427178e+08
3.287290359444262067e-01 1.143201787091192156e+08
3.440646435047088891e-01 1.028744222437114716e+08
3.601156757264223351e-01 9.742809107827243209e+07
3.769155080362766030e-01 9.230027663375169039e+07
3.944990728650497602e-01 8.757065725732901692e+07
4.129029322837124427e-01 8.090779401617458463e+07
4.321653540281166217e-01 7.497199960283739865e+07
4.523263910703274604e-01 7.083372411157616973e+07
4.734279649020536884e-01 6.846616511938399076e+07
4.955139527033520785e-01 6.250476403981350362e+07
5.186302785778565960e-01 5.882621857424730808e+07
5.428250090442419129e-01 5.504568136894269288e+07
5.681484529824789576e-01 5.290494928178023547e+07
5.946532662427046478e-01 4.818703982350928336e+07
6.223945611342215356e-01 4.530159584318288416e+07
6.514300210222929710e-01 4.375546827224656194e+07
6.818200202710160696e-01 4.029709626683305949e+07
7.136277497816758686e-01 3.891373440935298055e+07
7.469193483876155337e-01 3.604784295248273015e+07
7.817640403788362891e-01 3.417631638646619022e+07
8.182342794422867716e-01 3.270120997829487547e+07
8.564058993171398404e-01 2.960466025885816291e+07
8.963582714783228100e-01 2.856080883698601276e+07
9.381744701761730587e-01 2.629741934413928539e+07
9.819414451753946116e-01 2.411576487230470777e+07
1.027750202552496051e+00 2.271338885327540338e+07
1.075695993927647365e+00 2.075925265083031729e+07
1.125878514524432994e+00 1.992960028079873696e+07
1.178402110469330522e+00 1.849047171534055844e+07
1.233375995761962995e+00 1.740520490239302441e+07
1.290914479367274659e+00 1.595939823100415431e+07
1.351137202901832923e+00 1.470484585635845922e+07
1.414169389408483246e+00 1.364960779041364044e+07
1.480142103736643344e+00 1.259269747894137353e+07
1.549192525069651882e+00 1.173571683116557822e+07
1.621464232165851449e+00 1.071707585837468877e+07
1.697107501906508942e+00 9.733724340379849076e+06
1.776279621771362560e+00 8.698547658028448001e+06
1.859145216891527452e+00 7.812334095254487358e+06
1.945876592359817581e+00 7.080237754246551543e+06
2.036654091510258002e+00 6.523716125961933285e+06
2.131666470911770972e+00 5.970096218637013808e+06
2.231111292855769257e+00 5.460005837609520182e+06
2.335195336153773393e+00 4.945037452996131033e+06
2.444135026099235386e+00 4.550131606824733317e+06
2.558156884487600369e+00 4.133306569765002467e+06
2.677498000630348152e+00 3.821733552848767489e+06
2.802406524342412553e+00 3.461994874708877411e+06
2.933142181928062087e+00 3.178710222236400004e+06
