3.069976816238139533e-02 8.998860023052856922e+08
3.213194951921637121e-02 7.027132639012230635e+08
3.363094387046929729e-02 8.728891696310255527e+08
3.519986812322865172e-02 7.721086361326676607e+08
3.684198459207260745e-02 7.255085297549839020e+08
3.856070778250449138e-02 6.363084675254513025e+08
4.035961149084377197e-02 9.803724420729703903e+08
4.224243623533543990e-02 6.186474098538620472e+08
4.421309703392971302e-02 7.271878011141325235e+08
4.627569154490460829e-02 9.629790988203903437e+08
4.843450858725836805e-02 7.526108984785664082e+08
5.069403705858849252e-02 6.061444340576170683e+08
5.305897526900069106e-02 8.408589349232454300e+08
5.553424071045594268e-02 7.636690932527234554e+08
5.812498028186940946e-02 7.002200839371075630e+08
6.083658099122266766e-02 6.580682357789593935e+08
6.367468115694234487e-02 6.294213086795780659e+08
6.664518213183667772e-02 6.875402267566869259e+08
6.975426057396794111e-02 7.019542180033633709e+08
7.300838128997587384e-02 6.653390873397465944e+08
7.641431067755764805e-02 5.898197371784040928e+08
7.997913079505601652e-02 6.039680188821790218e+08
8.371025408741054885e-02 4.555275864473364949e+08
8.761543879909236554e-02 5.624997140986149311e+08
9.170280510607109470e-02 4.570416712535940409e+08
9.598085200035742781e-02 5.269140399553484321e+08
1.004584749622301765e-01 4.722799089359688163e+08
1.051449844568940195e-01 4.475760267557992339e+08
1.100501252940287722e-01 4.028607969779200554e+08
1.151840968904851020e-01 3.993515716651059389e+08
1.205575744782594882e-01 3.972951279049053788e+08
1.261817313018468445e-01 3.433348735495002866e+08
1.320682618511266337e-01 3.214563178958203197e+08
1.382294061780912076e-01 3.252755261958094835e+08
1.446779753479788821e-01 3.264261655826957822e+08
1.514273780777332656e-01 2.875823820185260773e+08
1.584916486171791816e-01 2.912197172621946335e+08
1.658854759308886484e-01 2.706436763600597978e+08
1.736242342414167639e-01 2.468449061630219817e+08
1.817240149974163610e-01 2.516430366226883531e+08
1.902016603331038169e-01 2.326283281223893464e+08
1.990747980886495849e-01 2.245532539344077110e+08
2.083618784643124222e-01 2.069186523304556310e+08
2.180822123845329585e-01 1.873605571667546332e+08
2.282560116517592663e-01 1.825340159823902249e+08
2.389044309734965343e-01 1.704688219258283675e+08
2.500496119499697190e-01 1.554480024970743954e+08
2.617147291138638421e-01 1.476206372801534832e+08
2.739240381178740802e-01 1.412784855022083819e+08
2.867029261702632170e-01 1.392139967352897227e+08
3.000779648232989039e-01 1.317254509542172253e+08
3.140769652243355914e-01 1.145302678074581474e+08
3.287290359444262067e-01 1.083283861428990066e+08
3.440646435047088891e-01 9.690081060616911948e+07
3.601156757264223351e-01 9.516718945024253428e+07
3.769155080362766030e-01 9.044366692298296094e+07
3.944990728650497602e-01 8.537635071871998906e+07
4.129029322837124427e-01 7.876215760221637785e+07
4.321653540281166217e-01 7.658851657829238474e+07
4.523263910703274604e-01 7.063209946831129491e+07
4.734279649020536884e-01 6.801051462527409196e+07
4.955139527033520785e-01 6.159688944845176488e+07
5.186302785778565960e-01 5.792277891640669852e+07
5.428250090442419129e-01 5.641737384477423131e+07
5.681484529824789576e-01 5.145917141470085829e+07
5.946532662427046478e-01 4.864976436772935092e+07
6.223945611342215356e-01 4.403075964579390734e+07
6.514300210222929710e-01 4.224100343946216255e+07
6.818200202710160696e-01 3.904252505737730861e+07
7.136277497816758686e-01 3.661211449512957036e+07
7.469193483876155337e-01 3.422275194505747408e+07
7.817640403788362891e-01 3.245178287548434734e+07
8.182342794422867716e-01 3.045860804100140557e+07
8.564058993171398404e-01 2.869240485131743923e+07
8.963582714783228100e-01 2.623818264448944852e+07
9.381744701761730587e-01 2.490759088853815198e+07
9.819414451753946116e-01 2.290901393559248000e+07
1.027750202552496051e+00 2.161949227515717968e+07
1.075695993927647365e+00 2.015261473824142665e+07
1.125878514524432994e+00 1.887669618979603052e+07
1.178402110469330522e+00 1.798461100091846287e+07
1.233375995761962995e+00 1.668792282851759531e+07
1.290914479367274659e+00 1.539105292719907686e+07
1.351137202901832923e+00 1.416743473282758333e+07
1.414169389408483246e+00 1.288451596240464039e+07
1.480142103736643344e+00 1.200192489161906578e+07
1.549192525069651882e+00 1.090567014961342886e+07
1.621464232165851449e+00 9.981618961219301447e+06
1.697107501906508942e+00 8.997978123951071873e+06
1.776279621771362560e+00 8.331502520098901354e+06
1.859145216891527452e+00 7.543163311672491021e+06
1.945876592359817581e+00 6.892455031048416160e+06
2.036654091510258002e+00 6.274698546707401983e+06
2.131666470911770972e+00 5.749939998397284187e+06
2.231111292855769257e+00 5.269276436334501021e+06
2.335195336153773393e+00 4.780992032646316104e+06
2.444135026099235386e+00 4.370631327165218070e+06
2.558156884487600369e+00 3.989010393757852726e+06
2.677498000630348152e+00 3.673660169707223773e+06
2.802406524342412553e+00 3.356672399892342277e+06
2.933142181928062087e+00 3.043082177744687069e+06
