3.069976816238139533e-02 1.194444732242962122e+09
3.213194951921637121e-02 8.786199629577779770e+08
3.363094387046929729e-02 1.022145744303068161e+09
3.519986812322865172e-02 8.512938208543616533e+08
3.684198459207260745e-02 8.869892736296567917e+08
3.856070778250449138e-02 1.045180684289003253e+09
4.035961149084377197e-02 1.011474917407451510e+09
4.224243623533543990e-02 9.215743066280066967e+08
4.421309703392971302e-02 7.996604917780272961e+08
4.627569154490460829e-02 7.031775550199426413e+08
4.843450858725836805e-02 7.855833422395198345e+08
5.069403705858849252e-02 6.547420456904942989e+08
5.305897526900069106e-02 7.506836608329497576e+08
5.553424071045594268e-02 7.938133255198613405e+08
5.812498028186940946e-02 6.867391194262847900e+08
6.083658099122266766e-02 6.973185073722761869e+08
6.367468115694234487e-02 7.861095775659366846e+08
6.664518213183667772e-02 6.989414929772927761e+08
6.975426057396794111e-02 6.242868991245824099e+08
7.300838128997587384e-02 5.597599848209409714e+08
7.641431067755764805e-02 6.807348745394294262e+08
7.997913079505601652e-02 5.768465999898660183e+08
8.371025408741054885e-02 5.383365726192308664e+08
8.761543879909236554e-02 5.183696145586907268e+08
9.170280510607109470e-02 5.455548409099383354e+08
9.598085200035742781e-02 5.397645981158947945e+08
1.004584749622301765e-01 4.784657515513606071e+08
1.051449844568940195e-01 4.428930972955225110e+08
1.100501252940287722e-01 4.343457678225283623e+08
1.151840968904851020e-01 4.106743466986371279e+08
1.205575744782594882e-01 4.158098523216101527e+08
1.261817313018468445e-01 3.990272179509449601e+08
1.320682618511266337e-01 3.500714206320846081e+08
1.382294061780912076e-01 3.451406866141912937e+08
1.446779753479788821e-01 3.300514165959021449e+08
1.514273780777332656e-01 3.168302746798631549e+08
1.584916486171791816e-01 2.912504769795857668e+08
1.658854759308886484e-01 2.684564833267797828e+08
1.736242342414167639e-01 2.606593638073454499e+08
1.817240149974163610e-01 2.421741870214596391e+08
1.902016603331038169e-01 2.323549287276473641e+08
1.990747980886495849e-01 2.139792109313946068e+08
2.083618784643124222e-01 2.053792624183498621e+08
2.180822123845329585e-01 1.865727223635471761e+08
2.282560116517592663e-01 1.859959088328751028e+08
2.389044309734965343e-01 1.638512523720165193e+08
2.500496119499697190e-01 1.603525470170609653e+08
2.617147291138638421e-01 1.495960700308681726e+08
2.739240381178740802e-01 1.385514942765242159e+08
2.867029261702632170e-01 1.368616570182512701e+08
3.000779648232989039e-01 1.241483131812139302e+08
3.140769652243355914e-01 1.157148691398904920e+08
3.287290359444262067e-01 1.068836850721923858e+08
3.440646435047088891e-01 1.063405176509782225e+08
3.601156757264223351e-01 9.777423474046377838e+07
3.769155080362766030e-01 9.397074179055692255e+07
3.944990728650497602e-01 8.598765236540272832e+07
4.129029322837124427e-01 7.976231540171094239e+07
4.321653540281166217e-01 7.613917229299144447e+07
4.523263910703274604e-01 7.176102691604968905e+07
4.734279649020536884e-01 6.592064950447495282e+07
4.955139527033520785e-01 6.187460360702326894e+07
5.186302785778565960e-01 5.954389326266497374e+07
5.428250090442419129e-01 5.464851851475636661e+07
5.681484529824789576e-01 5.157388544087120891e+07
5.946532662427046478e-01 4.783110274046833813e+07
6.223945611342215356e-01 4.520906845332796127e+07
6.514300210222929710e-01 4.288373538879787177e+07
6.818200202710160696e-01 3.916931378847517818e+07
7.136277497816758686e-01 3.712945328407214582e+07
7.469193483876155337e-01 3.472871066339199245e+07
7.817640403788362891e-01 3.266858844208252802e+07
8.182342794422867716e-01 3.053861577509230748e+07
8.564058993171398404e-01 2.844925155057331920e+07
8.963582714783228100e-01 2.675963351765263081e+07
9.381744701761730587e-01 2.485759655625046417e+07
9.819414451753946116e-01 2.327516763035977632e+07
1.027750202552496051e+00 2.183251060183274001e+07
1.075695993927647365e+00 2.013071069710896909e+07
1.125878514524432994e+00 1.876393695382181928e+07
1.178402110469330522e+00 1.777616213675292581e+07
1.233375995761962995e+00 1.622057319777955301e+07
1.290914479367274659e+00 1.520888917298953980e+07
1.351137202901832923e+00 1.396637379509942234e+07
1.414169389408483246e+00 1.275946196222531237e+07
1.480142103736643344e+00 1.172920326206104271e+07
1.549192525069651882e+00 1.086757853724926710e+07
1.621464232165851449e+00 9.851244435213824734e+06
1.697107501906508942e+00 9.029913196222253144e+06
1.776279621771362560e+00 8.220480292506976053e+06
1.859145216891527452e+00 7.573266206875965931e+06
1.945876592359817581e+00 6.850729068703705445e+06
2.036654091510258002e+00 6.327191221504900604e+06
2.131666470911770972e+00 5.743288183928929269e+06
2.231111292855769257e+00 5.296208217486470938e+06
2.335195336153773393e+00 4.833810433030914515e+06
2.444135026099235386e+00 4.403465698230081238e+06
2.558156884487600369e+00 4.056441011042357888e+06
2.677498000630348152e+00 3.698421199580470566e+06
2.802406524342412553e+00 3.407505989791190252e+06
2.933142181928062087e+00 3.092865559924650472e+06
