3.069976816238139533e-02 1.139390483033197880e+09
3.213194951921637121e-02 1.008884364547563076e+09
3.363094387046929729e-02 1.286025403770510435e+09
3.519986812322865172e-02 1.247593318024865627e+09
3.684198459207260745e-02 1.169949096067013741e+09
3.856070778250449138e-02 8.851279663401749134e+08
4.035961149084377197e-02 1.185643597351175308e+09
4.224243623533543990e-02 8.821844910956182480e+08
4.421309703392971302e-02 1.042044516851998091e+09
4.627569154490460829e-02 5.700381902463444471e+08
4.843450858725836805e-02 8.617989700085829496e+08
5.069403705858849252e-02 9.328651214197771549e+08
5.305897526900069106e-02 1.023925756871688604e+09
5.553424071045594268e-02 9.139483667520351410e+08
5.812498028186940946e-02 7.642890664483853579e+08
6.083658099122266766e-02 9.320040859272179604e+08
6.367468115694234487e-02 8.518895073676224947e+08
6.664518213183667772e-02 7.203946364856088161e+08
6.975426057396794111e-02 6.924442660705373287e+08
7.300838128997587384e-02 7.670147307611163855e+08
7.641431067755764805e-02 6.747054852919638157e+08
7.997913079505601652e-02 5.757710825896222591e+08
8.371025408741054885e-02 5.337858443805558085e+08
8.761543879909236554e-02 5.660458073646495342e+08
9.170280510607109470e-02 5.294721978728204966e+08
9.598085200035742781e-02 5.047631992546859384e+08
1.004584749622301765e-01 4.844604234859620929e+08
1.051449844568940195e-01 4.822869298719652891e+08
1.100501252940287722e-01 4.421495312570723891e+08
1.151840968904851020e-01 4.952714826154229045e+08
1.205575744782594882e-01 4.213006650296118259e+08
1.261817313018468445e-01 4.125720637068375349e+08
1.320682618511266337e-01 3.874550776205675006e+08
1.382294061780912076e-01 3.644533220692658424e+08
1.446779753479788821e-01 3.275676294120619297e+08
1.514273780777332656e-01 3.320317323038744330e+08
1.584916486171791816e-01 3.094625264483600855e+08
1.658854759308886484e-01 3.000678233029865026e+08
1.736242342414167639e-01 2.889369155853154659e+08
1.817240149974163610e-01 2.773993919705522656e+08
1.902016603331038169e-01 2.587320485090182126e+08
1.990747980886495849e-01 2.325036713191078901e+08
2.083618784643124222e-01 2.240779829658815861e+08
2.180822123845329585e-01 2.052475053525571525e+08
2.282560116517592663e-01 1.833717037487598956e+08
2.389044309734965343e-01 1.782714673555781543e+08
2.500496119499697190e-01 1.765176749573951364e+08
2.617147291138638421e-01 1.643236155901003182e+08
2.739240381178740802e-01 1.585190897006875575e+08
2.867029261702632170e-01 1.398710722914072275e+08
3.000779648232989039e-01 1.337656685078128427e+08
3.140769652243355914e-01 1.224319788169965446e+08
3.287290359444262067e-01 1.184110448069019318e+08
3.440646435047088891e-01 1.101995829537977278e+08
3.601156757264223351e-01 1.026652810266546309e+08
3.769155080362766030e-01 9.824997877561582625e+07
3.944990728650497602e-01 9.182462045632681251e+07
4.129029322837124427e-01 8.544017598685130477e+07
4.321653540281166217e-01 8.151867181451770663e+07
4.523263910703274604e-01 7.646165120415353775e+07
4.734279649020536884e-01 6.970180524792414904e+07
4.955139527033520785e-01 6.724330882932235301e+07
5.186302785778565960e-01 6.327645888031053543e+07
5.428250090442419129e-01 5.887567742650414258e+07
5.681484529824789576e-01 5.547251003519892693e+07
5.946532662427046478e-01 5.294501116651804000e+07
6.223945611342215356e-01 4.906247313402241468e+07
6.514300210222929710e-01 4.539311739921490848e+07
6.818200202710160696e-01 4.182086406973432750e+07
7.136277497816758686e-01 3.891633564086202532e+07
7.469193483876155337e-01 3.689654703933110088e+07
7.817640403788362891e-01 3.316893780949892849e+07
8.182342794422867716e-01 3.196602347310071439e+07
8.564058993171398404e-01 2.952922455841084570e+07
8.963582714783228100e-01 2.725100144780145586e+07
9.381744701761730587e-01 2.525320791586392000e+07
9.819414451753946116e-01 2.371964137405404076e+07
1.027750202552496051e+00 2.226556049209829420e+07
1.075695993927647365e+00 2.059947895323388278e+07
1.125878514524432994e+00 1.905001986852853373e+07
1.178402110469330522e+00 1.751470141848862916e+07
1.233375995761962995e+00 1.636376855951174721e+07
1.290914479367274659e+00 1.505042804805086367e+07
1.351137202901832923e+00 1.403734632191068120e+07
1.414169389408483246e+00 1.298750050444338471e+07
1.480142103736643344e+00 1.199349601403031126e+07
1.549192525069651882e+00 1.108890711145517416e+07
1.621464232165851449e+00 1.023085092745055631e+07
1.697107501906508942e+00 9.245397015448652208e+06
1.776279621771362560e+00 8.328923048566317186e+06
1.859145216891527452e+00 7.542724368590871803e+06
1.945876592359817581e+00 6.872515078535296023e+06
2.036654091510258002e+00 6.383610315069350414e+06
2.131666470911770972e+00 5.793224245441896841e+06
2.231111292855769257e+00 5.188897693989591673e+06
2.335195336153773393e+00 4.784219172941084951e+06
2.444135026099235386e+00 4.441279083316302858e+06
2.558156884487600369e+00 4.080226142664319836e+06
2.677498000630348152e+00 3.765852993025990669e+06
2.802406524342412553e+00 3.460518407518921886e+06
2.933142181928062087e+00 3.159613273828892503e+06
