3.069976816238139533e-02 1.124415160653642654e+09
3.213194951921637121e-02 8.901299731717305183e+08
3.363094387046929729e-02 1.062378591395318031e+09
3.519986812322865172e-02 8.048889426321809292e+08
3.684198459207260745e-02 8.778058814576919079e+08
3.856070778250449138e-02 9.612843638015793562e+08
4.035961149084377197e-02 9.034262834227561951e+08
4.224243623533543990e-02 7.433936030138490200e+08
4.421309703392971302e-02 6.419071037119641304e+08
4.627569154490460829e-02 7.623682535133903027e+08
4.843450858725836805e-02 8.464387401883623600e+08
5.069403705858849252e-02 7.748958912356953621e+08
5.305897526900069106e-02 7.562639009708741903e+08
5.553424071045594268e-02 8.850450947182630301e+08
5.812498028186940946e-02 6.930145168718889952e+08
6.083658099122266766e-02 8.219859042473024130e+08
6.367468115694234487e-02 6.215907548447668552e+08
6.664518213183667772e-02 6.454130083431380987e+08
6.975426057396794111e-02 5.230492417813364267e+08
7.300838128997587384e-02 6.525031528994275331e+08
7.641431067755764805e-02 5.474298237146329880e+08
7.997913079505601652e-02 5.970814903837436438e+08
8.371025408741054885e-02 5.306417641177348495e+08
8.761543879909236554e-02 5.514951220262717009e+08
9.170280510607109470e-02 4.731991864843273163e+08
9.598085200035742781e-02 5.391448110980458260e+08
1.004584749622301765e-01 4.801076625089229941e+08
1.051449844568940195e-01 4.494943169754428864e+08
1.100501252940287722e-01 4.439779180325381756e+08
1.151840968904851020e-01 4.056657337810298204e+08
1.205575744782594882e-01 4.038535312859529257e+08
1.261817313018468445e-01 3.897543648205116391e+08
1.320682618511266337e-01 3.684929890656955242e+08
1.382294061780912076e-01 3.327495019771984816e+08
1.446779753479788821e-01 3.284660303910098076e+08
1.514273780777332656e-01 2.867183995560685992e+08
1.584916486171791816e-01 3.124612501308579445e+08
1.658854759308886484e-01 2.878787494918307066e+08
1.736242342414167639e-01 2.552126684335357547e+08
1.817240149974163610e-01 2.545080753141524792e+08
1.902016603331038169e-01 2.407737661541930735e+08
1.990747980886495849e-01 2.208633034317576885e+08
2.083618784643124222e-01 2.019079355365256369e+08
2.180822123845329585e-01 2.052548181001298726e+08
2.282560116517592663e-01 1.887631265409399271e+08
2.389044309734965343e-01 1.743400780650559962e+08
2.500496119499697190e-01 1.703180624960219860e+08
2.617147291138638421e-01 1.576575391105836034e+08
2.739240381178740802e-01 1.454362958683829010e+08
2.867029261702632170e-01 1.330845937636207193e+08
3.000779648232989039e-01 1.307253869592956305e+08
3.140769652243355914e-01 1.197204342257197350e+08
3.287290359444262067e-01 1.127604840894279480e+08
3.440646435047088891e-01 1.083205095846823305e+08
3.601156757264223351e-01 9.866791316992245615e+07
3.769155080362766030e-01 9.421282397097727656e+07
3.944990728650497602e-01 8.695449136868499219e+07
4.129029322837124427e-01 8.318283457168510556e+07
4.321653540281166217e-01 7.711523801129944623e+07
4.523263910703274604e-01 7.242216987183907628e+07
4.734279649020536884e-01 6.905898121300286055e+07
4.955139527033520785e-01 6.342348494321682304e+07
5.186302785778565960e-01 6.095455753936000913e+07
5.428250090442419129e-01 5.531235232271344960e+07
5.681484529824789576e-01 5.228926715205266327e+07
5.946532662427046478e-01 4.762597259777970612e+07
6.223945611342215356e-01 4.613304536956516653e+07
6.514300210222929710e-01 4.335157533963976800e+07
6.818200202710160696e-01 4.028339791304431111e+07
7.136277497816758686e-01 3.801154209110106528e+07
7.469193483876155337e-01 3.498361491007594764e+07
7.817640403788362891e-01 3.301538095565194264e+07
8.182342794422867716e-01 3.062950701043482497e+07
8.564058993171398404e-01 2.796913229625013098e+07
8.963582714783228100e-01 2.639957553385153785e+07
9.381744701761730587e-01 2.508567975002761558e+07
9.819414451753946116e-01 2.306489068544564396e+07
1.027750202552496051e+00 2.155047473027332500e+07
1.075695993927647365e+00 1.998543037663076445e+07
1.125878514524432994e+00 1.842207782150344923e+07
1.178402110469330522e+00 1.725037134489527717e+07
1.233375995761962995e+00 1.615634930666459724e+07
1.290914479367274659e+00 1.488455233049967512e+07
1.351137202901832923e+00 1.364646634780215286e+07
1.414169389408483246e+00 1.271392985828406736e+07
1.480142103736643344e+00 1.156975318019322306e+07
1.549192525069651882e+00 1.076000488829394802e+07
1.621464232165851449e+00 9.756989437732823193e+06
1.697107501906508942e+00 9.038874012530155480e+06
1.776279621771362560e+00 8.246284634596855380e+06
1.859145216891527452e+00 7.510096394783106633e+06
1.945876592359817581e+00 6.855546314758486114e+06
2.036654091510258002e+00 6.279432487674751319e+06
2.131666470911770972e+00 5.725782927086293697e+06
2.231111292855769257e+00 5.220203552597439848e+06
2.335195336153773393e+00 4.738748013293902390e+06
2.444135026099235386e+00 4.364820808796828613e+06
2.558156884487600369e+00 3.996828849181414582e+06
2.677498000630348152e+00 3.680366784199026413e+06
2.802406524342412553e+00 3.376176386427465361e+06
2.933142181928062087e+00 3.055206100571198855e+06
