3.069976816238139533e-02 4.720150502869603634e+08
3.213194951921637121e-02 8.406911161236468554e+08
3.363094387046929729e-02 7.849444369020322561e+08
3.519986812322865172e-02 1.005532106940848827e+09
3.684198459207260745e-02 7.006327133187410831e+08
3.856070778250449138e-02 6.594115670314838886e+08
4.035961149084377197e-02 7.456666284867976904e+08
4.224243623533543990e-02 6.743192709264326096e+08
4.421309703392971302e-02 5.731271117237722874e+08
4.627569154490460829e-02 7.526062410727021694e+08
4.843450858725836805e-02 6.373563531248698235e+08
5.069403705858849252e-02 7.107159649563841820e+08
5.305897526900069106e-02 6.942355702740786076e+08
5.553424071045594268e-02 6.921858374883273840e+08
5.812498028186940946e-02 7.573128423218932152e+08
6.083658099122266766e-02 6.040401514002255201e+08
6.367468115694234487e-02 7.128209599955341816e+08
6.664518213183667772e-02 5.791207754276051521e+08
6.975426057396794111e-02 6.159626544698770046e+08
7.300838128997587384e-02 6.252859942870222330e+08
7.641431067755764805e-02 5.838281816652351618e+08
7.997913079505601652e-02 4.937264037315434217e+08
8.371025408741054885e-02 5.699376044544353485e+08
8.761543879909236554e-02 4.963851723908960819e+08
9.170280510607109470e-02 5.068685144436730146e+08
9.598085200035742781e-02 4.978211510871093273e+08
1.004584749622301765e-01 4.586390520153425932e+08
1.051449844568940195e-01 4.555271892165711522e+08
1.100501252940287722e-01 4.464039933679888248e+08
1.151840968904851020e-01 3.914679076293513775e+08
1.205575744782594882e-01 4.077600618920378685e+08
1.261817313018468445e-01 3.997857038003081679e+08
1.320682618511266337e-01 3.604260582882487774e+08
1.382294061780912076e-01 3.078507336192712784e+08
1.446779753479788821e-01 3.144700017352837920e+08
1.514273780777332656e-01 3.056598114411655664e+08
1.584916486171791816e-01 3.052008764362629652e+08
1.658854759308886484e-01 2.769583388748490810e+08
1.736242342414167639e-01 2.564800145696076751e+08
1.817240149974163610e-01 2.418745962930789590e+08
1.902016603331038169e-01 2.549403455964755416e+08
1.990747980886495849e-01 2.244869879692699015e+08
2.083618784643124222e-01 2.087104849765206277e+08
2.180822123845329585e-01 1.982962873915133774e+08
2.282560116517592663e-01 1.884522176544705927e+08
2.389044309734965343e-01 1.700840706494982839e+08
2.500496119499697190e-01 1.660423052495209575e+08
2.617147291138638421e-01 1.553323914327179492e+08
2.739240381178740802e-01 1.485299270978996158e+08
2.867029261702632170e-01 1.370400802716603875e+08
3.000779648232989039e-01 1.265530758921293616e+08
3.140769652243355914e-01 1.184101364703879952e+08
3.287290359444262067e-01 1.117816600396880209e+08
3.440646435047088891e-01 1.063807790218335688e+08
3.601156757264223351e-01 1.008851321676219553e+08
3.769155080362766030e-01 9.377600533389489353e+07
3.944990728650497602e-01 8.964335145988497138e+07
4.129029322837124427e-01 8.126319256934402883e+07
4.321653540281166217e-01 7.877645356498448551e+07
4.523263910703274604e-01 7.458252962339206040e+07
4.734279649020536884e-01 6.877366821970383823e+07
4.955139527033520785e-01 6.536215517585171759e+07
5.186302785778565960e-01 6.107790087342581153e+07
5.428250090442419129e-01 5.874805038440993428e+07
5.681484529824789576e-01 5.440227931361126155e+07
5.946532662427046478e-01 5.119680447219182551e+07
6.223945611342215356e-01 4.723862635116832703e+07
6.514300210222929710e-01 4.358846363937965035e+07
6.818200202710160696e-01 4.224072137347845733e+07
7.136277497816758686e-01 4.000561398419036716e+07
7.469193483876155337e-01 3.675677305799754709e+07
7.817640403788362891e-01 3.408179324463266879e+07
8.182342794422867716e-01 3.204552658710992336e+07
8.564058993171398404e-01 3.006082810792289302e+07
8.963582714783228100e-01 2.831910867877721414e+07
9.381744701761730587e-01 2.668996212828614935e+07
9.819414451753946116e-01 2.513553835184563324e+07
1.027750202552496051e+00 2.365630736281607673e+07
1.075695993927647365e+00 2.256465565834405646e+07
1.125878514524432994e+00 2.098369971608535573e+07
1.178402110469330522e+00 1.943313347029304504e+07
1.233375995761962995e+00 1.812767579346516728e+07
1.290914479367274659e+00 1.663380258231187053e+07
1.351137202901832923e+00 1.537894172043849714e+07
1.414169389408483246e+00 1.412139776779352874e+07
1.480142103736643344e+00 1.297979210659326054e+07
1.549192525069651882e+00 1.204324395890160277e+07
1.621464232165851449e+00 1.105431869834176823e+07
1.697107501906508942e+00 1.012641719560808130e+07
1.776279621771362560e+00 9.236330487851794809e+06
1.859145216891527452e+00 8.569369129947865382e+06
1.945876592359817581e+00 7.771459564389527775e+06
2.036654091510258002e+00 7.030008122294934466e+06
2.131666470911770972e+00 6.315854745665432885e+06
2.231111292855769257e+00 5.646967233521808870e+06
2.335195336153773393e+00 5.077501060695986263e+06
2.444135026099235386e+00 4.703113208018322475e+06
2.558156884487600369e+00 4.231724715941297822e+06
2.677498000630348152e+00 3.855649265331515111e+06
2.802406524342412553e+00 3.548619898848391604e+06
2.933142181928062087e+00 3.254435577305379324e+06
