3.069976816238139533e-02 9.879558288846634626e+08
3.213194951921637121e-02 1.305834803152456760e+09
3.363094387046929729e-02 1.397865091551460505e+09
3.519986812322865172e-02 1.390633183810794592e+09
3.684198459207260745e-02 9.253938026592984200e+08
3.856070778250449138e-02 1.323176821501071453e+09
4.035961149084377197e-02 1.028371833020546198e+09
4.224243623533543990e-02 9.896328787684522867e+08
4.421309703392971302e-02 7.818673427758541107e+08
4.627569154490460829e-02 7.890817665252577066e+08
4.843450858725836805e-02 9.938099934008553028e+08
5.069403705858849252e-02 9.068363008427853584e+08
5.305897526900069106e-02 8.992558554784755707e+08
5.553424071045594268e-02 7.321473120061974525e+08
5.812498028186940946e-02 7.870846965924038887e+08
6.083658099122266766e-02 7.967323035789283514e+08
6.367468115694234487e-02 7.001054631051256657e+08
6.664518213183667772e-02 7.169536571558812857e+08
6.975426057396794111e-02 6.929116441680735350e+08
7.300838128997587384e-02 6.369664616239590645e+08
7.641431067755764805e-02 6.268030667597324848e+08
7.997913079505601652e-02 5.873658960322277546e+08
8.371025408741054885e-02 4.764731928404166698e+08
8.761543879909236554e-02 6.067206516460040808e+08
9.170280510607109470e-02 4.957492200602006912e+08
9.598085200035742781e-02 4.621634272206457853e+08
1.004584749622301765e-01 4.850211113835307360e+08
1.051449844568940195e-01 4.803200031829757690e+08
1.100501252940287722e-01 4.281051756100337505e+08
1.151840968904851020e-01 3.913234060851595402e+08
1.205575744782594882e-01 3.953465315169714093e+08
1.261817313018468445e-01 3.812731845323128700e+08
1.320682618511266337e-01 3.457762642376500964e+08
1.382294061780912076e-01 3.217887935530341268e+08
1.446779753479788821e-01 3.208407703463122845e+08
1.514273780777332656e-01 2.970296058508962393e+08
1.584916486171791816e-01 3.011849998630697131e+08
1.658854759308886484e-01 2.664477717725960910e+08
1.736242342414167639e-01 2.608884920736155212e+08
1.817240149974163610e-01 2.473581647040859759e+08
1.902016603331038169e-01 2.345023887787070274e+08
1.990747980886495849e-01 2.169546573506598473e+08
2.083618784643124222e-01 2.087201974649750292e+08
2.180822123845329585e-01 2.005668505761545002e+08
2.282560116517592663e-01 1.775598224951202273e+08
2.389044309734965343e-01 1.661327583679759204e+08
2.500496119499697190e-01 1.683625935418893099e+08
2.617147291138638421e-01 1.506872698458153903e+08
2.739240381178740802e-01 1.448573565778200924e+08
2.867029261702632170e-01 1.349987326888252497e+08
3.000779648232989039e-01 1.271820730990939140e+08
3.140769652243355914e-01 1.159812563886970729e+08
3.287290359444262067e-01 1.138418943019381315e+08
3.440646435047088891e-01 1.047144497221920788e+08
3.601156757264223351e-01 9.641567102822601795e+07
3.769155080362766030e-01 9.295513915432316065e+07
3.944990728650497602e-01 8.621720478729279339e+07
4.129029322837124427e-01 8.073431462380254269e+07
4.321653540281166217e-01 7.689464976715002954e+07
4.523263910703274604e-01 7.340907899092493951e+07
4.734279649020536884e-01 6.802373852091205120e+07
4.955139527033520785e-01 6.481199877420621365e+07
5.186302785778565960e-01 5.832632955650437623e+07
5.428250090442419129e-01 5.681269650092836469e+07
5.681484529824789576e-01 5.177627208470222354e+07
5.946532662427046478e-01 4.845528339366903901e+07
6.223945611342215356e-01 4.634787656266076118e+07
6.514300210222929710e-01 4.397449339820989966e+07
6.818200202710160696e-01 4.075585403332315385e+07
7.136277497816758686e-01 3.740509525765628368e+07
7.469193483876155337e-01 3.577143827144514024e+07
7.817640403788362891e-01 3.335147143591591343e+07
8.182342794422867716e-01 3.097422201818592474e+07
8.564058993171398404e-01 2.882502385180860758e+07
8.963582714783228100e-01 2.699533074573888630e+07
9.381744701761730587e-01 2.504101035632816330e+07
9.819414451753946116e-01 2.323574848828641325e+07
1.027750202552496051e+00 2.247780769646686688e+07
1.075695993927647365e+00 2.079249525084619969e+07
1.125878514524432994e+00 1.907942936725250632e+07
1.178402110469330522e+00 1.750310965006421879e+07
1.233375995761962995e+00 1.616970889713112079e+07
1.290914479367274659e+00 1.507372400691212155e+07
1.351137202901832923e+00 1.396093380481202342e+07
1.414169389408483246e+00 1.293358721137001552e+07
1.480142103736643344e+00 1.182806778131661750e+07
1.549192525069651882e+00 1.101398064417034760e+07
1.621464232165851449e+00 1.007019075104666501e+07
1.697107501906508942e+00 9.170252675907853991e+06
1.776279621771362560e+00 8.428239256463980302e+06
1.859145216891527452e+00 7.657784983078481629e+06
1.945876592359817581e+00 7.039807280656359158e+06
2.036654091510258002e+00 6.391072343708781525e+06
2.131666470911770972e+00 5.771252358227413148e+06
2.231111292855769257e+00 5.233079028156464919e+06
2.335195336153773393e+00 4.822718882147813216e+06
2.444135026099235386e+00 4.449056770399113186e+06
2.558156884487600369e+00 4.074814871713257395e+06
2.677498000630348152e+00 3.699036063992716372e+06
2.802406524342412553e+00 3.400763814683055505e+06
2.933142181928062087e+00 3.124864735296235420e+06
