3.069976816238139533e-02 6.476041882205686569e+08
3.213194951921637121e-02 4.793222806802287102e+08
3.363094387046929729e-02 3.886976892005127072e+08
3.519986812322865172e-02 7.108313271422342062e+08
3.684198459207260745e-02 1.029806309784087658e+09
3.856070778250449138e-02 7.541291691340613365e+08
4.035961149084377197e-02 5.662815149027379751e+08
4.224243623533543990e-02 6.958372047419345379e+08
4.421309703392971302e-02 6.695861243245569468e+08
4.627569154490460829e-02 7.730314417572785616e+08
4.843450858725836805e-02 7.916891185767381191e+08
5.069403705858849252e-02 6.838166012003774643e+08
5.305897526900069106e-02 5.992619354094362259e+08
5.553424071045594268e-02 4.992261238765922785e+08
5.812498028186940946e-02 8.675679208976751566e+08
6.083658099122266766e-02 5.370365793891559839e+08
6.367468115694234487e-02 6.244786540910129547e+08
6.664518213183667772e-02 5.980396376709394455e+08
6.975426057396794111e-02 5.818682742158261538e+08
7.300838128997587384e-02 6.092914650224875212e+08
7.641431067755764805e-02 6.345155316618685722e+08
7.997913079505601652e-02 5.614203768360047340e+08
8.371025408741054885e-02 5.267695054639324546e+08
8.761543879909236554e-02 5.659099189496281147e+08
9.170280510607109470e-02 5.405085588834463358e+08
9.598085200035742781e-02 5.256093167038223743e+08
1.004584749622301765e-01 4.852916197745596766e+08
1.051449844568940195e-01 4.165612541422574520e+08
1.100501252940287722e-01 4.514980591543573141e+08
1.151840968904851020e-01 4.241591409051364064e+08
1.205575744782594882e-01 4.231558723242084384e+08
1.261817313018468445e-01 4.083941977634239793e+08
1.320682618511266337e-01 3.579329519955216646e+08
1.382294061780912076e-01 3.640925930741826296e+08
1.446779753479788821e-01 3.361724814057935476e+08
1.514273780777332656e-01 3.221425469575358629e+08
1.584916486171791816e-01 3.050385826974514723e+08
1.658854759308886484e-01 2.761361292773545384e+08
1.736242342414167639e-01 2.716591033283872008e+08
1.817240149974163610e-01 2.578172195579259098e+08
1.902016603331038169e-01 2.477631584814056456e+08
1.990747980886495849e-01 2.271300760909990668e+08
2.083618784643124222e-01 2.292298139904918671e+08
2.180822123845329585e-01 2.218610415301946998e+08
2.282560116517592663e-01 1.869268486203420162e+08
2.389044309734965343e-01 1.804157445075167418e+08
2.500496119499697190e-01 1.667843075342536271e+08
2.617147291138638421e-01 1.586225171460376382e+08
2.739240381178740802e-01 1.455860960703108907e+08
2.867029261702632170e-01 1.377471024194966853e+08
3.000779648232989039e-01 1.315275400865024477e+08
3.140769652243355914e-01 1.224043667310873866e+08
3.287290359444262067e-01 1.125216032125334144e+08
3.440646435047088891e-01 1.070600696309888959e+08
3.601156757264223351e-01 9.950192776053804159e+07
3.769155080362766030e-01 9.665354372255380452e+07
3.944990728650497602e-01 8.816746432351918519e+07
4.129029322837124427e-01 8.089538154241889715e+07
4.321653540281166217e-01 7.706445395464421809e+07
4.523263910703274604e-01 7.075918586039815843e+07
4.734279649020536884e-01 6.854928538467480242e+07
4.955139527033520785e-01 6.300010973983403295e+07
5.186302785778565960e-01 5.867287705137454718e+07
5.428250090442419129e-01 5.546849973054632545e+07
5.681484529824789576e-01 5.354184716237539053e+07
5.946532662427046478e-01 5.024577990560358763e+07
6.223945611342215356e-01 4.548653120339243859e+07
6.514300210222929710e-01 4.298947282236953080e+07
6.818200202710160696e-01 4.073042198783370107e+07
7.136277497816758686e-01 3.739490532847722620e+07
7.469193483876155337e-01 3.566602279769282043e+07
7.817640403788362891e-01 3.223958141599130630e+07
8.182342794422867716e-01 3.057639720480629802e+07
8.564058993171398404e-01 2.861878014098536596e+07
8.963582714783228100e-01 2.561361342217455432e+07
9.381744701761730587e-01 2.484225334935200959e+07
9.819414451753946116e-01 2.271205898331297562e+07
1.027750202552496051e+00 2.159090827992440760e+07
1.075695993927647365e+00 1.981869200868367776e+07
1.125878514524432994e+00 1.880505528467389196e+07
1.178402110469330522e+00 1.720397225307463482e+07
1.233375995761962995e+00 1.607878608233841881e+07
1.290914479367274659e+00 1.471806152246520109e+07
1.351137202901832923e+00 1.371584082070183754e+07
1.414169389408483246e+00 1.258949491956067458e+07
1.480142103736643344e+00 1.155865891472762637e+07
1.549192525069651882e+00 1.077963823330339417e+07
1.621464232165851449e+00 1.002405559402167797e+07
1.697107501906508942e+00 9.146559274519033730e+06
1.776279621771362560e+00 8.521555987885035574e+06
1.859145216891527452e+00 7.833888355228208005e+06
1.945876592359817581e+00 7.212215628020169213e+06
2.036654091510258002e+00 6.666523319503020495e+06
2.131666470911770972e+00 6.017496524922136217e+06
2.231111292855769257e+00 5.489061755762813613e+06
2.335195336153773393e+00 5.020980359183846042e+06
2.444135026099235386e+00 4.534658428633826785e+06
2.558156884487600369e+00 4.195470687725283206e+06
2.677498000630348152e+00 3.798425750700770412e+06
2.802406524342412553e+00 3.480658555958038196e+06
2.933142181928062087e+00 3.207664738724762574e+06
