3.069976816238139533e-02 1.093588320102254391e+09
3.213194951921637121e-02 7.927427631366047859e+08
3.363094387046929729e-02 1.037361719556385398e+09
3.519986812322865172e-02 5.704539566194118261e+08
3.684198459207260745e-02 1.242258102415795803e+09
3.856070778250449138e-02 9.218697237277059555e+08
4.035961149084377197e-02 6.749113038799179792e+08
4.224243623533543990e-02 9.261479098571163416e+08
4.421309703392971302e-02 8.221801086190495491e+08
4.627569154490460829e-02 6.562655246442891359e+08
4.843450858725836805e-02 6.108305232232649326e+08
5.069403705858849252e-02 8.548271014362760782e+08
5.305897526900069106e-02 6.647519885862849951e+08
5.553424071045594268e-02 6.868269476499145031e+08
5.812498028186940946e-02 5.414814485631092787e+08
6.083658099122266766e-02 5.774541581185374260e+08
6.367468115694234487e-02 6.748894191955415010e+08
6.664518213183667772e-02 4.687074047440522909e+08
6.975426057396794111e-02 4.536393340791052580e+08
7.300838128997587384e-02 5.035298327998299003e+08
7.641431067755764805e-02 5.433435923581143618e+08
7.997913079505601652e-02 4.044198689991024137e+08
8.371025408741054885e-02 4.800129227000139356e+08
8.761543879909236554e-02 4.733532926463744044e+08
9.170280510607109470e-02 3.797157549205955267e+08
9.598085200035742781e-02 4.254735058896016479e+08
1.004584749622301765e-01 3.599013617300366163e+08
1.051449844568940195e-01 3.760750076496298313e+08
1.100501252940287722e-01 3.332048285808265209e+08
1.151840968904851020e-01 3.552959028624441624e+08
1.205575744782594882e-01 3.160694872337423563e+08
1.261817313018468445e-01 2.975415650247653723e+08
1.320682618511266337e-01 2.922158233227302432e+08
1.382294061780912076e-01 2.791561514243410826e+08
1.446779753479788821e-01 2.776445109498826861e+08
1.514273780777332656e-01 2.460429747339613140e+08
1.584916486171791816e-01 2.553606984536505342e+08
1.658854759308886484e-01 2.236127522357289195e+08
1.736242342414167639e-01 2.090970797327793837e+08
1.817240149974163610e-01 2.102791179434224069e+08
1.902016603331038169e-01 1.902679429673691392e+08
1.990747980886495849e-01 1.761361334259856045e+08
2.083618784643124222e-01 1.646936107592396438e+08
2.180822123845329585e-01 1.434705647985949814e+08
2.282560116517592663e-01 1.345114005988343358e+08
2.389044309734965343e-01 1.306769449165112078e+08
2.500496119499697190e-01 1.140413722858520597e+08
2.617147291138638421e-01 1.101608528756239116e+08
2.739240381178740802e-01 1.055263280924586654e+08
2.867029261702632170e-01 9.825692318712013960e+07
3.000779648232989039e-01 9.321792452918377519e+07
3.140769652243355914e-01 8.866753284255880117e+07
3.287290359444262067e-01 8.068744233639019728e+07
3.440646435047088891e-01 7.177795787279784679e+07
3.601156757264223351e-01 6.766759422010368109e+07
3.769155080362766030e-01 5.751747831492076814e+07
3.944990728650497602e-01 5.365588418989084661e+07
4.129029322837124427e-01 4.797935666899368912e+07
4.321653540281166217e-01 4.339074641183346510e+07
4.523263910703274604e-01 4.047687198195333779e+07
4.734279649020536884e-01 3.733330130131158233e+07
4.955139527033520785e-01 3.340256289172419533e+07
5.186302785778565960e-01 3.004818672834940255e+07
5.428250090442419129e-01 2.776547306407987699e+07
5.681484529824789576e-01 2.535961240282067657e+07
5.946532662427046478e-01 2.326153374566670135e+07
6.223945611342215356e-01 2.104984804025304690e+07
6.514300210222929710e-01 1.966328948246135563e+07
6.818200202710160696e-01 1.829224922515799478e+07
7.136277497816758686e-01 1.599164742072358727e+07
7.469193483876155337e-01 1.460304316175523959e+07
7.817640403788362891e-01 1.240705204620043747e+07
8.182342794422867716e-01 1.148532894482495822e+07
8.564058993171398404e-01 1.040249603746621497e+07
8.963582714783228100e-01 9.568922531243095174e+06
9.381744701761730587e-01 8.867196800540935248e+06
9.819414451753946116e-01 7.988489784647359513e+06
1.027750202552496051e+00 7.422849379728027619e+06
1.075695993927647365e+00 6.909593181628154591e+06
1.125878514524432994e+00 6.606028177484503016e+06
1.178402110469330522e+00 5.937706505851104856e+06
1.233375995761962995e+00 5.465633193414663896e+06
1.290914479367274659e+00 5.171013119813296944e+06
1.351137202901832923e+00 4.712580782651165500e+06
1.414169389408483246e+00 4.188941224597738590e+06
1.480142103736643344e+00 3.764626281448567286e+06
1.549192525069651882e+00 3.408425534607815556e+06
1.621464232165851449e+00 3.355430586584348697e+06
1.697107501906508942e+00 3.081954780391443986e+06
1.776279621771362560e+00 2.873576456849572714e+06
1.859145216891527452e+00 2.720697914175196085e+06
1.945876592359817581e+00 2.422129473348156549e+06
2.036654091510258002e+00 2.286661320006757509e+06
2.131666470911770972e+00 2.114778044983417727e+06
2.231111292855769257e+00 1.908780839448620798e+06
2.335195336153773393e+00 1.746198955381981097e+06
2.444135026099235386e+00 1.613366125561656430e+06
2.558156884487600369e+00 1.499504096705740318e+06
2.677498000630348152e+00 1.463512051466934150e+06
2.802406524342412553e+00 1.300427098946809769e+06
2.933142181928062087e+00 1.218498854483415140e+06
