3.069976816238139533e-02 1.767934739968640566e+09
3.213194951921637121e-02 1.413117063814851761e+09
3.363094387046929729e-02 1.478373191059623480e+09
3.519986812322865172e-02 1.372597344523269176e+09
3.684198459207260745e-02 1.479086405108835220e+09
3.856070778250449138e-02 1.302526885815141678e+09
4.035961149084377197e-02 9.899960350044808388e+08
4.224243623533543990e-02 1.312325028657621861e+09
4.421309703392971302e-02 1.081615468802927971e+09
4.627569154490460829e-02 9.982442119170196056e+08
4.843450858725836805e-02 1.051095752501486063e+09
5.069403705858849252e-02 9.583786036171128750e+08
5.305897526900069106e-02 9.516560778438882828e+08
5.553424071045594268e-02 9.441406920643115044e+08
5.812498028186940946e-02 8.588714310744335651e+08
6.083658099122266766e-02 8.364966858430504799e+08
6.367468115694234487e-02 8.095830422577602863e+08
6.664518213183667772e-02 6.712742440336426497e+08
6.975426057396794111e-02 6.191412440165220499e+08
7.300838128997587384e-02 6.651821627953969240e+08
7.641431067755764805e-02 6.055603757896660566e+08
7.997913079505601652e-02 5.481138679077079296e+08
8.371025408741054885e-02 5.409117328926081657e+08
8.761543879909236554e-02 5.379567712219951153e+08
9.170280510607109470e-02 5.242651526794331670e+08
9.598085200035742781e-02 5.357864398685860634e+08
1.004584749622301765e-01 4.874472197952477336e+08
1.051449844568940195e-01 4.520736771537411809e+08
1.100501252940287722e-01 4.600563929433106184e+08
1.151840968904851020e-01 3.840659675377392769e+08
1.205575744782594882e-01 3.969273731712298989e+08
1.261817313018468445e-01 3.586629325484829545e+08
1.320682618511266337e-01 3.504793131116749644e+08
1.382294061780912076e-01 3.431971911721997261e+08
1.446779753479788821e-01 3.491203690319925547e+08
1.514273780777332656e-01 3.117063578552962542e+08
1.584916486171791816e-01 3.022523216731435657e+08
1.658854759308886484e-01 2.806658331207721233e+08
1.736242342414167639e-01 2.609610036373833716e+08
1.817240149974163610e-01 2.446889673118916750e+08
1.902016603331038169e-01 2.421405930994753838e+08
1.990747980886495849e-01 2.180249867288663685e+08
2.083618784643124222e-01 2.121809065268649459e+08
2.180822123845329585e-01 1.901629717132781446e+08
2.282560116517592663e-01 1.839537413451867700e+08
2.389044309734965343e-01 1.811904165692795813e+08
2.500496119499697190e-01 1.595311896005894542e+08
2.617147291138638421e-01 1.531176155839878619e+08
2.739240381178740802e-01 1.411003550214008987e+08
2.867029261702632170e-01 1.329042742174390256e+08
3.000779648232989039e-01 1.294569283138566315e+08
3.140769652243355914e-01 1.163878202086803168e+08
3.287290359444262067e-01 1.163319328635873348e+08
3.440646435047088891e-01 1.067039751879224181e+08
3.601156757264223351e-01 9.585310761772024632e+07
3.769155080362766030e-01 9.328489564776735008e+07
3.944990728650497602e-01 9.046477063035653532e+07
4.129029322837124427e-01 8.545903100563561916e+07
4.321653540281166217e-01 7.620842433742462099e+07
4.523263910703274604e-01 7.429424951294907928e+07
4.734279649020536884e-01 6.956689118150489032e+07
4.955139527033520785e-01 6.616474164140067995e+07
5.186302785778565960e-01 6.197214089845894277e+07
5.428250090442419129e-01 5.693808812228188664e+07
5.681484529824789576e-01 5.376293158855603635e+07
5.946532662427046478e-01 5.044301606063347310e+07
6.223945611342215356e-01 4.799747241635820270e+07
6.514300210222929710e-01 4.502871265844549984e+07
6.818200202710160696e-01 4.064603145857573301e+07
7.136277497816758686e-01 3.861123990252115577e+07
7.469193483876155337e-01 3.639972253571794182e+07
7.817640403788362891e-01 3.325463093808537722e+07
8.182342794422867716e-01 3.130847416415783390e+07
8.564058993171398404e-01 2.906617299607653171e+07
8.963582714783228100e-01 2.703886318294413388e+07
9.381744701761730587e-01 2.535188331459369138e+07
9.819414451753946116e-01 2.370939103584272414e+07
1.027750202552496051e+00 2.197807344794089720e+07
1.075695993927647365e+00 2.042905311976634338e+07
1.125878514524432994e+00 1.928562080249867216e+07
1.178402110469330522e+00 1.781218182080024481e+07
1.233375995761962995e+00 1.608554103441255726e+07
1.290914479367274659e+00 1.485752496679249406e+07
1.351137202901832923e+00 1.388940346811902523e+07
1.414169389408483246e+00 1.285104022479484603e+07
1.480142103736643344e+00 1.180897056352986582e+07
1.549192525069651882e+00 1.071862000448000804e+07
1.621464232165851449e+00 9.767417602867938578e+06
1.697107501906508942e+00 8.901314388593366370e+06
1.776279621771362560e+00 8.029659786019464955e+06
1.859145216891527452e+00 7.497848247136591002e+06
1.945876592359817581e+00 6.701630366386744194e+06
2.036654091510258002e+00 6.190847654716183431e+06
2.131666470911770972e+00 5.623859352714805864e+06
2.231111292855769257e+00 5.216015954472916201e+06
2.335195336153773393e+00 4.812920155163103715e+06
2.444135026099235386e+00 4.529638987829109654e+06
2.558156884487600369e+00 4.212868268051415682e+06
2.677498000630348152e+00 3.870472449518520851e+06
2.802406524342412553e+00 3.576792939762359019e+06
2.933142181928062087e+00 3.239325620165086817e+06
