3.069976816238139533e-02 1.550185877786792278e+09
3.213194951921637121e-02 1.580383288133381844e+09
3.363094387046929729e-02 1.685580369770864487e+09
3.519986812322865172e-02 1.414559587285975695e+09
3.684198459207260745e-02 1.537216170574273586e+09
3.856070778250449138e-02 1.353075001170871735e+09
4.035961149084377197e-02 1.185055423553197861e+09
4.224243623533543990e-02 1.167700207565289497e+09
4.421309703392971302e-02 1.022966889181606770e+09
4.627569154490460829e-02 1.251635564537791967e+09
4.843450858725836805e-02 1.147037408421688795e+09
5.069403705858849252e-02 9.953298312448389530e+08
5.305897526900069106e-02 8.741174326591850519e+08
5.553424071045594268e-02 9.288338388691617250e+08
5.812498028186940946e-02 9.539296016364166737e+08
6.083658099122266766e-02 8.172579560234913826e+08
6.367468115694234487e-02 8.563666821574826241e+08
6.664518213183667772e-02 9.286989312293741703e+08
6.975426057396794111e-02 6.844597574667688608e+08
7.300838128997587384e-02 7.085572468067169189e+08
7.641431067755764805e-02 6.945108989009234905e+08
7.997913079505601652e-02 6.785755346205341816e+08
8.371025408741054885e-02 6.680718048812805414e+08
8.761543879909236554e-02 6.319452373884571791e+08
9.170280510607109470e-02 5.502037559802737236e+08
9.598085200035742781e-02 5.450391244113452435e+08
1.004584749622301765e-01 5.518741171952934265e+08
1.051449844568940195e-01 4.996360774460989237e+08
1.100501252940287722e-01 4.805014511468679905e+08
1.151840968904851020e-01 4.286301447668194175e+08
1.205575744782594882e-01 4.405683194675642848e+08
1.261817313018468445e-01 4.362216593019092083e+08
1.320682618511266337e-01 3.777829036255307198e+08
1.382294061780912076e-01 3.646170056630315781e+08
1.446779753479788821e-01 3.427417942241077423e+08
1.514273780777332656e-01 3.390488724472023249e+08
1.584916486171791816e-01 2.908031164244218469e+08
1.658854759308886484e-01 2.953138834870370030e+08
1.736242342414167639e-01 2.778499419701561928e+08
1.817240149974163610e-01 2.460483687309577167e+08
1.902016603331038169e-01 2.429580762726906538e+08
1.990747980886495849e-01 2.234235606648368537e+08
2.083618784643124222e-01 2.207541641762533486e+08
2.180822123845329585e-01 1.939124025940524340e+08
2.282560116517592663e-01 1.888065228439653814e+08
2.389044309734965343e-01 1.777751276454135478e+08
2.500496119499697190e-01 1.710801927215682864e+08
2.617147291138638421e-01 1.569413899117992222e+08
2.739240381178740802e-01 1.502976367740507424e+08
2.867029261702632170e-01 1.405073971377854645e+08
3.000779648232989039e-01 1.384272791250673831e+08
3.140769652243355914e-01 1.269284538202022165e+08
3.287290359444262067e-01 1.176138129142604023e+08
3.440646435047088891e-01 1.096823066165089309e+08
3.601156757264223351e-01 9.990981615214101970e+07
3.769155080362766030e-01 9.949149473539538682e+07
3.944990728650497602e-01 9.195161567774531245e+07
4.129029322837124427e-01 8.427964115679290891e+07
4.321653540281166217e-01 7.866813128522203863e+07
4.523263910703274604e-01 7.250785954556156695e+07
4.734279649020536884e-01 6.829158220958359540e+07
4.955139527033520785e-01 6.629018860242617875e+07
5.186302785778565960e-01 6.167996473708396405e+07
5.428250090442419129e-01 5.798295241752681881e+07
5.681484529824789576e-01 5.391111536504886299e+07
5.946532662427046478e-01 5.053075125233903527e+07
6.223945611342215356e-01 4.747288722059746087e+07
6.514300210222929710e-01 4.345292268657092750e+07
6.818200202710160696e-01 4.055752119221752137e+07
7.136277497816758686e-01 3.821155937025771290e+07
7.469193483876155337e-01 3.644380949952641129e+07
7.817640403788362891e-01 3.297495958220792934e+07
8.182342794422867716e-01 3.128643882533026487e+07
8.564058993171398404e-01 2.889604666450533643e+07
8.963582714783228100e-01 2.707065441844819486e+07
9.381744701761730587e-01 2.512526570026633143e+07
9.819414451753946116e-01 2.296726957672403753e+07
1.027750202552496051e+00 2.180826834365844354e+07
1.075695993927647365e+00 2.026676383167003840e+07
1.125878514524432994e+00 1.871691743117031828e+07
1.178402110469330522e+00 1.751084988169289380e+07
1.233375995761962995e+00 1.625864274452120624e+07
1.290914479367274659e+00 1.489605292728109471e+07
1.351137202901832923e+00 1.362390494584403373e+07
1.414169389408483246e+00 1.287213365784157068e+07
1.480142103736643344e+00 1.173673742689300887e+07
1.549192525069651882e+00 1.054834036579064839e+07
1.621464232165851449e+00 9.651996603022404015e+06
1.697107501906508942e+00 8.941308365755951032e+06
1.776279621771362560e+00 8.132195117709946819e+06
1.859145216891527452e+00 7.401120249443247914e+06
1.945876592359817581e+00 6.813743607843555510e+06
2.036654091510258002e+00 6.239834889106961899e+06
2.131666470911770972e+00 5.811710789998735301e+06
2.231111292855769257e+00 5.282029191009040922e+06
2.335195336153773393e+00 4.799958864471054636e+06
2.444135026099235386e+00 4.397467430939094163e+06
2.558156884487600369e+00 4.018692276913512498e+06
2.677498000630348152e+00 3.698894432459165342e+06
2.802406524342412553e+00 3.373643884740765672e+06
2.933142181928062087e+00 3.082553611568371765e+06
