3.069976816238139533e-02 1.036647144268365383e+09
3.213194951921637121e-02 1.127190763887353659e+09
3.363094387046929729e-02 1.152647128912566900e+09
3.519986812322865172e-02 9.191031412893965244e+08
3.684198459207260745e-02 7.983069887308075428e+08
3.856070778250449138e-02 9.321538761579831839e+08
4.035961149084377197e-02 9.954755851974467039e+08
4.224243623533543990e-02 8.978038013250453472e+08
4.421309703392971302e-02 9.593943657849993706e+08
4.627569154490460829e-02 1.009085010135836601e+09
4.843450858725836805e-02 9.491054273320503235e+08
5.069403705858849252e-02 7.897875246983922720e+08
5.305897526900069106e-02 6.912943983227839470e+08
5.553424071045594268e-02 6.816822581720399857e+08
5.812498028186940946e-02 7.717809094812220335e+08
6.083658099122266766e-02 7.852063374879542589e+08
6.367468115694234487e-02 7.334187787353134155e+08
6.664518213183667772e-02 8.206332238973568678e+08
6.975426057396794111e-02 7.179779880890079737e+08
7.300838128997587384e-02 6.226996788765114546e+08
7.641431067755764805e-02 6.100595657121753693e+08
7.997913079505601652e-02 5.906665708148171902e+08
8.371025408741054885e-02 6.094747501045541763e+08
8.761543879909236554e-02 5.121430307204017639e+08
9.170280510607109470e-02 5.481972224175242186e+08
9.598085200035742781e-02 4.855218833870692253e+08
1.004584749622301765e-01 4.501680713413690329e+08
1.051449844568940195e-01 4.800179308529660106e+08
1.100501252940287722e-01 4.422371363352361321e+08
1.151840968904851020e-01 4.306948234109129906e+08
1.205575744782594882e-01 4.009509314691923261e+08
1.261817313018468445e-01 4.236743235312644243e+08
1.320682618511266337e-01 3.599936805991200805e+08
1.382294061780912076e-01 3.552468918703429699e+08
1.446779753479788821e-01 3.243916737020928860e+08
1.514273780777332656e-01 3.243820929860070348e+08
1.584916486171791816e-01 2.896275688623287082e+08
1.658854759308886484e-01 2.653790416965042353e+08
1.736242342414167639e-01 2.550601581601679027e+08
1.817240149974163610e-01 2.476121597809578180e+08
1.902016603331038169e-01 2.305526864508520663e+08
1.990747980886495849e-01 2.208161431250294447e+08
2.083618784643124222e-01 2.110780312513979375e+08
2.180822123845329585e-01 1.983765241088663042e+08
2.282560116517592663e-01 1.841024343427100778e+08
2.389044309734965343e-01 1.697947751866426170e+08
2.500496119499697190e-01 1.628307885920474231e+08
2.617147291138638421e-01 1.546819243293914795e+08
2.739240381178740802e-01 1.457097479147550464e+08
2.867029261702632170e-01 1.336051582550611347e+08
3.000779648232989039e-01 1.285627084897670001e+08
3.140769652243355914e-01 1.227098704171785414e+08
3.287290359444262067e-01 1.126912737694620341e+08
3.440646435047088891e-01 1.051234413370559514e+08
3.601156757264223351e-01 1.016513395975433588e+08
3.769155080362766030e-01 8.978587356048166752e+07
3.944990728650497602e-01 8.681458930130982399e+07
4.129029322837124427e-01 8.053394565545202792e+07
4.321653540281166217e-01 7.501426592777939141e+07
4.523263910703274604e-01 7.056911945160666108e+07
4.734279649020536884e-01 6.662675262072647363e+07
4.955139527033520785e-01 6.306163492281810194e+07
5.186302785778565960e-01 5.879439619541651756e+07
5.428250090442419129e-01 5.607246914529619366e+07
5.681484529824789576e-01 5.148211827061692625e+07
5.946532662427046478e-01 4.817779282665421069e+07
6.223945611342215356e-01 4.597700598466730118e+07
6.514300210222929710e-01 4.285315507644034177e+07
6.818200202710160696e-01 4.039309261401544511e+07
7.136277497816758686e-01 3.807046574009934068e+07
7.469193483876155337e-01 3.575838933097429574e+07
7.817640403788362891e-01 3.321664772806681320e+07
8.182342794422867716e-01 3.155864502642357722e+07
8.564058993171398404e-01 2.997508310166643187e+07
8.963582714783228100e-01 2.750600633259999007e+07
9.381744701761730587e-01 2.623446067881149054e+07
9.819414451753946116e-01 2.448017371527528763e+07
1.027750202552496051e+00 2.225352530940935388e+07
1.075695993927647365e+00 2.081659509500789270e+07
1.125878514524432994e+00 1.923654825258737803e+07
1.178402110469330522e+00 1.821108252595315501e+07
1.233375995761962995e+00 1.703992497658306360e+07
1.290914479367274659e+00 1.547174587365616858e+07
1.351137202901832923e+00 1.429823920603646711e+07
1.414169389408483246e+00 1.314336266027530283e+07
1.480142103736643344e+00 1.188624962031241506e+07
1.549192525069651882e+00 1.110694191027075425e+07
1.621464232165851449e+00 1.025211729684513621e+07
1.697107501906508942e+00 9.228264971851881593e+06
1.776279621771362560e+00 8.365261658256221563e+06
1.859145216891527452e+00 7.752953253585672006e+06
1.945876592359817581e+00 7.068382974708321504e+06
2.036654091510258002e+00 6.498922849788444117e+06
2.131666470911770972e+00 5.920596773428296670e+06
2.231111292855769257e+00 5.384270286417450756e+06
2.335195336153773393e+00 4.974288615214745514e+06
2.444135026099235386e+00 4.534741420840193518e+06
2.558156884487600369e+00 4.167972345211845823e+06
2.677498000630348152e+00 3.852197375211516861e+06
2.802406524342412553e+00 3.501922469149827957e+06
2.933142181928062087e+00 3.188403459886844270e+06
