3.069976816238139533e-02 1.362581769868850946e+09
3.213194951921637121e-02 1.184766002707879782e+09
3.363094387046929729e-02 7.157072761122040749e+08
3.519986812322865172e-02 9.480114195238981247e+08
3.684198459207260745e-02 8.230097706504864693e+08
3.856070778250449138e-02 1.265752880052481174e+09
4.035961149084377197e-02 9.311439415452370644e+08
4.224243623533543990e-02 1.076724216997041702e+09
4.421309703392971302e-02 1.011154671367501497e+09
4.627569154490460829e-02 1.207734444411146402e+09
4.843450858725836805e-02 7.131452069008386135e+08
5.069403705858849252e-02 9.096507492065283060e+08
5.305897526900069106e-02 9.269467735602978468e+08
5.553424071045594268e-02 8.008810026029372215e+08
5.812498028186940946e-02 8.136901030685799122e+08
6.083658099122266766e-02 7.942541039058370590e+08
6.367468115694234487e-02 7.380103602560245991e+08
6.664518213183667772e-02 7.709286174592608213e+08
6.975426057396794111e-02 8.023140971523593664e+08
7.300838128997587384e-02 7.607472987001006603e+08
7.641431067755764805e-02 6.333616020337672234e+08
7.997913079505601652e-02 6.148669125493853092e+08
8.371025408741054885e-02 6.150670959725731611e+08
8.761543879909236554e-02 6.472390650581220388e+08
9.170280510607109470e-02 6.259772152276226282e+08
9.598085200035742781e-02 5.811505303278170824e+08
1.004584749622301765e-01 5.052563507475748062e+08
1.051449844568940195e-01 4.740800242215999365e+08
1.100501252940287722e-01 4.515415533258800507e+08
1.151840968904851020e-01 4.479991913444857001e+08
1.205575744782594882e-01 4.340676646912291646e+08
1.261817313018468445e-01 3.760640387312416434e+08
1.320682618511266337e-01 3.715413344556700587e+08
1.382294061780912076e-01 3.675182003563365340e+08
1.446779753479788821e-01 3.278541939756649733e+08
1.514273780777332656e-01 3.246938062035281658e+08
1.584916486171791816e-01 2.920095175599160194e+08
1.658854759308886484e-01 2.819619938561108708e+08
1.736242342414167639e-01 2.724646078853968978e+08
1.817240149974163610e-01 2.568462006228080392e+08
1.902016603331038169e-01 2.465766984031152725e+08
1.990747980886495849e-01 2.377413238558853269e+08
2.083618784643124222e-01 2.204264100088801682e+08
2.180822123845329585e-01 2.040581926688138545e+08
2.282560116517592663e-01 1.893414380416734815e+08
2.389044309734965343e-01 1.862123695053770542e+08
2.500496119499697190e-01 1.661981857584691048e+08
2.617147291138638421e-01 1.608086888431628346e+08
2.739240381178740802e-01 1.517656846940823793e+08
2.867029261702632170e-01 1.409640753588023484e+08
3.000779648232989039e-01 1.262122367335548103e+08
3.140769652243355914e-01 1.249671425812212527e+08
3.287290359444262067e-01 1.229453272683244497e+08
3.440646435047088891e-01 1.098231234415515661e+08
3.601156757264223351e-01 1.039606913713722527e+08
3.769155080362766030e-01 9.540033310343930125e+07
3.944990728650497602e-01 8.894257473169264197e+07
4.129029322837124427e-01 8.405816182787749171e+07
4.321653540281166217e-01 7.978727114292410016e+07
4.523263910703274604e-01 7.531649221895562112e+07
4.734279649020536884e-01 6.984427764742487669e+07
4.955139527033520785e-01 6.578382884315849841e+07
5.186302785778565960e-01 6.325164141022387892e+07
5.428250090442419129e-01 5.808205235746598989e+07
5.681484529824789576e-01 5.353296212691029161e+07
5.946532662427046478e-01 5.046387139498949051e+07
6.223945611342215356e-01 4.720897494317509979e+07
6.514300210222929710e-01 4.407001264170888811e+07
6.818200202710160696e-01 4.173994313536346704e+07
7.136277497816758686e-01 3.927995877948394418e+07
7.469193483876155337e-01 3.687979214604460448e+07
7.817640403788362891e-01 3.411701594930689037e+07
8.182342794422867716e-01 3.218270235022573546e+07
8.564058993171398404e-01 2.952359458702573180e+07
8.963582714783228100e-01 2.745427950473368540e+07
9.381744701761730587e-01 2.547837772128708661e+07
9.819414451753946116e-01 2.284623754680109397e+07
1.027750202552496051e+00 2.126808526739387214e+07
1.075695993927647365e+00 1.921264045058804378e+07
1.125878514524432994e+00 1.804472155525607988e+07
1.178402110469330522e+00 1.683454302316721529e+07
1.233375995761962995e+00 1.599428799245378561e+07
1.290914479367274659e+00 1.486656256880141236e+07
1.351137202901832923e+00 1.372882285279042087e+07
1.414169389408483246e+00 1.264128853289722465e+07
1.480142103736643344e+00 1.176751988146153465e+07
1.549192525069651882e+00 1.047150321013061516e+07
1.621464232165851449e+00 9.470748015700176358e+06
1.697107501906508942e+00 8.486274517126839608e+06
1.776279621771362560e+00 7.789518186289119534e+06
1.859145216891527452e+00 7.143517015192775987e+06
1.945876592359817581e+00 6.604650992032470182e+06
2.036654091510258002e+00 6.132740169600809924e+06
2.131666470911770972e+00 5.554183360288304277e+06
2.231111292855769257e+00 4.882950434296903200e+06
2.335195336153773393e+00 4.436179208974128589e+06
2.444135026099235386e+00 4.039200626342417207e+06
2.558156884487600369e+00 3.649337231674689334e+06
2.677498000630348152e+00 3.341602964282291941e+06
2.802406524342412553e+00 3.100411030287155416e+06
2.933142181928062087e+00 2.851168805046334863e+06
