3.069976816238139533e-02 1.474609416133866787e+09
3.213194951921637121e-02 1.035230310250319123e+09
3.363094387046929729e-02 1.256178162786094189e+09
3.519986812322865172e-02 1.421650807131852388e+09
3.684198459207260745e-02 1.041899748023507118e+09
3.856070778250449138e-02 9.411489182750740051e+08
4.035961149084377197e-02 8.857436942528800964e+08
4.224243623533543990e-02 9.347504256234197617e+08
4.421309703392971302e-02 1.054783517636309981e+09
4.627569154490460829e-02 9.372886794218444824e+08
4.843450858725836805e-02 1.083634787045578957e+09
5.069403705858849252e-02 9.600196654358270168e+08
5.305897526900069106e-02 9.940981591598069668e+08
5.553424071045594268e-02 8.743306696282114983e+08
5.812498028186940946e-02 7.854078510467100143e+08
6.083658099122266766e-02 8.362540424207085371e+08
6.367468115694234487e-02 8.203219807015738487e+08
6.664518213183667772e-02 8.374623066675170660e+08
6.975426057396794111e-02 7.230140093225446939e+08
7.300838128997587384e-02 7.680134630502450466e+08
7.641431067755764805e-02 6.496050366110435724e+08
7.997913079505601652e-02 6.868462819438825846e+08
8.371025408741054885e-02 6.417471034596210718e+08
8.761543879909236554e-02 6.243453123847092390e+08
9.170280510607109470e-02 6.022050864301942587e+08
9.598085200035742781e-02 6.510181203346585035e+08
1.004584749622301765e-01 5.568071043079440594e+08
1.051449844568940195e-01 5.476173711220551729e+08
1.100501252940287722e-01 4.713341939737972021e+08
1.151840968904851020e-01 4.721295137831361890e+08
1.205575744782594882e-01 4.288597169403316379e+08
1.261817313018468445e-01 4.025631410858655572e+08
1.320682618511266337e-01 3.948110032263672352e+08
1.382294061780912076e-01 3.876733909408513904e+08
1.446779753479788821e-01 3.514759944478610158e+08
1.514273780777332656e-01 3.242833336285790205e+08
1.584916486171791816e-01 3.182706416537586451e+08
1.658854759308886484e-01 2.984966250671601892e+08
1.736242342414167639e-01 2.802630236585418582e+08
1.817240149974163610e-01 2.629144273806412816e+08
1.902016603331038169e-01 2.466971685674242675e+08
1.990747980886495849e-01 2.284954377670836747e+08
2.083618784643124222e-01 2.319929637200527489e+08
2.180822123845329585e-01 1.969189524875943065e+08
2.282560116517592663e-01 1.815865816800348461e+08
2.389044309734965343e-01 1.825345503976574838e+08
2.500496119499697190e-01 1.732373424409343302e+08
2.617147291138638421e-01 1.633884766887237430e+08
2.739240381178740802e-01 1.546995599803093672e+08
2.867029261702632170e-01 1.432606325652738810e+08
3.000779648232989039e-01 1.285800780852353573e+08
3.140769652243355914e-01 1.218184652886104435e+08
3.287290359444262067e-01 1.168227094514516294e+08
3.440646435047088891e-01 1.085068757921369076e+08
3.601156757264223351e-01 1.019740783986575603e+08
3.769155080362766030e-01 9.371914002796772122e+07
3.944990728650497602e-01 9.034408643114225566e+07
4.129029322837124427e-01 8.097694963180188835e+07
4.321653540281166217e-01 7.924361053492003679e+07
4.523263910703274604e-01 7.306879995617350936e+07
4.734279649020536884e-01 6.709655311758166552e+07
4.955139527033520785e-01 6.444936682080353051e+07
5.186302785778565960e-01 6.183529232055950165e+07
5.428250090442419129e-01 5.864753866263138503e+07
5.681484529824789576e-01 5.326338512753025442e+07
5.946532662427046478e-01 5.081227399196382612e+07
6.223945611342215356e-01 4.757533091953516006e+07
6.514300210222929710e-01 4.455723933670449257e+07
6.818200202710160696e-01 4.180412949821078032e+07
7.136277497816758686e-01 3.886601428466947377e+07
7.469193483876155337e-01 3.633100429232652485e+07
7.817640403788362891e-01 3.388551784526692331e+07
8.182342794422867716e-01 3.090604102387428656e+07
8.564058993171398404e-01 2.884331027243583649e+07
8.963582714783228100e-01 2.661040421807607263e+07
9.381744701761730587e-01 2.521287670672687516e+07
9.819414451753946116e-01 2.331557742497422919e+07
1.027750202552496051e+00 2.181999275222171471e+07
1.075695993927647365e+00 1.983676892929378524e+07
1.125878514524432994e+00 1.872748508407934755e+07
1.178402110469330522e+00 1.719509279312853143e+07
1.233375995761962995e+00 1.608721335481867194e+07
1.290914479367274659e+00 1.472141203841333278e+07
1.351137202901832923e+00 1.376420690851542540e+07
1.414169389408483246e+00 1.277020510220281407e+07
1.480142103736643344e+00 1.180746253879752010e+07
1.549192525069651882e+00 1.079513343978336826e+07
1.621464232165851449e+00 1.005449813212870248e+07
1.697107501906508942e+00 9.210769354113275185e+06
1.776279621771362560e+00 8.498677226871576160e+06
1.859145216891527452e+00 7.691296158816089854e+06
1.945876592359817581e+00 7.181612340538620949e+06
2.036654091510258002e+00 6.553251548627239652e+06
2.131666470911770972e+00 6.006091048726848327e+06
2.231111292855769257e+00 5.408147240848598070e+06
2.335195336153773393e+00 4.989967769560732879e+06
2.444135026099235386e+00 4.562972203696121462e+06
2.558156884487600369e+00 4.174116323735115584e+06
2.677498000630348152e+00 3.775524239704228006e+06
2.802406524342412553e+00 3.480558714507396799e+06
2.933142181928062087e+00 3.194588251301240642e+06
