3.069976816238139533e-02 1.149460621956108093e+09
3.213194951921637121e-02 1.542640565930736542e+09
3.363094387046929729e-02 1.768150583559318304e+09
3.519986812322865172e-02 1.423220910901482821e+09
3.684198459207260745e-02 1.295074769524122715e+09
3.856070778250449138e-02 1.237862187126568317e+09
4.035961149084377197e-02 1.038537687356668591e+09
4.224243623533543990e-02 1.199310635614387989e+09
4.421309703392971302e-02 1.045298226433550358e+09
4.627569154490460829e-02 1.130303914193738937e+09
4.843450858725836805e-02 1.133574269986392260e+09
5.069403705858849252e-02 1.011940469608344436e+09
5.305897526900069106e-02 9.340144957515025139e+08
5.553424071045594268e-02 8.175260788620406389e+08
5.812498028186940946e-02 9.115335773875825405e+08
6.083658099122266766e-02 8.490153124200689793e+08
6.367468115694234487e-02 8.364625576422572136e+08
6.664518213183667772e-02 7.498590539551142454e+08
6.975426057396794111e-02 7.591593041248781681e+08
7.300838128997587384e-02 7.336520778210288286e+08
7.641431067755764805e-02 7.581608834803158045e+08
7.997913079505601652e-02 6.347129674527068138e+08
8.371025408741054885e-02 6.767048638078062534e+08
8.761543879909236554e-02 5.208842234384758472e+08
9.170280510607109470e-02 5.950166124132053852e+08
9.598085200035742781e-02 5.749688310631139278e+08
1.004584749622301765e-01 5.415845622958583832e+08
1.051449844568940195e-01 5.103452808625788689e+08
1.100501252940287722e-01 5.032472954002307057e+08
1.151840968904851020e-01 4.730049469755204916e+08
1.205575744782594882e-01 4.428986676336191297e+08
1.261817313018468445e-01 3.961602407735160589e+08
1.320682618511266337e-01 3.700110767179929018e+08
1.382294061780912076e-01 3.887707176607900262e+08
1.446779753479788821e-01 3.552868611354835033e+08
1.514273780777332656e-01 3.313054543997786641e+08
1.584916486171791816e-01 3.024278457527514100e+08
1.658854759308886484e-01 2.790321204725125432e+08
1.736242342414167639e-01 2.691998603529355526e+08
1.817240149974163610e-01 2.683402530820108354e+08
1.902016603331038169e-01 2.400122833912929893e+08
1.990747980886495849e-01 2.251142935027823448e+08
2.083618784643124222e-01 2.227691826855308414e+08
2.180822123845329585e-01 2.069173659389137328e+08
2.282560116517592663e-01 1.985101200538541079e+08
2.389044309734965343e-01 1.920277031238643527e+08
2.500496119499697190e-01 1.600926998729436398e+08
2.617147291138638421e-01 1.665809312619304359e+08
2.739240381178740802e-01 1.509734282157317102e+08
2.867029261702632170e-01 1.472418714931091368e+08
3.000779648232989039e-01 1.308676337297863960e+08
3.140769652243355914e-01 1.253969778490688205e+08
3.287290359444262067e-01 1.190009195031606406e+08
3.440646435047088891e-01 1.130441441289512068e+08
3.601156757264223351e-01 1.041060151698666513e+08
3.769155080362766030e-01 1.000210423569330275e+08
3.944990728650497602e-01 9.155700348262058198e+07
4.129029322837124427e-01 8.908684921704877913e+07
4.321653540281166217e-01 8.486189298846147954e+07
4.523263910703274604e-01 7.933550610151825845e+07
4.734279649020536884e-01 7.230570501155820489e+07
4.955139527033520785e-01 6.671353334543213248e+07
5.186302785778565960e-01 6.066065719297543168e+07
5.428250090442419129e-01 5.644003085250806063e+07
5.681484529824789576e-01 5.380649011981605738e+07
5.946532662427046478e-01 5.017910529297515005e+07
6.223945611342215356e-01 4.767576640098324418e+07
6.514300210222929710e-01 4.317067571003960073e+07
6.818200202710160696e-01 4.076887071155724674e+07
7.136277497816758686e-01 3.764849834021101147e+07
7.469193483876155337e-01 3.574608967603903264e+07
7.817640403788362891e-01 3.348704867750934511e+07
8.182342794422867716e-01 3.187065353325279430e+07
8.564058993171398404e-01 2.902132798692267761e+07
8.963582714783228100e-01 2.696108757511367276e+07
9.381744701761730587e-01 2.504456889672512189e+07
9.819414451753946116e-01 2.332098320980987325e+07
1.027750202552496051e+00 2.175217134156525135e+07
1.075695993927647365e+00 2.013201004505609348e+07
1.125878514524432994e+00 1.882098396971536055e+07
1.178402110469330522e+00 1.774268050905179232e+07
1.233375995761962995e+00 1.606695558846732974e+07
1.290914479367274659e+00 1.497963955529299565e+07
1.351137202901832923e+00 1.381795219207932986e+07
1.414169389408483246e+00 1.262719916415171511e+07
1.480142103736643344e+00 1.166962651493809372e+07
1.549192525069651882e+00 1.089134967957089096e+07
1.621464232165851449e+00 9.905928724742168561e+06
1.697107501906508942e+00 9.101400580600690097e+06
1.776279621771362560e+00 8.351269561376213096e+06
1.859145216891527452e+00 7.559869515718346462e+06
1.945876592359817581e+00 6.839364541362398304e+06
2.036654091510258002e+00 6.264971648081273772e+06
2.131666470911770972e+00 5.660220453657499515e+06
2.231111292855769257e+00 5.229063316762613133e+06
2.335195336153773393e+00 4.839503014543386176e+06
2.444135026099235386e+00 4.487188866373806261e+06
2.558156884487600369e+00 4.144814040116894525e+06
2.677498000630348152e+00 3.806736161612978671e+06
2.802406524342412553e+00 3.481474452724978328e+06
2.933142181928062087e+00 3.184263151175608393e+06
