3.069976816238139533e-02 1.228336330004176140e+09
3.213194951921637121e-02 5.725665643027935028e+08
3.363094387046929729e-02 6.013992578203746080e+08
3.519986812322865172e-02 8.721222896116174459e+08
3.684198459207260745e-02 6.470522035556674004e+08
3.856070778250449138e-02 6.079014625775047541e+08
4.035961149084377197e-02 6.963996661056007147e+08
4.224243623533543990e-02 8.363462235632443428e+08
4.421309703392971302e-02 7.365849836690983772e+08
4.627569154490460829e-02 6.959236718586738110e+08
4.843450858725836805e-02 7.660414943287028074e+08
5.069403705858849252e-02 7.593744504646078348e+08
5.305897526900069106e-02 6.192387065541605949e+08
5.553424071045594268e-02 7.068291522522430420e+08
5.812498028186940946e-02 5.376513073522731066e+08
6.083658099122266766e-02 5.815236699609122276e+08
6.367468115694234487e-02 7.371446874681823254e+08
6.664518213183667772e-02 5.772722870009613037e+08
6.975426057396794111e-02 5.872653508960924149e+08
7.300838128997587384e-02 5.606424041086735725e+08
7.641431067755764805e-02 5.535069048485333920e+08
7.997913079505601652e-02 6.057782316444772482e+08
8.371025408741054885e-02 5.512879775731099844e+08
8.761543879909236554e-02 5.749820973281812668e+08
9.170280510607109470e-02 5.060746129313827753e+08
9.598085200035742781e-02 5.027421260080777407e+08
1.004584749622301765e-01 4.704569497358426452e+08
1.051449844568940195e-01 4.683472608379194140e+08
1.100501252940287722e-01 4.108435933569490314e+08
1.151840968904851020e-01 4.181385947924251556e+08
1.205575744782594882e-01 3.705362443433036208e+08
1.261817313018468445e-01 3.553387564314622879e+08
1.320682618511266337e-01 3.512603678812301755e+08
1.382294061780912076e-01 3.525167882458787560e+08
1.446779753479788821e-01 3.078310959038589001e+08
1.514273780777332656e-01 3.037715473188276291e+08
1.584916486171791816e-01 2.925886699855557084e+08
1.658854759308886484e-01 2.664010820919965506e+08
1.736242342414167639e-01 2.538270235124061704e+08
1.817240149974163610e-01 2.380014597130748034e+08
1.902016603331038169e-01 2.258363161995414197e+08
1.990747980886495849e-01 2.268113739548293948e+08
2.083618784643124222e-01 2.090947664374251664e+08
2.180822123845329585e-01 1.860221977143374085e+08
2.282560116517592663e-01 1.802037395719360113e+08
2.389044309734965343e-01 1.752084491315681040e+08
2.500496119499697190e-01 1.639078954529633820e+08
2.617147291138638421e-01 1.478124921037445068e+08
2.739240381178740802e-01 1.427640730996713936e+08
2.867029261702632170e-01 1.334765551504923701e+08
3.000779648232989039e-01 1.259987804227274060e+08
3.140769652243355914e-01 1.162948988808797896e+08
3.287290359444262067e-01 1.118060909607644081e+08
3.440646435047088891e-01 1.046194855291515589e+08
3.601156757264223351e-01 9.567174840051239729e+07
3.769155080362766030e-01 9.406984179832999408e+07
3.944990728650497602e-01 8.675465789190313220e+07
4.129029322837124427e-01 8.282432067022065818e+07
4.321653540281166217e-01 7.656068761602668464e+07
4.523263910703274604e-01 7.124426086715237796e+07
4.734279649020536884e-01 6.795796207858914137e+07
4.955139527033520785e-01 6.361050464218408614e+07
5.186302785778565960e-01 5.928951598737626523e+07
5.428250090442419129e-01 5.786737430305195600e+07
5.681484529824789576e-01 5.330336214366640896e+07
5.946532662427046478e-01 4.899786065607366711e+07
6.223945611342215356e-01 4.636205813100396842e+07
6.514300210222929710e-01 4.452946741329558194e+07
6.818200202710160696e-01 4.140289206698144227e+07
7.136277497816758686e-01 3.862998093896901608e+07
7.469193483876155337e-01 3.640182705413899571e+07
7.817640403788362891e-01 3.383792068537317961e+07
8.182342794422867716e-01 3.252944711206511408e+07
8.564058993171398404e-01 3.069117189149006829e+07
8.963582714783228100e-01 2.809948290641896427e+07
9.381744701761730587e-01 2.636915339803398028e+07
9.819414451753946116e-01 2.468044234400323778e+07
1.027750202552496051e+00 2.323327739690592140e+07
1.075695993927647365e+00 2.190619807957948744e+07
1.125878514524432994e+00 1.980112339836986735e+07
1.178402110469330522e+00 1.875361239507677779e+07
1.233375995761962995e+00 1.769795914677084982e+07
1.290914479367274659e+00 1.653656470159699582e+07
1.351137202901832923e+00 1.546099535320592858e+07
1.414169389408483246e+00 1.415765015161686391e+07
1.480142103736643344e+00 1.328791907593896985e+07
1.549192525069651882e+00 1.214455029280152544e+07
1.621464232165851449e+00 1.096091064714406803e+07
1.697107501906508942e+00 1.011378503384466842e+07
1.776279621771362560e+00 9.166586152844402939e+06
1.859145216891527452e+00 8.407083237048756331e+06
1.945876592359817581e+00 7.553865058281525038e+06
2.036654091510258002e+00 6.681109481193860061e+06
2.131666470911770972e+00 6.010124552367987111e+06
2.231111292855769257e+00 5.501617228095505387e+06
2.335195336153773393e+00 5.037066898456692696e+06
2.444135026099235386e+00 4.590442412549476139e+06
2.558156884487600369e+00 4.235300751718051732e+06
2.677498000630348152e+00 3.817783742014855146e+06
2.802406524342412553e+00 3.524482063615482766e+06
2.933142181928062087e+00 3.229885185248899739e+06
