3.069976816238139533e-02 1.662718622740081549e+09
3.213194951921637121e-02 1.314464826359105825e+09
3.363094387046929729e-02 1.514391471243765831e+09
3.519986812322865172e-02 1.732349220229923964e+09
3.684198459207260745e-02 1.268406703488069057e+09
3.856070778250449138e-02 1.098211558062318802e+09
4.035961149084377197e-02 1.175658912679155588e+09
4.224243623533543990e-02 1.006501904326920748e+09
4.421309703392971302e-02 1.309482736376335621e+09
4.627569154490460829e-02 1.019120614953467369e+09
4.843450858725836805e-02 8.415044997704566717e+08
5.069403705858849252e-02 9.038147653348611593e+08
5.305897526900069106e-02 9.667484696613210440e+08
5.553424071045594268e-02 8.809081520897880793e+08
5.812498028186940946e-02 8.501979001955692768e+08
6.083658099122266766e-02 7.396064092625681162e+08
6.367468115694234487e-02 6.490210316825972795e+08
6.664518213183667772e-02 7.740594467356882095e+08
6.975426057396794111e-02 7.976852904203082323e+08
7.300838128997587384e-02 7.034938016096242666e+08
7.641431067755764805e-02 6.369956557771031857e+08
7.997913079505601652e-02 5.720943079784965515e+08
8.371025408741054885e-02 6.303406914572932720e+08
8.761543879909236554e-02 6.417843945727332830e+08
9.170280510607109470e-02 5.647360682743968964e+08
9.598085200035742781e-02 5.108180095037345886e+08
1.004584749622301765e-01 5.100377073164663911e+08
1.051449844568940195e-01 4.886046996149984598e+08
1.100501252940287722e-01 4.660847160089943409e+08
1.151840968904851020e-01 4.054802075535179377e+08
1.205575744782594882e-01 4.197155965540803075e+08
1.261817313018468445e-01 3.805099847180522680e+08
1.320682618511266337e-01 3.625070257166367769e+08
1.382294061780912076e-01 3.468573892290641665e+08
1.446779753479788821e-01 3.357807703788383007e+08
1.514273780777332656e-01 3.114154237582611442e+08
1.584916486171791816e-01 2.804227228616040349e+08
1.658854759308886484e-01 3.036069638573556542e+08
1.736242342414167639e-01 2.722217726200452447e+08
1.817240149974163610e-01 2.533103857325764894e+08
1.902016603331038169e-01 2.330725856721962094e+08
1.990747980886495849e-01 2.305811998461427689e+08
2.083618784643124222e-01 2.178243346973980069e+08
2.180822123845329585e-01 1.962594866467024684e+08
2.282560116517592663e-01 1.812439078929311335e+08
2.389044309734965343e-01 1.815990477160135806e+08
2.500496119499697190e-01 1.615226615999424756e+08
2.617147291138638421e-01 1.553550642687401772e+08
2.739240381178740802e-01 1.418079722699538767e+08
2.867029261702632170e-01 1.339700822606224120e+08
3.000779648232989039e-01 1.338549762545106113e+08
3.140769652243355914e-01 1.208094714455704093e+08
3.287290359444262067e-01 1.138955953609539717e+08
3.440646435047088891e-01 1.087050429442022741e+08
3.601156757264223351e-01 1.001915065005983263e+08
3.769155080362766030e-01 9.665034239519606531e+07
3.944990728650497602e-01 8.842144578501528502e+07
4.129029322837124427e-01 8.221322713475686312e+07
4.321653540281166217e-01 7.774533042821057141e+07
4.523263910703274604e-01 7.213338649004308879e+07
4.734279649020536884e-01 6.933726289393833280e+07
4.955139527033520785e-01 6.559400134918435663e+07
5.186302785778565960e-01 6.247029785103829950e+07
5.428250090442419129e-01 5.651669044947915524e+07
5.681484529824789576e-01 5.357974577204032242e+07
5.946532662427046478e-01 5.030744338327272236e+07
6.223945611342215356e-01 4.651042477760908008e+07
6.514300210222929710e-01 4.460899166150745749e+07
6.818200202710160696e-01 4.168075340872611105e+07
7.136277497816758686e-01 3.943109086980114132e+07
7.469193483876155337e-01 3.660002369359782338e+07
7.817640403788362891e-01 3.490541658168953657e+07
8.182342794422867716e-01 3.352144314466866851e+07
8.564058993171398404e-01 3.102870230597486347e+07
8.963582714783228100e-01 2.836087146796143055e+07
9.381744701761730587e-01 2.644501075498309359e+07
9.819414451753946116e-01 2.449882826690074429e+07
1.027750202552496051e+00 2.253769829083046317e+07
1.075695993927647365e+00 2.100848292171673849e+07
1.125878514524432994e+00 1.936661944135919958e+07
1.178402110469330522e+00 1.825370127019236609e+07
1.233375995761962995e+00 1.681166038422925770e+07
1.290914479367274659e+00 1.545178310332334042e+07
1.351137202901832923e+00 1.416778004890603758e+07
1.414169389408483246e+00 1.310756151881053858e+07
1.480142103736643344e+00 1.188171252620003931e+07
1.549192525069651882e+00 1.104855381596346013e+07
1.621464232165851449e+00 1.029002276046554744e+07
1.697107501906508942e+00 9.518414224996488541e+06
1.776279621771362560e+00 9.106425853607755154e+06
1.859145216891527452e+00 8.458046955446977168e+06
1.945876592359817581e+00 7.455332894591805525e+06
2.036654091510258002e+00 6.799073219136022031e+06
2.131666470911770972e+00 6.180904448999625631e+06
2.231111292855769257e+00 5.660506497991381213e+06
2.335195336153773393e+00 5.169734118288290687e+06
2.444135026099235386e+00 4.700570118654109538e+06
2.558156884487600369e+00 4.317049903563114814e+06
2.677498000630348152e+00 3.954988910174790770e+06
2.802406524342412553e+00 3.598497592065866105e+06
2.933142181928062087e+00 3.278390581872731447e+06
