3.069976816238139533e-02 2.209271930434120655e+09
3.213194951921637121e-02 2.537986349907570839e+09
3.363094387046929729e-02 2.229427832622302532e+09
3.519986812322865172e-02 2.545559019915724754e+09
3.684198459207260745e-02 2.225226914980944633e+09
3.856070778250449138e-02 1.981363719872286797e+09
4.035961149084377197e-02 1.865383816108716249e+09
4.224243623533543990e-02 1.450882289955138683e+09
4.421309703392971302e-02 1.495949029627161503e+09
4.627569154490460829e-02 1.319263258169127464e+09
4.843450858725836805e-02 1.233577054811702251e+09
5.069403705858849252e-02 1.248859624267553091e+09
5.305897526900069106e-02 1.230021986567411184e+09
5.553424071045594268e-02 1.223992547345492125e+09
5.812498028186940946e-02 1.068747978577438116e+09
6.083658099122266766e-02 1.006958584855065107e+09
6.367468115694234487e-02 9.708641155667023659e+08
6.664518213183667772e-02 9.367949060388842821e+08
6.975426057396794111e-02 9.117275579316263199e+08
7.300838128997587384e-02 8.388103864323377609e+08
7.641431067755764805e-02 7.788057386669635773e+08
7.997913079505601652e-02 8.056694781851882935e+08
8.371025408741054885e-02 6.217376239239882231e+08
8.761543879909236554e-02 7.322954041542112827e+08
9.170280510607109470e-02 7.073661260594429970e+08
9.598085200035742781e-02 6.177099386901338100e+08
1.004584749622301765e-01 5.909540345589815378e+08
1.051449844568940195e-01 5.290650255951446891e+08
1.100501252940287722e-01 5.116880813116409779e+08
1.151840968904851020e-01 4.738508637098627687e+08
1.205575744782594882e-01 4.782490786411265135e+08
1.261817313018468445e-01 4.545859743113305569e+08
1.320682618511266337e-01 4.219286437816408873e+08
1.382294061780912076e-01 4.200944770843803287e+08
1.446779753479788821e-01 3.906899532433885932e+08
1.514273780777332656e-01 3.501435309133309722e+08
1.584916486171791816e-01 3.393130459784663916e+08
1.658854759308886484e-01 3.176684739342786670e+08
1.736242342414167639e-01 3.003899700969895124e+08
1.817240149974163610e-01 3.014335376725845337e+08
1.902016603331038169e-01 2.822694658640715480e+08
1.990747980886495849e-01 2.676758773310919404e+08
2.083618784643124222e-01 2.529172614149250984e+08
2.180822123845329585e-01 2.376639439053371251e+08
2.282560116517592663e-01 2.209619343250844479e+08
2.389044309734965343e-01 2.192217521324347556e+08
2.500496119499697190e-01 2.011767892156011462e+08
2.617147291138638421e-01 1.940966843365737200e+08
2.739240381178740802e-01 1.807795886376752555e+08
2.867029261702632170e-01 1.769570968762502670e+08
3.000779648232989039e-01 1.697747409568217695e+08
3.140769652243355914e-01 1.615200402653938532e+08
3.287290359444262067e-01 1.496608630801433623e+08
3.440646435047088891e-01 1.507033782382131517e+08
3.601156757264223351e-01 1.401007125911712646e+08
3.769155080362766030e-01 1.299246763576304018e+08
3.944990728650497602e-01 1.191991510559198111e+08
4.129029322837124427e-01 1.152202354631411880e+08
4.321653540281166217e-01 1.073221198249463290e+08
4.523263910703274604e-01 1.001265955588083714e+08
4.734279649020536884e-01 9.559031385831657052e+07
4.955139527033520785e-01 9.077170747154900432e+07
5.186302785778565960e-01 8.410027184478016198e+07
5.428250090442419129e-01 7.912787780668368936e+07
5.681484529824789576e-01 7.466208288207893074e+07
5.946532662427046478e-01 7.115186873881807923e+07
6.223945611342215356e-01 6.664165853391519934e+07
6.514300210222929710e-01 6.322927873584007472e+07
6.818200202710160696e-01 6.119704517048960179e+07
7.136277497816758686e-01 5.793208148247740418e+07
7.469193483876155337e-01 5.445045045601810515e+07
7.817640403788362891e-01 5.176478737635131180e+07
8.182342794422867716e-01 4.927661492929099500e+07
8.564058993171398404e-01 4.688447559937649220e+07
8.963582714783228100e-01 4.495256083069480211e+07
9.381744701761730587e-01 4.149920546595277637e+07
9.819414451753946116e-01 3.941371959032016248e+07
1.027750202552496051e+00 3.659191363782805949e+07
1.075695993927647365e+00 3.346952529972779006e+07
1.125878514524432994e+00 3.137713650177409500e+07
1.178402110469330522e+00 2.938654680742200091e+07
1.233375995761962995e+00 2.735997151630107313e+07
1.290914479367274659e+00 2.583518761563539878e+07
1.351137202901832923e+00 2.293201548172114417e+07
1.414169389408483246e+00 2.075918437386827171e+07
1.480142103736643344e+00 1.877759152781908959e+07
1.549192525069651882e+00 1.661288916002267785e+07
1.621464232165851449e+00 1.511839606118250266e+07
1.697107501906508942e+00 1.367609778793621063e+07
1.776279621771362560e+00 1.222709720506449789e+07
1.859145216891527452e+00 1.076242137121106498e+07
1.945876592359817581e+00 9.511327100489962846e+06
2.036654091510258002e+00 8.199371260809247382e+06
2.131666470911770972e+00 7.222754520335770212e+06
2.231111292855769257e+00 6.363654792741846293e+06
2.335195336153773393e+00 5.643135786083058454e+06
2.444135026099235386e+00 4.974512898316780105e+06
2.558156884487600369e+00 4.377331847653870471e+06
2.677498000630348152e+00 3.826360558836571872e+06
2.802406524342412553e+00 3.367656441303859465e+06
2.933142181928062087e+00 3.042110842186793685e+06
