3.069976816238139533e-02 1.293110245963402271e+09
3.213194951921637121e-02 1.485641198994840622e+09
3.363094387046929729e-02 9.823339605848777294e+08
3.519986812322865172e-02 1.263219291520888329e+09
3.684198459207260745e-02 1.103066899715303659e+09
3.856070778250449138e-02 1.415914554996278524e+09
4.035961149084377197e-02 1.106326099797564507e+09
4.224243623533543990e-02 9.238472697690100670e+08
4.421309703392971302e-02 1.153743376595101357e+09
4.627569154490460829e-02 8.894066371722742319e+08
4.843450858725836805e-02 1.010343891940544128e+09
5.069403705858849252e-02 7.784122485549337864e+08
5.305897526900069106e-02 8.746731240589555502e+08
5.553424071045594268e-02 8.666180179564833641e+08
5.812498028186940946e-02 7.464611118210265636e+08
6.083658099122266766e-02 7.882281799629790783e+08
6.367468115694234487e-02 6.748463264024618864e+08
6.664518213183667772e-02 7.053298926315426826e+08
6.975426057396794111e-02 7.494074156903762817e+08
7.300838128997587384e-02 6.899073984264611006e+08
7.641431067755764805e-02 6.893607674083595276e+08
7.997913079505601652e-02 6.144916395512307882e+08
8.371025408741054885e-02 6.517334300515701771e+08
8.761543879909236554e-02 6.528448210789042711e+08
9.170280510607109470e-02 5.337522033247321844e+08
9.598085200035742781e-02 5.194434649708355665e+08
1.004584749622301765e-01 5.282856218445551991e+08
1.051449844568940195e-01 5.609579999406645298e+08
1.100501252940287722e-01 5.938402523345605135e+08
1.151840968904851020e-01 5.419297895158064365e+08
1.205575744782594882e-01 4.581478464893205166e+08
1.261817313018468445e-01 4.326148695085472465e+08
1.320682618511266337e-01 3.939042344905604124e+08
1.382294061780912076e-01 3.849708683921473026e+08
1.446779753479788821e-01 3.514458346895999908e+08
1.514273780777332656e-01 3.331828912367046475e+08
1.584916486171791816e-01 2.825082506129567027e+08
1.658854759308886484e-01 2.710416032764248848e+08
1.736242342414167639e-01 2.546555066368936896e+08
1.817240149974163610e-01 2.337424263972158432e+08
1.902016603331038169e-01 2.268959162061336935e+08
1.990747980886495849e-01 2.220800816233169734e+08
2.083618784643124222e-01 2.127236217033540010e+08
2.180822123845329585e-01 1.947144716068819761e+08
2.282560116517592663e-01 1.878620346227390468e+08
2.389044309734965343e-01 1.706677441869792938e+08
2.500496119499697190e-01 1.698760259392305017e+08
2.617147291138638421e-01 1.673189701829175949e+08
2.739240381178740802e-01 1.503727827677228153e+08
2.867029261702632170e-01 1.424355381652247012e+08
3.000779648232989039e-01 1.352371821637258530e+08
3.140769652243355914e-01 1.237552153687370569e+08
3.287290359444262067e-01 1.180352623824236840e+08
3.440646435047088891e-01 1.116633985780593008e+08
3.601156757264223351e-01 1.052324086276418567e+08
3.769155080362766030e-01 9.851811241857264936e+07
3.944990728650497602e-01 9.481345979587142169e+07
4.129029322837124427e-01 9.128511430619964004e+07
4.321653540281166217e-01 8.609761345252366364e+07
4.523263910703274604e-01 7.905368185308378935e+07
4.734279649020536884e-01 7.258213231626546383e+07
4.955139527033520785e-01 6.781333293022611737e+07
5.186302785778565960e-01 6.320682325288398564e+07
5.428250090442419129e-01 5.648865061092177033e+07
5.681484529824789576e-01 5.257624124615759403e+07
5.946532662427046478e-01 4.806648777812561393e+07
6.223945611342215356e-01 4.514293825112666935e+07
6.514300210222929710e-01 4.183154010222433507e+07
6.818200202710160696e-01 3.972464593326938897e+07
7.136277497816758686e-01 3.773258543951848149e+07
7.469193483876155337e-01 3.456098989753241092e+07
7.817640403788362891e-01 3.263829290467959270e+07
8.182342794422867716e-01 3.053272136640776694e+07
8.564058993171398404e-01 2.972171648972676694e+07
8.963582714783228100e-01 2.761473924716022238e+07
9.381744701761730587e-01 2.534446850779335201e+07
9.819414451753946116e-01 2.414737752378654853e+07
1.027750202552496051e+00 2.187925044374261051e+07
1.075695993927647365e+00 2.024488469036581740e+07
1.125878514524432994e+00 1.865372364597174153e+07
1.178402110469330522e+00 1.744504167023130134e+07
1.233375995761962995e+00 1.600844873989930376e+07
1.290914479367274659e+00 1.460913202060223371e+07
1.351137202901832923e+00 1.322612849986760505e+07
1.414169389408483246e+00 1.203223213791877404e+07
1.480142103736643344e+00 1.106309588750134967e+07
1.549192525069651882e+00 1.010896413473309018e+07
1.621464232165851449e+00 9.377299575057668611e+06
1.697107501906508942e+00 8.632537141530053690e+06
1.776279621771362560e+00 7.879898904933416285e+06
1.859145216891527452e+00 7.191607605165646411e+06
1.945876592359817581e+00 6.645793924680428579e+06
2.036654091510258002e+00 6.119737844530696981e+06
2.131666470911770972e+00 5.720950964989255182e+06
2.231111292855769257e+00 5.270012385336079635e+06
2.335195336153773393e+00 4.705245861218338832e+06
2.444135026099235386e+00 4.190393001672236249e+06
2.558156884487600369e+00 3.746407967572406866e+06
2.677498000630348152e+00 3.252780465865604579e+06
2.802406524342412553e+00 2.890350356601436157e+06
2.933142181928062087e+00 2.590200961118758656e+06
