3.069976816238139533e-02 1.041678959079558134e+09
3.213194951921637121e-02 1.227145365383249283e+09
3.363094387046929729e-02 1.328601515550492764e+09
3.519986812322865172e-02 1.410160635575518131e+09
3.684198459207260745e-02 1.369753965968216658e+09
3.856070778250449138e-02 9.579646858183014393e+08
4.035961149084377197e-02 8.203965657458727360e+08
4.224243623533543990e-02 1.011148823529577136e+09
4.421309703392971302e-02 8.087397798491209745e+08
4.627569154490460829e-02 1.118952722763397455e+09
4.843450858725836805e-02 7.709999044307463169e+08
5.069403705858849252e-02 9.050528937222672701e+08
5.305897526900069106e-02 9.609975357530884743e+08
5.553424071045594268e-02 7.965877587988915443e+08
5.812498028186940946e-02 6.862539783233420849e+08
6.083658099122266766e-02 8.821264266297692060e+08
6.367468115694234487e-02 7.374764749523862600e+08
6.664518213183667772e-02 7.516678272276325226e+08
6.975426057396794111e-02 7.140406346887590885e+08
7.300838128997587384e-02 6.338237459327687025e+08
7.641431067755764805e-02 6.544639173220340014e+08
7.997913079505601652e-02 6.411799964903793335e+08
8.371025408741054885e-02 5.922877976446361542e+08
8.761543879909236554e-02 5.293502640643709302e+08
9.170280510607109470e-02 5.108120223330178857e+08
9.598085200035742781e-02 5.601510395723508596e+08
1.004584749622301765e-01 5.090296930440948009e+08
1.051449844568940195e-01 4.812293545336526036e+08
1.100501252940287722e-01 4.208354777376348376e+08
1.151840968904851020e-01 4.168654065425390601e+08
1.205575744782594882e-01 3.785825517673460841e+08
1.261817313018468445e-01 4.041845291426676512e+08
1.320682618511266337e-01 4.044328716418998241e+08
1.382294061780912076e-01 3.524101770412759185e+08
1.446779753479788821e-01 3.309582548216539025e+08
1.514273780777332656e-01 2.963588478729868531e+08
1.584916486171791816e-01 2.860149469323151112e+08
1.658854759308886484e-01 2.905978562120743394e+08
1.736242342414167639e-01 2.504441569448431730e+08
1.817240149974163610e-01 2.399189639082081914e+08
1.902016603331038169e-01 2.269641456878195405e+08
1.990747980886495849e-01 2.201440246120818853e+08
2.083618784643124222e-01 2.070532948424303532e+08
2.180822123845329585e-01 1.886857312834641337e+08
2.282560116517592663e-01 1.833321338083742559e+08
2.389044309734965343e-01 1.673604790096314847e+08
2.500496119499697190e-01 1.652281506466779113e+08
2.617147291138638421e-01 1.509904736075212657e+08
2.739240381178740802e-01 1.446864612339035273e+08
2.867029261702632170e-01 1.362350690928442478e+08
3.000779648232989039e-01 1.306589699687609076e+08
3.140769652243355914e-01 1.214140059597641975e+08
3.287290359444262067e-01 1.142123151929278970e+08
3.440646435047088891e-01 1.023288310107724667e+08
3.601156757264223351e-01 9.637160193699386716e+07
3.769155080362766030e-01 9.173577839826723933e+07
3.944990728650497602e-01 8.274865318069335818e+07
4.129029322837124427e-01 8.131587410387721658e+07
4.321653540281166217e-01 7.563056749372813106e+07
4.523263910703274604e-01 7.009477511979822814e+07
4.734279649020536884e-01 6.748161871553157270e+07
4.955139527033520785e-01 6.180514936118029058e+07
5.186302785778565960e-01 6.062010002092183381e+07
5.428250090442419129e-01 5.489053781557463855e+07
5.681484529824789576e-01 5.098400682430405170e+07
5.946532662427046478e-01 4.896200872307960689e+07
6.223945611342215356e-01 4.531804678873513639e+07
6.514300210222929710e-01 4.243050455327105522e+07
6.818200202710160696e-01 4.039918685100165755e+07
7.136277497816758686e-01 3.813832118167874217e+07
7.469193483876155337e-01 3.576856859933354706e+07
7.817640403788362891e-01 3.322468365629482642e+07
8.182342794422867716e-01 3.068505325566779077e+07
8.564058993171398404e-01 2.911454883251459897e+07
8.963582714783228100e-01 2.641015650660954043e+07
9.381744701761730587e-01 2.426014771507230774e+07
9.819414451753946116e-01 2.251948088696867973e+07
1.027750202552496051e+00 2.111341500419254601e+07
1.075695993927647365e+00 1.974650681227250025e+07
1.125878514524432994e+00 1.840835517040836439e+07
1.178402110469330522e+00 1.700547150619364902e+07
1.233375995761962995e+00 1.560943673676650599e+07
1.290914479367274659e+00 1.457377072564369813e+07
1.351137202901832923e+00 1.356973356684628688e+07
1.414169389408483246e+00 1.261960426305355318e+07
1.480142103736643344e+00 1.186404798246844485e+07
1.549192525069651882e+00 1.084299555457721092e+07
1.621464232165851449e+00 1.002200179106899351e+07
1.697107501906508942e+00 9.360982374184196815e+06
1.776279621771362560e+00 8.523596952963786200e+06
1.859145216891527452e+00 7.692077209450764582e+06
1.945876592359817581e+00 7.124872388122339733e+06
2.036654091510258002e+00 6.466808991485907696e+06
2.131666470911770972e+00 5.927622276145825163e+06
2.231111292855769257e+00 5.378934523769961670e+06
2.335195336153773393e+00 4.957887401720792986e+06
2.444135026099235386e+00 4.424719977183484472e+06
2.558156884487600369e+00 4.168684810044293758e+06
2.677498000630348152e+00 3.784683060102797579e+06
2.802406524342412553e+00 3.439997658840623684e+06
2.933142181928062087e+00 3.173026824617682025e+06
