3.069976816238139533e-02 1.399253066047198057e+09
3.213194951921637121e-02 1.422511076380884647e+09
3.363094387046929729e-02 1.281342709569315434e+09
3.519986812322865172e-02 9.742902990857479572e+08
3.684198459207260745e-02 1.105587612371560812e+09
3.856070778250449138e-02 1.187571804776550293e+09
4.035961149084377197e-02 8.446930033915803432e+08
4.224243623533543990e-02 9.398532579995177984e+08
4.421309703392971302e-02 8.867668524124215841e+08
4.627569154490460829e-02 1.064322473388609290e+09
4.843450858725836805e-02 9.669427912322651148e+08
5.069403705858849252e-02 6.892619633980956078e+08
5.305897526900069106e-02 7.926264267699675560e+08
5.553424071045594268e-02 8.355553736776182652e+08
5.812498028186940946e-02 8.076939262981418371e+08
6.083658099122266766e-02 7.729485365355331898e+08
6.367468115694234487e-02 6.813902041217932701e+08
6.664518213183667772e-02 7.943438972169175148e+08
6.975426057396794111e-02 7.212877598062623739e+08
7.300838128997587384e-02 7.019816582516462803e+08
7.641431067755764805e-02 6.608532533757238388e+08
7.997913079505601652e-02 6.498225564616917372e+08
8.371025408741054885e-02 6.161663451503674984e+08
8.761543879909236554e-02 6.484346933318121433e+08
9.170280510607109470e-02 6.128182332807588577e+08
9.598085200035742781e-02 5.484603144863523245e+08
1.004584749622301765e-01 5.410302403081008196e+08
1.051449844568940195e-01 5.007935233764195442e+08
1.100501252940287722e-01 4.796533636072707772e+08
1.151840968904851020e-01 4.517875537856002450e+08
1.205575744782594882e-01 4.489952503597540259e+08
1.261817313018468445e-01 3.999867897095977068e+08
1.320682618511266337e-01 4.187823288463461995e+08
1.382294061780912076e-01 3.606119936900918484e+08
1.446779753479788821e-01 3.275284236805909872e+08
1.514273780777332656e-01 2.973286129890273213e+08
1.584916486171791816e-01 3.086287233464038372e+08
1.658854759308886484e-01 2.658809717012550831e+08
1.736242342414167639e-01 2.502013457893107235e+08
1.817240149974163610e-01 2.351598369835454822e+08
1.902016603331038169e-01 2.179851975601406991e+08
1.990747980886495849e-01 2.224142425824251771e+08
2.083618784643124222e-01 2.039524198138471246e+08
2.180822123845329585e-01 1.940987389636651576e+08
2.282560116517592663e-01 1.842432043215337992e+08
2.389044309734965343e-01 1.716988393909535706e+08
2.500496119499697190e-01 1.629014051813416779e+08
2.617147291138638421e-01 1.532311467168022394e+08
2.739240381178740802e-01 1.535335664871842265e+08
2.867029261702632170e-01 1.372829787822327912e+08
3.000779648232989039e-01 1.311307529116983712e+08
3.140769652243355914e-01 1.241477468310709000e+08
3.287290359444262067e-01 1.175203294154870063e+08
3.440646435047088891e-01 1.107810837490614355e+08
3.601156757264223351e-01 9.830954073488920927e+07
3.769155080362766030e-01 9.746893367469032109e+07
3.944990728650497602e-01 9.020849928664484620e+07
4.129029322837124427e-01 8.911620207737554610e+07
4.321653540281166217e-01 8.284160126897345483e+07
4.523263910703274604e-01 7.698011646638040245e+07
4.734279649020536884e-01 7.015903744943809509e+07
4.955139527033520785e-01 6.472120465692257881e+07
5.186302785778565960e-01 6.253659622953277826e+07
5.428250090442419129e-01 5.657351915064680576e+07
5.681484529824789576e-01 5.470857603538230062e+07
5.946532662427046478e-01 5.300051409337700903e+07
6.223945611342215356e-01 4.889115584087819606e+07
6.514300210222929710e-01 4.519264839528627694e+07
6.818200202710160696e-01 4.264896914823449403e+07
7.136277497816758686e-01 3.962409523226711154e+07
7.469193483876155337e-01 3.656100215170267224e+07
7.817640403788362891e-01 3.407604727401525527e+07
8.182342794422867716e-01 3.194893748913374171e+07
8.564058993171398404e-01 3.001557358331960067e+07
8.963582714783228100e-01 2.696263289474161714e+07
9.381744701761730587e-01 2.533740640207923204e+07
9.819414451753946116e-01 2.364744921508145705e+07
1.027750202552496051e+00 2.190469280129674077e+07
1.075695993927647365e+00 2.043500903699834645e+07
1.125878514524432994e+00 1.884504904412040487e+07
1.178402110469330522e+00 1.707531223303741962e+07
1.233375995761962995e+00 1.589084111283886060e+07
1.290914479367274659e+00 1.474005771724557877e+07
1.351137202901832923e+00 1.385346429843809269e+07
1.414169389408483246e+00 1.263801045593394339e+07
1.480142103736643344e+00 1.162073118517135642e+07
1.549192525069651882e+00 1.061369311849692650e+07
1.621464232165851449e+00 9.489285936232352629e+06
1.697107501906508942e+00 8.519355737920602784e+06
1.776279621771362560e+00 7.564682424857581966e+06
1.859145216891527452e+00 7.028280836075826548e+06
1.945876592359817581e+00 6.506751599489414133e+06
2.036654091510258002e+00 6.082159122490247712e+06
2.131666470911770972e+00 5.582232801648257300e+06
2.231111292855769257e+00 4.981638845730396919e+06
2.335195336153773393e+00 4.558795475254745223e+06
2.444135026099235386e+00 4.053430998546433169e+06
2.558156884487600369e+00 3.689116730492055416e+06
2.677498000630348152e+00 3.314786924500916153e+06
2.802406524342412553e+00 3.050737281338598114e+06
2.933142181928062087e+00 2.773252966870703269e+06
