3.069976816238139533e-02 1.146039496244329453e+09
3.213194951921637121e-02 1.143238890689204216e+09
3.363094387046929729e-02 1.074415933416375160e+09
3.519986812322865172e-02 1.219582473004976749e+09
3.684198459207260745e-02 1.008482372742537022e+09
3.856070778250449138e-02 1.099583508219928980e+09
4.035961149084377197e-02 9.338419590122675896e+08
4.224243623533543990e-02 1.215052006654671192e+09
4.421309703392971302e-02 9.148662359544258118e+08
4.627569154490460829e-02 7.984520860285463333e+08
4.843450858725836805e-02 8.307614242772474289e+08
5.069403705858849252e-02 9.520342360737398863e+08
5.305897526900069106e-02 6.149417539872944355e+08
5.553424071045594268e-02 9.292544705438417196e+08
5.812498028186940946e-02 8.226844424779902697e+08
6.083658099122266766e-02 8.250877824027684927e+08
6.367468115694234487e-02 7.546458653760987520e+08
6.664518213183667772e-02 6.992173557243280411e+08
6.975426057396794111e-02 7.275315835442882776e+08
7.300838128997587384e-02 6.369999134983305931e+08
7.641431067755764805e-02 7.250980891123441458e+08
7.997913079505601652e-02 5.590469927087341547e+08
8.371025408741054885e-02 6.082106157905030251e+08
8.761543879909236554e-02 5.027608613420128226e+08
9.170280510607109470e-02 5.660618782020062208e+08
9.598085200035742781e-02 5.089465806490576863e+08
1.004584749622301765e-01 5.348592052859277129e+08
1.051449844568940195e-01 4.685664536763077378e+08
1.100501252940287722e-01 4.729969462654951811e+08
1.151840968904851020e-01 4.444818795746559501e+08
1.205575744782594882e-01 4.385545162887432575e+08
1.261817313018468445e-01 3.906294859924666882e+08
1.320682618511266337e-01 3.436762422533239722e+08
1.382294061780912076e-01 3.447769443048592210e+08
1.446779753479788821e-01 3.325446822252588868e+08
1.514273780777332656e-01 2.985574311375803947e+08
1.584916486171791816e-01 2.820813058740477562e+08
1.658854759308886484e-01 2.883223781423601508e+08
1.736242342414167639e-01 2.695928897219341993e+08
1.817240149974163610e-01 2.503080694431394339e+08
1.902016603331038169e-01 2.484066144586389065e+08
1.990747980886495849e-01 2.147264691955305040e+08
2.083618784643124222e-01 2.190600092707350254e+08
2.180822123845329585e-01 1.882434084080414772e+08
2.282560116517592663e-01 1.900466308045123816e+08
2.389044309734965343e-01 1.791432860146307945e+08
2.500496119499697190e-01 1.666311242766098380e+08
2.617147291138638421e-01 1.615740188102114499e+08
2.739240381178740802e-01 1.520251070067080557e+08
2.867029261702632170e-01 1.433675294541181326e+08
3.000779648232989039e-01 1.301571777895205319e+08
3.140769652243355914e-01 1.233922370017587990e+08
3.287290359444262067e-01 1.184481228689395785e+08
3.440646435047088891e-01 1.123991843051575273e+08
3.601156757264223351e-01 1.050806967855362892e+08
3.769155080362766030e-01 9.884628111373668909e+07
3.944990728650497602e-01 9.260306247994498909e+07
4.129029322837124427e-01 8.814272200128068030e+07
4.321653540281166217e-01 8.319553584563709795e+07
4.523263910703274604e-01 7.724842704315665364e+07
4.734279649020536884e-01 7.219672590431153774e+07
4.955139527033520785e-01 6.691307611684608459e+07
5.186302785778565960e-01 6.306693703381660581e+07
5.428250090442419129e-01 5.890430916315511614e+07
5.681484529824789576e-01 5.574062655337794870e+07
5.946532662427046478e-01 5.188852309225418419e+07
6.223945611342215356e-01 4.931252166736202687e+07
6.514300210222929710e-01 4.581556870986787230e+07
6.818200202710160696e-01 4.370860704242644459e+07
7.136277497816758686e-01 4.025083561723910272e+07
7.469193483876155337e-01 3.862670294482736290e+07
7.817640403788362891e-01 3.490923996414402127e+07
8.182342794422867716e-01 3.259725977830485627e+07
8.564058993171398404e-01 3.052104897612890601e+07
8.963582714783228100e-01 2.891375036459359899e+07
9.381744701761730587e-01 2.747826021753564104e+07
9.819414451753946116e-01 2.480347010443449765e+07
1.027750202552496051e+00 2.325664480046361685e+07
1.075695993927647365e+00 2.118605825366943330e+07
1.125878514524432994e+00 2.005134658783806488e+07
1.178402110469330522e+00 1.870434409119427949e+07
1.233375995761962995e+00 1.696756990259811282e+07
1.290914479367274659e+00 1.577664928303344734e+07
1.351137202901832923e+00 1.443244815730885044e+07
1.414169389408483246e+00 1.329051462116424739e+07
1.480142103736643344e+00 1.219098717238881253e+07
1.549192525069651882e+00 1.143689938698611408e+07
1.621464232165851449e+00 1.047639243009457178e+07
1.697107501906508942e+00 9.600610071797553450e+06
1.776279621771362560e+00 8.915784438674516976e+06
1.859145216891527452e+00 8.075180250334931538e+06
1.945876592359817581e+00 7.433905543588991277e+06
2.036654091510258002e+00 6.717290979238025844e+06
2.131666470911770972e+00 6.109654640272019431e+06
2.231111292855769257e+00 5.546643094477078877e+06
2.335195336153773393e+00 5.108176381204253994e+06
2.444135026099235386e+00 4.651316333459376357e+06
2.558156884487600369e+00 4.307621136611851864e+06
2.677498000630348152e+00 3.901430027339157648e+06
2.802406524342412553e+00 3.563562154140039347e+06
2.933142181928062087e+00 3.217320591090922244e+06
