3.069976816238139533e-02 7.233693972008963823e+08
3.213194951921637121e-02 8.507766978027642965e+08
3.363094387046929729e-02 9.677813360583107471e+08
3.519986812322865172e-02 7.984944194569334984e+08
3.684198459207260745e-02 1.079006509836381674e+09
3.856070778250449138e-02 1.317662604903412580e+09
4.035961149084377197e-02 1.437366381026501179e+09
4.224243623533543990e-02 1.312064993610954285e+09
4.421309703392971302e-02 9.563644673017461300e+08
4.627569154490460829e-02 7.547221131555864811e+08
4.843450858725836805e-02 5.997462452663938999e+08
5.069403705858849252e-02 8.062785684572163820e+08
5.305897526900069106e-02 7.056417298133624792e+08
5.553424071045594268e-02 7.554346727579208612e+08
5.812498028186940946e-02 8.310935542764039040e+08
6.083658099122266766e-02 7.781221316119844913e+08
6.367468115694234487e-02 8.406881103965139389e+08
6.664518213183667772e-02 7.042455500333921909e+08
6.975426057396794111e-02 5.865204752969594002e+08
7.300838128997587384e-02 6.179066734863697290e+08
7.641431067755764805e-02 6.394389719099440575e+08
7.997913079505601652e-02 5.909134593675850630e+08
8.371025408741054885e-02 5.626705205051703453e+08
8.761543879909236554e-02 6.045509693311859369e+08
9.170280510607109470e-02 5.621306313203171492e+08
9.598085200035742781e-02 5.145868594843553305e+08
1.004584749622301765e-01 4.280301235447211862e+08
1.051449844568940195e-01 4.676826027158306837e+08
1.100501252940287722e-01 4.544117864948478937e+08
1.151840968904851020e-01 4.394864765095832944e+08
1.205575744782594882e-01 3.836116131803040504e+08
1.261817313018468445e-01 3.445793235213569403e+08
1.320682618511266337e-01 3.540198676334633827e+08
1.382294061780912076e-01 3.342259032762423754e+08
1.446779753479788821e-01 2.936750594288440347e+08
1.514273780777332656e-01 3.060350815827725530e+08
1.584916486171791816e-01 2.906489299044977427e+08
1.658854759308886484e-01 2.679821623604248762e+08
1.736242342414167639e-01 2.520440866915881932e+08
1.817240149974163610e-01 2.475663888360277414e+08
1.902016603331038169e-01 2.340697575152524412e+08
1.990747980886495849e-01 2.031478499477431774e+08
2.083618784643124222e-01 2.145624270021335781e+08
2.180822123845329585e-01 1.926119631766138971e+08
2.282560116517592663e-01 1.900343384907641113e+08
2.389044309734965343e-01 1.774333869603084922e+08
2.500496119499697190e-01 1.596470352954538465e+08
2.617147291138638421e-01 1.529521214365607500e+08
2.739240381178740802e-01 1.356952383374650478e+08
2.867029261702632170e-01 1.298266341447399408e+08
3.000779648232989039e-01 1.277366331659519970e+08
3.140769652243355914e-01 1.170198697208951861e+08
3.287290359444262067e-01 1.095095546735048443e+08
3.440646435047088891e-01 1.040348941445996016e+08
3.601156757264223351e-01 9.986508132141184807e+07
3.769155080362766030e-01 9.431684772955612838e+07
3.944990728650497602e-01 8.348638758296573162e+07
4.129029322837124427e-01 7.865399431126257777e+07
4.321653540281166217e-01 7.350869021056626737e+07
4.523263910703274604e-01 7.074590665024429560e+07
4.734279649020536884e-01 6.829975119871965051e+07
4.955139527033520785e-01 6.288512225785337389e+07
5.186302785778565960e-01 5.906151075808321685e+07
5.428250090442419129e-01 5.409448011757682264e+07
5.681484529824789576e-01 5.198993743801485002e+07
5.946532662427046478e-01 4.885777017448553443e+07
6.223945611342215356e-01 4.418418608784323186e+07
6.514300210222929710e-01 4.244415348069913685e+07
6.818200202710160696e-01 3.813037105673088878e+07
7.136277497816758686e-01 3.624769351656655222e+07
7.469193483876155337e-01 3.443408601478353143e+07
7.817640403788362891e-01 3.158629901174701378e+07
8.182342794422867716e-01 3.032612714457206428e+07
8.564058993171398404e-01 2.833524705887550116e+07
8.963582714783228100e-01 2.614676751457483321e+07
9.381744701761730587e-01 2.413605823846306652e+07
9.819414451753946116e-01 2.298510558828552812e+07
1.027750202552496051e+00 2.109655902490397915e+07
1.075695993927647365e+00 2.006876313080316037e+07
1.125878514524432994e+00 1.859934531726887077e+07
1.178402110469330522e+00 1.717668713858979568e+07
1.233375995761962995e+00 1.583058533712417632e+07
1.290914479367274659e+00 1.494238854467552528e+07
1.351137202901832923e+00 1.350751785711158626e+07
1.414169389408483246e+00 1.245255865370901302e+07
1.480142103736643344e+00 1.152786376367624849e+07
1.549192525069651882e+00 1.042727576678559557e+07
1.621464232165851449e+00 9.625719691579043865e+06
1.697107501906508942e+00 8.821775814416805282e+06
1.776279621771362560e+00 8.001445388263122179e+06
1.859145216891527452e+00 7.270358384420674294e+06
1.945876592359817581e+00 6.648274445616109297e+06
2.036654091510258002e+00 6.081330013466766104e+06
2.131666470911770972e+00 5.557105731787164696e+06
2.231111292855769257e+00 5.083982193988184445e+06
2.335195336153773393e+00 4.659260071249467321e+06
2.444135026099235386e+00 4.258799772185686044e+06
2.558156884487600369e+00 3.937781068591970485e+06
2.677498000630348152e+00 3.594918570626236498e+06
2.802406524342412553e+00 3.289704846322137862e+06
2.933142181928062087e+00 2.999400635832340922e+06
