3.069976816238139533e-02 5.437796054760849476e+08
3.213194951921637121e-02 8.589916561526525021e+08
3.363094387046929729e-02 6.176437955048068762e+08
3.519986812322865172e-02 8.382093951500658989e+08
3.684198459207260745e-02 6.855784981498367786e+08
3.856070778250449138e-02 7.121306902848579884e+08
4.035961149084377197e-02 8.709217317389637232e+08
4.224243623533543990e-02 7.936268194367917776e+08
4.421309703392971302e-02 6.248375216591564417e+08
4.627569154490460829e-02 6.551514561610720158e+08
4.843450858725836805e-02 6.126799666256752014e+08
5.069403705858849252e-02 6.565372704416145086e+08
5.305897526900069106e-02 7.631503090231018066e+08
5.553424071045594268e-02 6.793970723169268370e+08
5.812498028186940946e-02 7.296332709795173407e+08
6.083658099122266766e-02 5.601742192364904881e+08
6.367468115694234487e-02 6.205532391371339560e+08
6.664518213183667772e-02 5.992488685681930780e+08
6.975426057396794111e-02 5.783287046951547861e+08
7.300838128997587384e-02 5.891268534087210894e+08
7.641431067755764805e-02 5.141096162487398386e+08
7.997913079505601652e-02 5.493747037979670763e+08
8.371025408741054885e-02 4.988010930289690495e+08
8.761543879909236554e-02 5.166614051072595716e+08
9.170280510607109470e-02 5.006745977937117219e+08
9.598085200035742781e-02 5.456162247015218735e+08
1.004584749622301765e-01 4.758299715918803215e+08
1.051449844568940195e-01 4.702498639242886305e+08
1.100501252940287722e-01 4.061456753580104113e+08
1.151840968904851020e-01 3.780985439774194360e+08
1.205575744782594882e-01 4.029123367755515575e+08
1.261817313018468445e-01 3.784218934744368792e+08
1.320682618511266337e-01 3.508556866176042557e+08
1.382294061780912076e-01 3.499091999555209279e+08
1.446779753479788821e-01 3.164302680686429739e+08
1.514273780777332656e-01 2.932818640643825531e+08
1.584916486171791816e-01 2.753845491243698001e+08
1.658854759308886484e-01 2.704152094930888414e+08
1.736242342414167639e-01 2.575381826740737557e+08
1.817240149974163610e-01 2.379364221535006464e+08
1.902016603331038169e-01 2.330089414007330537e+08
1.990747980886495849e-01 2.093843862560092509e+08
2.083618784643124222e-01 2.043053561661788821e+08
2.180822123845329585e-01 1.936717893952223063e+08
2.282560116517592663e-01 1.828575429752427042e+08
2.389044309734965343e-01 1.614758505651807487e+08
2.500496119499697190e-01 1.570751437620791197e+08
2.617147291138638421e-01 1.511866373372035027e+08
2.739240381178740802e-01 1.416327941569742262e+08
2.867029261702632170e-01 1.349317610064705908e+08
3.000779648232989039e-01 1.247120518768440783e+08
3.140769652243355914e-01 1.162267092090243548e+08
3.287290359444262067e-01 1.101813092084134817e+08
3.440646435047088891e-01 1.049245925517021716e+08
3.601156757264223351e-01 9.614306646801546216e+07
3.769155080362766030e-01 9.118324084975568950e+07
3.944990728650497602e-01 8.650718293874073029e+07
4.129029322837124427e-01 8.301179284389455616e+07
4.321653540281166217e-01 7.504417301349493861e+07
4.523263910703274604e-01 7.146034238543005288e+07
4.734279649020536884e-01 6.708974323994471133e+07
4.955139527033520785e-01 6.374595561443146318e+07
5.186302785778565960e-01 6.058434740397740155e+07
5.428250090442419129e-01 5.583092191970133036e+07
5.681484529824789576e-01 5.175845716393870115e+07
5.946532662427046478e-01 4.961449110488249362e+07
6.223945611342215356e-01 4.665778098629547656e+07
6.514300210222929710e-01 4.370847199166898429e+07
6.818200202710160696e-01 4.126712756077694148e+07
7.136277497816758686e-01 3.965851743935129046e+07
7.469193483876155337e-01 3.635223500755086541e+07
7.817640403788362891e-01 3.428618964854068309e+07
8.182342794422867716e-01 3.224717552846476063e+07
8.564058993171398404e-01 3.030885552110135928e+07
8.963582714783228100e-01 2.831851238799080253e+07
9.381744701761730587e-01 2.623270854171517491e+07
9.819414451753946116e-01 2.487712035300781950e+07
1.027750202552496051e+00 2.302781751385442168e+07
1.075695993927647365e+00 2.165395408455760777e+07
1.125878514524432994e+00 2.025038706436737627e+07
1.178402110469330522e+00 1.903060873392541707e+07
1.233375995761962995e+00 1.781491835777723789e+07
1.290914479367274659e+00 1.638509888581136055e+07
1.351137202901832923e+00 1.532775681436222233e+07
1.414169389408483246e+00 1.427320514420801029e+07
1.480142103736643344e+00 1.324323962913173065e+07
1.549192525069651882e+00 1.220184061753227562e+07
1.621464232165851449e+00 1.121405309737525880e+07
1.697107501906508942e+00 1.023641923424433358e+07
1.776279621771362560e+00 9.413577102962832898e+06
1.859145216891527452e+00 8.423108541437836364e+06
1.945876592359817581e+00 7.652384948613204993e+06
2.036654091510258002e+00 6.852163485608244315e+06
2.131666470911770972e+00 6.127576852554926649e+06
2.231111292855769257e+00 5.509715109934079461e+06
2.335195336153773393e+00 5.076432296028917655e+06
2.444135026099235386e+00 4.636859340283830650e+06
2.558156884487600369e+00 4.252500024637221359e+06
2.677498000630348152e+00 3.875443258133478928e+06
2.802406524342412553e+00 3.556219312724976335e+06
2.933142181928062087e+00 3.257967284479328431e+06
