3.069976816238139533e-02 4.197652702139655352e+08
3.213194951921637121e-02 7.022113702895312309e+08
3.363094387046929729e-02 1.026598959082533121e+09
3.519986812322865172e-02 8.434308649417157173e+08
3.684198459207260745e-02 8.410165086934854984e+08
3.856070778250449138e-02 1.124745166977250099e+09
4.035961149084377197e-02 1.529488399844583988e+09
4.224243623533543990e-02 1.533062236243342400e+09
4.421309703392971302e-02 1.233412525279203415e+09
4.627569154490460829e-02 1.155483338049602032e+09
4.843450858725836805e-02 8.684768312680784464e+08
5.069403705858849252e-02 6.983183128455162048e+08
5.305897526900069106e-02 6.742385973266732693e+08
5.553424071045594268e-02 5.680907567872054577e+08
5.812498028186940946e-02 4.256560669607785940e+08
6.083658099122266766e-02 4.602594601357161999e+08
6.367468115694234487e-02 5.530564169030746222e+08
6.664518213183667772e-02 3.548131753482182622e+08
6.975426057396794111e-02 3.343967074816418886e+08
7.300838128997587384e-02 3.882827843145396113e+08
7.641431067755764805e-02 3.891488079636560678e+08
7.997913079505601652e-02 3.819146006855337024e+08
8.371025408741054885e-02 4.198510949973929524e+08
8.761543879909236554e-02 3.302499025066680908e+08
9.170280510607109470e-02 3.537692921586265564e+08
9.598085200035742781e-02 3.847725173144028187e+08
1.004584749622301765e-01 3.151059210161286592e+08
1.051449844568940195e-01 2.994322741648647189e+08
1.100501252940287722e-01 2.929488771728991866e+08
1.151840968904851020e-01 2.393913327677907348e+08
1.205575744782594882e-01 2.592935845926098228e+08
1.261817313018468445e-01 2.430525988494655788e+08
1.320682618511266337e-01 2.548405758403139412e+08
1.382294061780912076e-01 2.104689686947714984e+08
1.446779753479788821e-01 1.940363479588348866e+08
1.514273780777332656e-01 2.137160894009057581e+08
1.584916486171791816e-01 1.994960622465991378e+08
1.658854759308886484e-01 1.853564562384000123e+08
1.736242342414167639e-01 1.669914906082142889e+08
1.817240149974163610e-01 1.592266280731859207e+08
1.902016603331038169e-01 1.511666391120861173e+08
1.990747980886495849e-01 1.410312920141114295e+08
2.083618784643124222e-01 1.371905460973002017e+08
2.180822123845329585e-01 1.291593311829076111e+08
2.282560116517592663e-01 1.272267128560807556e+08
2.389044309734965343e-01 1.135712961692246795e+08
2.500496119499697190e-01 1.067014600034355819e+08
2.617147291138638421e-01 9.893251059560504556e+07
2.739240381178740802e-01 9.136677952848409116e+07
2.867029261702632170e-01 8.730290071415917575e+07
3.000779648232989039e-01 8.523458952502147853e+07
3.140769652243355914e-01 7.846830069151294231e+07
3.287290359444262067e-01 7.516942023904368281e+07
3.440646435047088891e-01 6.745098271373340487e+07
3.601156757264223351e-01 6.386125708660534024e+07
3.769155080362766030e-01 5.870679637466172874e+07
3.944990728650497602e-01 5.784220094109552354e+07
4.129029322837124427e-01 5.264111752138537169e+07
4.321653540281166217e-01 5.269832081844562292e+07
4.523263910703274604e-01 4.938473281601061672e+07
4.734279649020536884e-01 4.420848931472357363e+07
4.955139527033520785e-01 3.991167766681149602e+07
5.186302785778565960e-01 3.700824055430521071e+07
5.428250090442419129e-01 3.321638916555997729e+07
5.681484529824789576e-01 3.092860433538169786e+07
5.946532662427046478e-01 2.912870484289066494e+07
6.223945611342215356e-01 2.639658579746076837e+07
6.514300210222929710e-01 2.488934922572482377e+07
6.818200202710160696e-01 2.385216858419164643e+07
7.136277497816758686e-01 2.161769277474161237e+07
7.469193483876155337e-01 1.975347060211749375e+07
7.817640403788362891e-01 1.826559703247814253e+07
8.182342794422867716e-01 1.736226084815879166e+07
8.564058993171398404e-01 1.543694633853870444e+07
8.963582714783228100e-01 1.425826112865673006e+07
9.381744701761730587e-01 1.324872759010161459e+07
9.819414451753946116e-01 1.187510762289400026e+07
1.027750202552496051e+00 1.078149541162352078e+07
1.075695993927647365e+00 9.930058035416234285e+06
1.125878514524432994e+00 9.164223436412641779e+06
1.178402110469330522e+00 8.587224088933466002e+06
1.233375995761962995e+00 8.000787498073494062e+06
1.290914479367274659e+00 7.290402856714027934e+06
1.351137202901832923e+00 6.694940524991621263e+06
1.414169389408483246e+00 6.113392427405216731e+06
1.480142103736643344e+00 5.511189440390536562e+06
1.549192525069651882e+00 5.093228208498863503e+06
1.621464232165851449e+00 4.620574606404964812e+06
1.697107501906508942e+00 4.257808412357394584e+06
1.776279621771362560e+00 3.960279387787126005e+06
1.859145216891527452e+00 3.615808922513938043e+06
1.945876592359817581e+00 3.508870227114248555e+06
2.036654091510258002e+00 3.394745594494454097e+06
2.131666470911770972e+00 3.163116735037459061e+06
2.231111292855769257e+00 2.878667571224870160e+06
2.335195336153773393e+00 2.669504041490485426e+06
2.444135026099235386e+00 2.539465781810198445e+06
2.558156884487600369e+00 2.382280231925069820e+06
2.677498000630348152e+00 2.250675157542960253e+06
2.802406524342412553e+00 2.100247997023244854e+06
2.933142181928062087e+00 1.860935308152572019e+06
