3.069976816238139533e-02 9.013983817667167187e+08
3.213194951921637121e-02 8.490331305599702597e+08
3.363094387046929729e-02 6.540459285284265280e+08
3.519986812322865172e-02 6.648419118993151188e+08
3.684198459207260745e-02 8.157330651933850050e+08
3.856070778250449138e-02 9.223388045495457649e+08
4.035961149084377197e-02 5.575691677591589689e+08
4.224243623533543990e-02 6.452896466459479332e+08
4.421309703392971302e-02 8.356297741365056038e+08
4.627569154490460829e-02 8.311838326889877319e+08
4.843450858725836805e-02 7.839073901797848940e+08
5.069403705858849252e-02 6.841687952390339375e+08
5.305897526900069106e-02 8.194774437662791014e+08
5.553424071045594268e-02 8.143896930029672384e+08
5.812498028186940946e-02 5.894725734928100109e+08
6.083658099122266766e-02 6.330188435355774164e+08
6.367468115694234487e-02 7.697057140042557716e+08
6.664518213183667772e-02 6.342392349010105133e+08
6.975426057396794111e-02 6.230821680187182426e+08
7.300838128997587384e-02 6.367563568408976793e+08
7.641431067755764805e-02 5.321748884010673761e+08
7.997913079505601652e-02 5.403342430066355467e+08
8.371025408741054885e-02 5.428051168897440434e+08
8.761543879909236554e-02 5.529607956788060665e+08
9.170280510607109470e-02 5.533947558008642197e+08
9.598085200035742781e-02 4.642582735939337611e+08
1.004584749622301765e-01 4.895884147118095160e+08
1.051449844568940195e-01 4.304489753015331030e+08
1.100501252940287722e-01 4.214768365953137875e+08
1.151840968904851020e-01 4.123703294553565979e+08
1.205575744782594882e-01 4.071616997820719481e+08
1.261817313018468445e-01 3.713353498743351102e+08
1.320682618511266337e-01 3.496337648895174861e+08
1.382294061780912076e-01 3.319097028536397219e+08
1.446779753479788821e-01 3.345035174799507856e+08
1.514273780777332656e-01 3.001124569387891889e+08
1.584916486171791816e-01 2.851366162089430094e+08
1.658854759308886484e-01 2.754506454544811249e+08
1.736242342414167639e-01 2.509157480702327788e+08
1.817240149974163610e-01 2.510209099447633922e+08
1.902016603331038169e-01 2.264319881053029597e+08
1.990747980886495849e-01 2.131247569478226006e+08
2.083618784643124222e-01 2.070483185766749978e+08
2.180822123845329585e-01 1.975844411420972645e+08
2.282560116517592663e-01 1.891610199688154757e+08
2.389044309734965343e-01 1.690596330709280670e+08
2.500496119499697190e-01 1.641444112364041209e+08
2.617147291138638421e-01 1.599291087766117752e+08
2.739240381178740802e-01 1.460120737074105740e+08
2.867029261702632170e-01 1.345483030553373098e+08
3.000779648232989039e-01 1.229959361665322483e+08
3.140769652243355914e-01 1.117523270203312933e+08
3.287290359444262067e-01 1.130923286999620944e+08
3.440646435047088891e-01 1.080850274055494666e+08
3.601156757264223351e-01 1.034173167530011684e+08
3.769155080362766030e-01 9.377428352806691825e+07
3.944990728650497602e-01 8.831001050931358337e+07
4.129029322837124427e-01 8.175366451539218426e+07
4.321653540281166217e-01 7.705363788988469541e+07
4.523263910703274604e-01 7.157194344264784455e+07
4.734279649020536884e-01 6.692334369119364023e+07
4.955139527033520785e-01 6.296682417365726084e+07
5.186302785778565960e-01 6.032065920531833917e+07
5.428250090442419129e-01 5.569210931298714876e+07
5.681484529824789576e-01 5.319908105927907676e+07
5.946532662427046478e-01 4.963689829793144763e+07
6.223945611342215356e-01 4.682770879330112040e+07
6.514300210222929710e-01 4.416684378110090643e+07
6.818200202710160696e-01 4.220142730216841400e+07
7.136277497816758686e-01 3.840522160692285001e+07
7.469193483876155337e-01 3.621849913100264221e+07
7.817640403788362891e-01 3.470625900798562169e+07
8.182342794422867716e-01 3.247736366962150112e+07
8.564058993171398404e-01 3.045357973727376759e+07
8.963582714783228100e-01 2.788638208590328321e+07
9.381744701761730587e-01 2.722425547534698993e+07
9.819414451753946116e-01 2.487598443469697610e+07
1.027750202552496051e+00 2.337208729281201214e+07
1.075695993927647365e+00 2.191310303463151678e+07
1.125878514524432994e+00 2.041617857574830949e+07
1.178402110469330522e+00 1.887859404901653156e+07
1.233375995761962995e+00 1.764337842860532925e+07
1.290914479367274659e+00 1.648300488727980666e+07
1.351137202901832923e+00 1.528424352985196747e+07
1.414169389408483246e+00 1.426983475098371506e+07
1.480142103736643344e+00 1.293340138344423845e+07
1.549192525069651882e+00 1.201635663929425552e+07
1.621464232165851449e+00 1.095819674988431297e+07
1.697107501906508942e+00 1.000212679493947700e+07
1.776279621771362560e+00 9.149138087538128719e+06
1.859145216891527452e+00 8.283555638384236954e+06
1.945876592359817581e+00 7.384188925905504264e+06
2.036654091510258002e+00 6.666880441864036024e+06
2.131666470911770972e+00 6.091779353627723642e+06
2.231111292855769257e+00 5.450943881745528430e+06
2.335195336153773393e+00 5.016054243800436147e+06
2.444135026099235386e+00 4.622454730155524798e+06
2.558156884487600369e+00 4.185557786568060983e+06
2.677498000630348152e+00 3.873197600285375956e+06
2.802406524342412553e+00 3.524277877197305206e+06
2.933142181928062087e+00 3.219246489147040062e+06
