3.069976816238139533e-02 1.622200848468816042e+09
3.213194951921637121e-02 1.999234271608112574e+09
3.363094387046929729e-02 1.217443505223588228e+09
3.519986812322865172e-02 1.151182005072984695e+09
3.684198459207260745e-02 1.219837140670612097e+09
3.856070778250449138e-02 9.368972303148450851e+08
4.035961149084377197e-02 1.057752172658048749e+09
4.224243623533543990e-02 1.291677634392042637e+09
4.421309703392971302e-02 9.583508236250977516e+08
4.627569154490460829e-02 7.732172648693709373e+08
4.843450858725836805e-02 1.047362060317531824e+09
5.069403705858849252e-02 7.146948075850389004e+08
5.305897526900069106e-02 9.413343836999655962e+08
5.553424071045594268e-02 6.970329436645998955e+08
5.812498028186940946e-02 8.219517959890627861e+08
6.083658099122266766e-02 8.348265853441758156e+08
6.367468115694234487e-02 7.201481131452119350e+08
6.664518213183667772e-02 6.785816262062857151e+08
6.975426057396794111e-02 7.939982747137964964e+08
7.300838128997587384e-02 6.542549665929377079e+08
7.641431067755764805e-02 6.098899897637605667e+08
7.997913079505601652e-02 6.340048711588745117e+08
8.371025408741054885e-02 5.648571022196919918e+08
8.761543879909236554e-02 5.922540670582646132e+08
9.170280510607109470e-02 5.037544236970457435e+08
9.598085200035742781e-02 5.666310445445892811e+08
1.004584749622301765e-01 4.781145832160404921e+08
1.051449844568940195e-01 4.750674125013185143e+08
1.100501252940287722e-01 4.591812122057750225e+08
1.151840968904851020e-01 4.579547483168428540e+08
1.205575744782594882e-01 3.928139271761833429e+08
1.261817313018468445e-01 4.070354959554029107e+08
1.320682618511266337e-01 4.034762617724395990e+08
1.382294061780912076e-01 3.735612039706523418e+08
1.446779753479788821e-01 3.898565755822209120e+08
1.514273780777332656e-01 3.826951101422166824e+08
1.584916486171791816e-01 3.245254488196213245e+08
1.658854759308886484e-01 3.183043605714905262e+08
1.736242342414167639e-01 2.870007210645604134e+08
1.817240149974163610e-01 2.576659242950863838e+08
1.902016603331038169e-01 2.554684038873203695e+08
1.990747980886495849e-01 2.423581064214522839e+08
2.083618784643124222e-01 2.246189770293000042e+08
2.180822123845329585e-01 2.183345440970000029e+08
2.282560116517592663e-01 2.041352300630683601e+08
2.389044309734965343e-01 1.942205600617167950e+08
2.500496119499697190e-01 1.737182499892424345e+08
2.617147291138638421e-01 1.750930435191116333e+08
2.739240381178740802e-01 1.619950062736119628e+08
2.867029261702632170e-01 1.510221925601199269e+08
3.000779648232989039e-01 1.461600587204535604e+08
3.140769652243355914e-01 1.323543001328500062e+08
3.287290359444262067e-01 1.296505746783052683e+08
3.440646435047088891e-01 1.118845225598287731e+08
3.601156757264223351e-01 1.121802631844656616e+08
3.769155080362766030e-01 9.717333937569019198e+07
3.944990728650497602e-01 9.201800116739460826e+07
4.129029322837124427e-01 8.185843754165457189e+07
4.321653540281166217e-01 7.947885829903812706e+07
4.523263910703274604e-01 7.743583092053920031e+07
4.734279649020536884e-01 7.114729411035527289e+07
4.955139527033520785e-01 6.759940074459265172e+07
5.186302785778565960e-01 6.547146546133396775e+07
5.428250090442419129e-01 5.994083010093124211e+07
5.681484529824789576e-01 5.561012059106401354e+07
5.946532662427046478e-01 5.316252295471273363e+07
6.223945611342215356e-01 5.025158681563080847e+07
6.514300210222929710e-01 4.755521164314253628e+07
6.818200202710160696e-01 4.357602419648288935e+07
7.136277497816758686e-01 4.114707385749093443e+07
7.469193483876155337e-01 3.648225261304035038e+07
7.817640403788362891e-01 3.350684081746775657e+07
8.182342794422867716e-01 3.119337641403884441e+07
8.564058993171398404e-01 2.797191967073908448e+07
8.963582714783228100e-01 2.614080523813268542e+07
9.381744701761730587e-01 2.395450081985059381e+07
9.819414451753946116e-01 2.209092667484252900e+07
1.027750202552496051e+00 2.108693790141275153e+07
1.075695993927647365e+00 1.983850837163335830e+07
1.125878514524432994e+00 1.837897903078881279e+07
1.178402110469330522e+00 1.698599487707210705e+07
1.233375995761962995e+00 1.614462538997229561e+07
1.290914479367274659e+00 1.484873543129904568e+07
1.351137202901832923e+00 1.400835543864421733e+07
1.414169389408483246e+00 1.273964155483444408e+07
1.480142103736643344e+00 1.151730607821224071e+07
1.549192525069651882e+00 1.050486311703062244e+07
1.621464232165851449e+00 9.697075857151146978e+06
1.697107501906508942e+00 8.737679138365343213e+06
1.776279621771362560e+00 7.977730482815789059e+06
1.859145216891527452e+00 7.286594789455452003e+06
1.945876592359817581e+00 6.707340032122490928e+06
2.036654091510258002e+00 6.128817657471827231e+06
2.131666470911770972e+00 5.760553021131329238e+06
2.231111292855769257e+00 5.242272862803016789e+06
2.335195336153773393e+00 4.850776643833388574e+06
2.444135026099235386e+00 4.459663530525676906e+06
2.558156884487600369e+00 4.078381411319789942e+06
2.677498000630348152e+00 3.734646777157922741e+06
2.802406524342412553e+00 3.276476794487024657e+06
2.933142181928062087e+00 2.891492593316437677e+06
