3.069976816238139533e-02 6.073404997049188614e+08
3.213194951921637121e-02 5.904503874682683945e+08
3.363094387046929729e-02 1.174596808319320679e+09
3.519986812322865172e-02 1.004469556424916983e+09
3.684198459207260745e-02 1.014810397049156189e+09
3.856070778250449138e-02 1.078959780849916220e+09
4.035961149084377197e-02 8.101400432381725311e+08
4.224243623533543990e-02 1.034915949770212889e+09
4.421309703392971302e-02 7.684566029171247482e+08
4.627569154490460829e-02 8.520303730930666924e+08
4.843450858725836805e-02 7.628607087909250259e+08
5.069403705858849252e-02 9.703792712153267860e+08
5.305897526900069106e-02 9.433111835795289278e+08
5.553424071045594268e-02 7.259977564347379208e+08
5.812498028186940946e-02 7.694940411007783413e+08
6.083658099122266766e-02 7.955448277434626818e+08
6.367468115694234487e-02 7.709196397501038313e+08
6.664518213183667772e-02 7.022673506865310669e+08
6.975426057396794111e-02 7.761259272334959507e+08
7.300838128997587384e-02 6.859880680129293203e+08
7.641431067755764805e-02 6.144317389741955996e+08
7.997913079505601652e-02 7.256991509054182768e+08
8.371025408741054885e-02 6.832290735551216602e+08
8.761543879909236554e-02 6.087642498451937437e+08
9.170280510607109470e-02 5.048436786425623298e+08
9.598085200035742781e-02 5.738126205761401653e+08
1.004584749622301765e-01 4.994545748925655484e+08
1.051449844568940195e-01 5.038915498820207119e+08
1.100501252940287722e-01 4.580131646441657543e+08
1.151840968904851020e-01 4.518721334216073155e+08
1.205575744782594882e-01 4.329200572810360789e+08
1.261817313018468445e-01 3.760295284906401038e+08
1.320682618511266337e-01 3.637518787860900164e+08
1.382294061780912076e-01 3.736629680410258770e+08
1.446779753479788821e-01 3.142764869750970006e+08
1.514273780777332656e-01 3.155411176444797516e+08
1.584916486171791816e-01 3.094977892407462597e+08
1.658854759308886484e-01 2.667226862775767744e+08
1.736242342414167639e-01 2.703098182406684160e+08
1.817240149974163610e-01 2.515699507694435120e+08
1.902016603331038169e-01 2.326951442928029299e+08
1.990747980886495849e-01 2.395117855658080280e+08
2.083618784643124222e-01 2.088836128657220006e+08
2.180822123845329585e-01 2.007374887847496569e+08
2.282560116517592663e-01 1.896376651928348243e+08
2.389044309734965343e-01 1.817464475135789216e+08
2.500496119499697190e-01 1.642975662595984638e+08
2.617147291138638421e-01 1.565811028758179545e+08
2.739240381178740802e-01 1.484147954011865258e+08
2.867029261702632170e-01 1.402259548886582255e+08
3.000779648232989039e-01 1.293610575161476582e+08
3.140769652243355914e-01 1.200402761152449399e+08
3.287290359444262067e-01 1.138319843268825412e+08
3.440646435047088891e-01 1.108367428774302304e+08
3.601156757264223351e-01 9.902390845031587780e+07
3.769155080362766030e-01 9.626170554628017545e+07
3.944990728650497602e-01 8.713988191983947158e+07
4.129029322837124427e-01 8.221176433027462661e+07
4.321653540281166217e-01 7.821238888399553299e+07
4.523263910703274604e-01 7.464374958360552788e+07
4.734279649020536884e-01 6.732211627157947421e+07
4.955139527033520785e-01 6.507727303402251750e+07
5.186302785778565960e-01 6.075661544904978573e+07
5.428250090442419129e-01 5.676496898937147856e+07
5.681484529824789576e-01 5.245331605764868110e+07
5.946532662427046478e-01 4.984621311777146161e+07
6.223945611342215356e-01 4.544398921365833282e+07
6.514300210222929710e-01 4.237751977402303368e+07
6.818200202710160696e-01 4.032170893971701711e+07
7.136277497816758686e-01 3.761556659307974577e+07
7.469193483876155337e-01 3.513124511829905212e+07
7.817640403788362891e-01 3.264302676214358956e+07
8.182342794422867716e-01 3.011986250257202983e+07
8.564058993171398404e-01 2.832453875425541028e+07
8.963582714783228100e-01 2.665910812536858767e+07
9.381744701761730587e-01 2.459831751159355789e+07
9.819414451753946116e-01 2.299075676650631428e+07
1.027750202552496051e+00 2.148466962334645540e+07
1.075695993927647365e+00 2.001451884466641024e+07
1.125878514524432994e+00 1.848950834002163634e+07
1.178402110469330522e+00 1.722802515325197577e+07
1.233375995761962995e+00 1.591178772443041578e+07
1.290914479367274659e+00 1.475046795902075619e+07
1.351137202901832923e+00 1.373288829475875571e+07
1.414169389408483246e+00 1.271437297584636509e+07
1.480142103736643344e+00 1.166883345521036908e+07
1.549192525069651882e+00 1.085453276316374913e+07
1.621464232165851449e+00 1.010348138877228647e+07
1.697107501906508942e+00 9.243496652445625514e+06
1.776279621771362560e+00 8.506416937255926430e+06
1.859145216891527452e+00 7.848529852230045944e+06
1.945876592359817581e+00 7.222162852067202330e+06
2.036654091510258002e+00 6.619986827613789588e+06
2.131666470911770972e+00 6.050009838989912532e+06
2.231111292855769257e+00 5.480945966949450783e+06
2.335195336153773393e+00 4.949641991277395748e+06
2.444135026099235386e+00 4.546008454558246769e+06
2.558156884487600369e+00 4.141889927275287453e+06
2.677498000630348152e+00 3.747433771828659810e+06
2.802406524342412553e+00 3.436451822681119200e+06
2.933142181928062087e+00 3.161775509161466267e+06
