3.069976816238139533e-02 1.201190520028735638e+09
3.213194951921637121e-02 1.198132080732877731e+09
3.363094387046929729e-02 1.311546006148458958e+09
3.519986812322865172e-02 1.533192615087332726e+09
3.684198459207260745e-02 1.112136493863229752e+09
3.856070778250449138e-02 9.756290718635165691e+08
4.035961149084377197e-02 1.052199045964118361e+09
4.224243623533543990e-02 1.006026027835756183e+09
4.421309703392971302e-02 1.021972657674586415e+09
4.627569154490460829e-02 1.106233087165669203e+09
4.843450858725836805e-02 8.452857454079921246e+08
5.069403705858849252e-02 8.247062858164241314e+08
5.305897526900069106e-02 9.731705655307916403e+08
5.553424071045594268e-02 1.034172430819984555e+09
5.812498028186940946e-02 7.451132161363244057e+08
6.083658099122266766e-02 7.523191191232923269e+08
6.367468115694234487e-02 7.378575113049895763e+08
6.664518213183667772e-02 7.047194073181784153e+08
6.975426057396794111e-02 7.734332176607596874e+08
7.300838128997587384e-02 7.139594975371122360e+08
7.641431067755764805e-02 5.771337386609312296e+08
7.997913079505601652e-02 6.786961582113367319e+08
8.371025408741054885e-02 6.564953084900290966e+08
8.761543879909236554e-02 5.202263037523263097e+08
9.170280510607109470e-02 5.449422475319836140e+08
9.598085200035742781e-02 5.567408131953196526e+08
1.004584749622301765e-01 5.107291010580748320e+08
1.051449844568940195e-01 4.881900900139495730e+08
1.100501252940287722e-01 4.870339045560515523e+08
1.151840968904851020e-01 4.517511707246233821e+08
1.205575744782594882e-01 3.941947791487731934e+08
1.261817313018468445e-01 3.715375747624309063e+08
1.320682618511266337e-01 3.817599719481875896e+08
1.382294061780912076e-01 3.564875223711330891e+08
1.446779753479788821e-01 3.083629530205300450e+08
1.514273780777332656e-01 3.352275504829867482e+08
1.584916486171791816e-01 2.921126577494460940e+08
1.658854759308886484e-01 2.700536195650587678e+08
1.736242342414167639e-01 2.784836035468419790e+08
1.817240149974163610e-01 2.659704236856013238e+08
1.902016603331038169e-01 2.481510644672307372e+08
1.990747980886495849e-01 2.353295464538692236e+08
2.083618784643124222e-01 2.172604605015192628e+08
2.180822123845329585e-01 2.012981583597048521e+08
2.282560116517592663e-01 1.914892009788118899e+08
2.389044309734965343e-01 1.794690583564506769e+08
2.500496119499697190e-01 1.743753480541129112e+08
2.617147291138638421e-01 1.689037347556059361e+08
2.739240381178740802e-01 1.571945105482983589e+08
2.867029261702632170e-01 1.455801986703914702e+08
3.000779648232989039e-01 1.351035050458777547e+08
3.140769652243355914e-01 1.270988087642397434e+08
3.287290359444262067e-01 1.246764648104021400e+08
3.440646435047088891e-01 1.136204516930216551e+08
3.601156757264223351e-01 1.067694330281729102e+08
3.769155080362766030e-01 9.856031599090772867e+07
3.944990728650497602e-01 9.304925271489663422e+07
4.129029322837124427e-01 8.810649372895807028e+07
4.321653540281166217e-01 8.196727494198113680e+07
4.523263910703274604e-01 7.686500797886882722e+07
4.734279649020536884e-01 7.249732955927991867e+07
4.955139527033520785e-01 6.650682355616716295e+07
5.186302785778565960e-01 6.277935691696521640e+07
5.428250090442419129e-01 5.832514992694611847e+07
5.681484529824789576e-01 5.423502571778550744e+07
5.946532662427046478e-01 5.133010768622211367e+07
6.223945611342215356e-01 4.765640442969423532e+07
6.514300210222929710e-01 4.418130314470018446e+07
6.818200202710160696e-01 4.162587741682580858e+07
7.136277497816758686e-01 3.877592086444922537e+07
7.469193483876155337e-01 3.606482195670007914e+07
7.817640403788362891e-01 3.463729473339513689e+07
8.182342794422867716e-01 3.153223127090311423e+07
8.564058993171398404e-01 2.998458654685484245e+07
8.963582714783228100e-01 2.775094432192411646e+07
9.381744701761730587e-01 2.626466715819820017e+07
9.819414451753946116e-01 2.386290242513346300e+07
1.027750202552496051e+00 2.193833646683843434e+07
1.075695993927647365e+00 2.065928473302395642e+07
1.125878514524432994e+00 1.908234425423412398e+07
1.178402110469330522e+00 1.801594802989637479e+07
1.233375995761962995e+00 1.641614330386371538e+07
1.290914479367274659e+00 1.496220772004262544e+07
1.351137202901832923e+00 1.394074374642702192e+07
1.414169389408483246e+00 1.262547516157742962e+07
1.480142103736643344e+00 1.155202087370579503e+07
1.549192525069651882e+00 1.089316902105004154e+07
1.621464232165851449e+00 9.933520098528809845e+06
1.697107501906508942e+00 9.017114919584248215e+06
1.776279621771362560e+00 8.042669320486173034e+06
1.859145216891527452e+00 7.152618917215671390e+06
1.945876592359817581e+00 6.632313630667644553e+06
2.036654091510258002e+00 6.012791850343124010e+06
2.131666470911770972e+00 5.529358200592294335e+06
2.231111292855769257e+00 5.099848052689141594e+06
2.335195336153773393e+00 4.770810918451500125e+06
2.444135026099235386e+00 4.250672408951791003e+06
2.558156884487600369e+00 3.814516509604207706e+06
2.677498000630348152e+00 3.450571095527130179e+06
2.802406524342412553e+00 3.061725004338973667e+06
2.933142181928062087e+00 2.736317645336568821e+06
