3.069976816238139533e-02 9.366178085267051458e+08
3.213194951921637121e-02 5.797427460738189220e+08
3.363094387046929729e-02 8.147059980645956993e+08
3.519986812322865172e-02 1.007123063886977553e+09
3.684198459207260745e-02 9.319806784383926392e+08
3.856070778250449138e-02 9.653491164237246513e+08
4.035961149084377197e-02 7.631063642551791668e+08
4.224243623533543990e-02 6.192200791921223402e+08
4.421309703392971302e-02 7.802683737296780348e+08
4.627569154490460829e-02 7.433257683721894026e+08
4.843450858725836805e-02 7.147860277717840672e+08
5.069403705858849252e-02 5.533205559429103136e+08
5.305897526900069106e-02 6.738106839115917683e+08
5.553424071045594268e-02 7.260131131992239952e+08
5.812498028186940946e-02 7.380029671457610130e+08
6.083658099122266766e-02 6.415570961260631084e+08
6.367468115694234487e-02 6.938005500238796473e+08
6.664518213183667772e-02 6.602829099272469282e+08
6.975426057396794111e-02 6.213075580318772793e+08
7.300838128997587384e-02 7.014248920922622681e+08
7.641431067755764805e-02 5.208056785855768919e+08
7.997913079505601652e-02 5.819059645238955021e+08
8.371025408741054885e-02 5.307237473741329908e+08
8.761543879909236554e-02 4.844804519358170033e+08
9.170280510607109470e-02 4.928135175481612682e+08
9.598085200035742781e-02 4.668966643265649080e+08
1.004584749622301765e-01 4.924250628511067629e+08
1.051449844568940195e-01 4.226853896028897166e+08
1.100501252940287722e-01 4.693844591084935665e+08
1.151840968904851020e-01 3.871509471264146566e+08
1.205575744782594882e-01 3.849097028632770181e+08
1.261817313018468445e-01 3.492880669991601706e+08
1.320682618511266337e-01 3.646711243504644632e+08
1.382294061780912076e-01 3.221011664596871138e+08
1.446779753479788821e-01 3.189802738907471895e+08
1.514273780777332656e-01 3.030607899140957594e+08
1.584916486171791816e-01 2.708080308467084169e+08
1.658854759308886484e-01 2.745321800769340992e+08
1.736242342414167639e-01 2.502517765384344459e+08
1.817240149974163610e-01 2.424157780580738783e+08
1.902016603331038169e-01 2.142872881635005474e+08
1.990747980886495849e-01 2.135634378242310882e+08
2.083618784643124222e-01 1.976649691641598344e+08
2.180822123845329585e-01 1.948953552355771065e+08
2.282560116517592663e-01 1.698142068342387080e+08
2.389044309734965343e-01 1.674775368140466213e+08
2.500496119499697190e-01 1.573171778410747051e+08
2.617147291138638421e-01 1.522341064575490057e+08
2.739240381178740802e-01 1.409684651642786264e+08
2.867029261702632170e-01 1.321517665429497361e+08
3.000779648232989039e-01 1.280900840777801275e+08
3.140769652243355914e-01 1.175243657943389863e+08
3.287290359444262067e-01 1.093512435352697670e+08
3.440646435047088891e-01 1.029112942663199604e+08
3.601156757264223351e-01 9.902607560727441311e+07
3.769155080362766030e-01 9.185873034268438816e+07
3.944990728650497602e-01 8.566210798519426584e+07
4.129029322837124427e-01 7.972955236383886635e+07
4.321653540281166217e-01 7.521780939185336232e+07
4.523263910703274604e-01 7.110782779227034748e+07
4.734279649020536884e-01 6.613013423755618185e+07
4.955139527033520785e-01 6.183827725976490229e+07
5.186302785778565960e-01 5.832416530041856319e+07
5.428250090442419129e-01 5.434929167214369029e+07
5.681484529824789576e-01 5.220988134219368547e+07
5.946532662427046478e-01 4.893202896941926330e+07
6.223945611342215356e-01 4.546802318346323818e+07
6.514300210222929710e-01 4.197713938849162310e+07
6.818200202710160696e-01 4.021074031047630310e+07
7.136277497816758686e-01 3.678271049947589636e+07
7.469193483876155337e-01 3.481299620317087322e+07
7.817640403788362891e-01 3.236817275267345458e+07
8.182342794422867716e-01 2.952963439918116108e+07
8.564058993171398404e-01 2.845731371671519056e+07
8.963582714783228100e-01 2.683971331984479725e+07
9.381744701761730587e-01 2.423014016839283332e+07
9.819414451753946116e-01 2.316613723873361200e+07
1.027750202552496051e+00 2.156462021441460773e+07
1.075695993927647365e+00 2.043814123430473357e+07
1.125878514524432994e+00 1.894816632071812078e+07
1.178402110469330522e+00 1.783196517914528027e+07
1.233375995761962995e+00 1.644160268474302813e+07
1.290914479367274659e+00 1.518277616425111145e+07
1.351137202901832923e+00 1.422523514054702222e+07
1.414169389408483246e+00 1.301537357053772360e+07
1.480142103736643344e+00 1.198449667030541040e+07
1.549192525069651882e+00 1.086301866566914506e+07
1.621464232165851449e+00 9.807307073219705373e+06
1.697107501906508942e+00 9.112809325032912195e+06
1.776279621771362560e+00 8.356051811663717031e+06
1.859145216891527452e+00 7.593517124483715743e+06
1.945876592359817581e+00 6.925819054247527383e+06
2.036654091510258002e+00 6.310948354110180400e+06
2.131666470911770972e+00 5.752466904417656362e+06
2.231111292855769257e+00 5.211834796700367704e+06
2.335195336153773393e+00 4.789137675542553887e+06
2.444135026099235386e+00 4.356011211013801396e+06
2.558156884487600369e+00 4.012248714646259788e+06
2.677498000630348152e+00 3.699732615164178424e+06
2.802406524342412553e+00 3.377998289531045593e+06
2.933142181928062087e+00 3.117176669176619966e+06
