3.069976816238139533e-02 9.432915445730983019e+08
3.213194951921637121e-02 1.034854809110561848e+09
3.363094387046929729e-02 7.208480791765472889e+08
3.519986812322865172e-02 7.565124986994702816e+08
3.684198459207260745e-02 7.574436308139209747e+08
3.856070778250449138e-02 4.627490744103858471e+08
4.035961149084377197e-02 7.508449283957457542e+08
4.224243623533543990e-02 8.727500370643243790e+08
4.421309703392971302e-02 5.954676485862911940e+08
4.627569154490460829e-02 5.143951677871223092e+08
4.843450858725836805e-02 5.126786548162140846e+08
5.069403705858849252e-02 4.775773625688967109e+08
5.305897526900069106e-02 6.305901706083185673e+08
5.553424071045594268e-02 4.830360696716788411e+08
5.812498028186940946e-02 4.521101988480192423e+08
6.083658099122266766e-02 3.428635571877244711e+08
6.367468115694234487e-02 4.421995693724431992e+08
6.664518213183667772e-02 4.303939776045623422e+08
6.975426057396794111e-02 3.551580304033439159e+08
7.300838128997587384e-02 3.996023584437838197e+08
7.641431067755764805e-02 3.616421651664910913e+08
7.997913079505601652e-02 3.946997904705901742e+08
8.371025408741054885e-02 3.323295452686649561e+08
8.761543879909236554e-02 3.174927350534312129e+08
9.170280510607109470e-02 2.598596721536768079e+08
9.598085200035742781e-02 2.338820242552879751e+08
1.004584749622301765e-01 2.870149081307200789e+08
1.051449844568940195e-01 2.500567699650823474e+08
1.100501252940287722e-01 2.213527834564630985e+08
1.151840968904851020e-01 2.318657249332466722e+08
1.205575744782594882e-01 2.033509168525467813e+08
1.261817313018468445e-01 2.047637264819034338e+08
1.320682618511266337e-01 2.042148500580168664e+08
1.382294061780912076e-01 1.867819302480024695e+08
1.446779753479788821e-01 1.704843015769005120e+08
1.514273780777332656e-01 1.533958737896368504e+08
1.584916486171791816e-01 1.548189558610987961e+08
1.658854759308886484e-01 1.364139331916567385e+08
1.736242342414167639e-01 1.358888789518600404e+08
1.817240149974163610e-01 1.379264420278588533e+08
1.902016603331038169e-01 1.170855752109569609e+08
1.990747980886495849e-01 1.085829722177925259e+08
2.083618784643124222e-01 1.031436247579313964e+08
2.180822123845329585e-01 9.885689851942281425e+07
2.282560116517592663e-01 9.971456479720579088e+07
2.389044309734965343e-01 8.585646932910099626e+07
2.500496119499697190e-01 7.837307598994117975e+07
2.617147291138638421e-01 7.158687353349728882e+07
2.739240381178740802e-01 6.613263213753063232e+07
2.867029261702632170e-01 5.949348066238307208e+07
3.000779648232989039e-01 5.292084334791774303e+07
3.140769652243355914e-01 5.001142149600722641e+07
3.287290359444262067e-01 4.188494913246936351e+07
3.440646435047088891e-01 3.988279378470303863e+07
3.601156757264223351e-01 3.326880527023644000e+07
3.769155080362766030e-01 3.288810567428697273e+07
3.944990728650497602e-01 3.009162686330829561e+07
4.129029322837124427e-01 2.630102308386261761e+07
4.321653540281166217e-01 2.615760443706966564e+07
4.523263910703274604e-01 2.253525204435078427e+07
4.734279649020536884e-01 2.025143411280355603e+07
4.955139527033520785e-01 1.669456891939563118e+07
5.186302785778565960e-01 1.454895783929121494e+07
5.428250090442419129e-01 1.382633831111078709e+07
5.681484529824789576e-01 1.252098162720649131e+07
5.946532662427046478e-01 1.095161562223890424e+07
6.223945611342215356e-01 1.031477340693867952e+07
6.514300210222929710e-01 9.615160743323646486e+06
6.818200202710160696e-01 8.607042206498140469e+06
7.136277497816758686e-01 8.431059842372894287e+06
7.469193483876155337e-01 7.920874031186585315e+06
7.817640403788362891e-01 8.056064436025552452e+06
8.182342794422867716e-01 7.372762306372620165e+06
8.564058993171398404e-01 6.715301528318091296e+06
8.963582714783228100e-01 6.650691733082300983e+06
9.381744701761730587e-01 6.639591991628646851e+06
9.819414451753946116e-01 6.802704281316446140e+06
1.027750202552496051e+00 6.531152234606716782e+06
1.075695993927647365e+00 5.929421763021945022e+06
1.125878514524432994e+00 5.339678466499380767e+06
1.178402110469330522e+00 4.918046042372421362e+06
1.233375995761962995e+00 4.723366486263333820e+06
1.290914479367274659e+00 4.587862830863094889e+06
1.351137202901832923e+00 4.549904009891630150e+06
1.414169389408483246e+00 4.128859040254401974e+06
1.480142103736643344e+00 3.674757678574965801e+06
1.549192525069651882e+00 3.222890270902927034e+06
1.621464232165851449e+00 2.731972881025842391e+06
1.697107501906508942e+00 2.334413760128387716e+06
1.776279621771362560e+00 2.128971239898662549e+06
1.859145216891527452e+00 1.821590896978437435e+06
1.945876592359817581e+00 1.530135028318679193e+06
2.036654091510258002e+00 1.269935481949722394e+06
2.131666470911770972e+00 1.006281589270720957e+06
2.231111292855769257e+00 8.332449670483688824e+05
2.335195336153773393e+00 6.821101987996336538e+05
2.444135026099235386e+00 6.116660047893158626e+05
2.558156884487600369e+00 5.080706038706323598e+05
2.677498000630348152e+00 4.364388106023600558e+05
2.802406524342412553e+00 3.891084403390679508e+05
2.933142181928062087e+00 3.819388218613318168e+05
