3.069976816238139533e-02 1.179725939727724552e+09
3.213194951921637121e-02 1.298026431274119377e+09
3.363094387046929729e-02 1.512562362315443754e+09
3.519986812322865172e-02 1.387307709643888474e+09
3.684198459207260745e-02 8.664169577970271111e+08
3.856070778250449138e-02 1.238941393126035690e+09
4.035961149084377197e-02 1.351524496796155453e+09
4.224243623533543990e-02 9.088306775871909857e+08
4.421309703392971302e-02 1.314474554755361557e+09
4.627569154490460829e-02 1.030171350873177290e+09
4.843450858725836805e-02 9.064643282097302675e+08
5.069403705858849252e-02 7.995025444625819921e+08
5.305897526900069106e-02 7.623018266703385115e+08
5.553424071045594268e-02 7.721582313846960068e+08
5.812498028186940946e-02 9.665240519499707222e+08
6.083658099122266766e-02 8.205108422580200434e+08
6.367468115694234487e-02 7.791620373835508823e+08
6.664518213183667772e-02 7.455519401092423201e+08
6.975426057396794111e-02 6.893375974333199263e+08
7.300838128997587384e-02 5.975996128185174465e+08
7.641431067755764805e-02 6.226025192806066275e+08
7.997913079505601652e-02 5.829661634525279999e+08
8.371025408741054885e-02 6.040116427634807825e+08
8.761543879909236554e-02 5.572640313774366379e+08
9.170280510607109470e-02 5.228797041393991709e+08
9.598085200035742781e-02 5.396723290205789804e+08
1.004584749622301765e-01 4.836783691078309417e+08
1.051449844568940195e-01 4.989084979729319811e+08
1.100501252940287722e-01 4.907664474655965567e+08
1.151840968904851020e-01 4.439628852409173250e+08
1.205575744782594882e-01 4.066033534901891351e+08
1.261817313018468445e-01 3.795640216824571490e+08
1.320682618511266337e-01 3.756408645821395516e+08
1.382294061780912076e-01 3.376792221242455244e+08
1.446779753479788821e-01 3.215755771393708587e+08
1.514273780777332656e-01 3.039512056361697316e+08
1.584916486171791816e-01 2.952836962559883595e+08
1.658854759308886484e-01 2.795843418570692539e+08
1.736242342414167639e-01 2.744263582726733685e+08
1.817240149974163610e-01 2.647967785309292972e+08
1.902016603331038169e-01 2.363755094037207961e+08
1.990747980886495849e-01 2.343215276998575926e+08
2.083618784643124222e-01 2.232520733877342939e+08
2.180822123845329585e-01 2.030940912663548887e+08
2.282560116517592663e-01 1.970773254475768507e+08
2.389044309734965343e-01 1.772093339821760058e+08
2.500496119499697190e-01 1.777801721947160661e+08
2.617147291138638421e-01 1.655825575269351006e+08
2.739240381178740802e-01 1.536582074385444522e+08
2.867029261702632170e-01 1.432946545641145408e+08
3.000779648232989039e-01 1.375377343963054419e+08
3.140769652243355914e-01 1.297654440756714344e+08
3.287290359444262067e-01 1.263228582294170260e+08
3.440646435047088891e-01 1.128832178094284385e+08
3.601156757264223351e-01 1.066529945810020417e+08
3.769155080362766030e-01 1.033003053992040157e+08
3.944990728650497602e-01 9.950270010672479868e+07
4.129029322837124427e-01 9.361146634566339850e+07
4.321653540281166217e-01 8.637062807799519598e+07
4.523263910703274604e-01 8.022183520481404662e+07
4.734279649020536884e-01 7.819380443221892416e+07
4.955139527033520785e-01 7.224456175431206822e+07
5.186302785778565960e-01 6.808823943918892741e+07
5.428250090442419129e-01 6.428544857659504563e+07
5.681484529824789576e-01 6.004536151152337343e+07
5.946532662427046478e-01 5.390222791130220890e+07
6.223945611342215356e-01 5.049933043314447999e+07
6.514300210222929710e-01 4.811952252982585877e+07
6.818200202710160696e-01 4.392079255414756387e+07
7.136277497816758686e-01 4.075975901707763970e+07
7.469193483876155337e-01 3.912180685120034963e+07
7.817640403788362891e-01 3.642486104645387828e+07
8.182342794422867716e-01 3.365559971292595565e+07
8.564058993171398404e-01 3.107750653851524740e+07
8.963582714783228100e-01 2.909099179924386740e+07
9.381744701761730587e-01 2.692356896503023803e+07
9.819414451753946116e-01 2.534173151169336960e+07
1.027750202552496051e+00 2.312026658561644703e+07
1.075695993927647365e+00 2.137117224541415647e+07
1.125878514524432994e+00 2.005336585609954223e+07
1.178402110469330522e+00 1.839151492784266919e+07
1.233375995761962995e+00 1.701158132502642646e+07
1.290914479367274659e+00 1.529729347499090433e+07
1.351137202901832923e+00 1.435980639172855765e+07
1.414169389408483246e+00 1.311493791949103773e+07
1.480142103736643344e+00 1.223398693521558493e+07
1.549192525069651882e+00 1.127973829501578212e+07
1.621464232165851449e+00 1.026986341982374899e+07
1.697107501906508942e+00 9.058731206944709644e+06
1.776279621771362560e+00 8.201732138576555997e+06
1.859145216891527452e+00 7.523634507140411064e+06
1.945876592359817581e+00 6.954510217924237251e+06
2.036654091510258002e+00 6.362723687972071581e+06
2.131666470911770972e+00 5.830521153216155246e+06
2.231111292855769257e+00 5.187650312108450569e+06
2.335195336153773393e+00 4.645597406551594846e+06
2.444135026099235386e+00 4.195164665189293213e+06
2.558156884487600369e+00 3.835234092799946200e+06
2.677498000630348152e+00 3.563802668658002745e+06
2.802406524342412553e+00 3.329471544652865268e+06
2.933142181928062087e+00 3.077562858054013923e+06
