3.069976816238139533e-02 7.095255221510087252e+08
3.213194951921637121e-02 7.304343634891406298e+08
3.363094387046929729e-02 4.001102709455705285e+08
3.519986812322865172e-02 1.894104927046647668e+08
3.684198459207260745e-02 3.983309520607320070e+08
3.856070778250449138e-02 5.148134577918820977e+08
4.035961149084377197e-02 3.129966415175480843e+08
4.224243623533543990e-02 3.863157410828534961e+08
4.421309703392971302e-02 3.943241399118213058e+08
4.627569154490460829e-02 4.258435468737627268e+08
4.843450858725836805e-02 3.899891170618023276e+08
5.069403705858849252e-02 4.792459920691660047e+08
5.305897526900069106e-02 3.362446257402852774e+08
5.553424071045594268e-02 3.852708234111236930e+08
5.812498028186940946e-02 3.364452399911015630e+08
6.083658099122266766e-02 3.913638544810205698e+08
6.367468115694234487e-02 3.508527754826681018e+08
6.664518213183667772e-02 3.793315942090745568e+08
6.975426057396794111e-02 3.080477085342624187e+08
7.300838128997587384e-02 3.941522877520537376e+08
7.641431067755764805e-02 2.719100005173609853e+08
7.997913079505601652e-02 3.476434881843152642e+08
8.371025408741054885e-02 3.139519128455075622e+08
8.761543879909236554e-02 3.090910486720857620e+08
9.170280510607109470e-02 2.804892482177182436e+08
9.598085200035742781e-02 2.922910109427385330e+08
1.004584749622301765e-01 2.283416479914973378e+08
1.051449844568940195e-01 2.508799318833846450e+08
1.100501252940287722e-01 2.545205966738776267e+08
1.151840968904851020e-01 2.105018881002636552e+08
1.205575744782594882e-01 2.231624792464126647e+08
1.261817313018468445e-01 1.845443637450494766e+08
1.320682618511266337e-01 2.034855228498754799e+08
1.382294061780912076e-01 1.567609923942919075e+08
1.446779753479788821e-01 1.638158350594925880e+08
1.514273780777332656e-01 1.654998924961435497e+08
1.584916486171791816e-01 1.447074359708864987e+08
1.658854759308886484e-01 1.391287032743992507e+08
1.736242342414167639e-01 1.262121442770218998e+08
1.817240149974163610e-01 1.196064157287535965e+08
1.902016603331038169e-01 1.159446726278473735e+08
1.990747980886495849e-01 1.059477377590974569e+08
2.083618784643124222e-01 9.138164929875335097e+07
2.180822123845329585e-01 8.492727034257900715e+07
2.282560116517592663e-01 7.655100271428862214e+07
2.389044309734965343e-01 7.068245585882826149e+07
2.500496119499697190e-01 6.646185166921276599e+07
2.617147291138638421e-01 6.435946508834990114e+07
2.739240381178740802e-01 5.094123422793225944e+07
2.867029261702632170e-01 4.885252219960162789e+07
3.000779648232989039e-01 4.486213629953037947e+07
3.140769652243355914e-01 3.962953621527002752e+07
3.287290359444262067e-01 3.682852953465482593e+07
3.440646435047088891e-01 3.462745838181073219e+07
3.601156757264223351e-01 2.877628221142506972e+07
3.769155080362766030e-01 2.717490718580675498e+07
3.944990728650497602e-01 2.751757656927384809e+07
4.129029322837124427e-01 2.393976768775861710e+07
4.321653540281166217e-01 2.384410682411500067e+07
4.523263910703274604e-01 2.055427289026643336e+07
4.734279649020536884e-01 1.820554505613043904e+07
4.955139527033520785e-01 1.730832077272748575e+07
5.186302785778565960e-01 1.574898768051858246e+07
5.428250090442419129e-01 1.551767513776229136e+07
5.681484529824789576e-01 1.485767520488827489e+07
5.946532662427046478e-01 1.383607657755083777e+07
6.223945611342215356e-01 1.308121855572924204e+07
6.514300210222929710e-01 1.253888214561465941e+07
6.818200202710160696e-01 1.121102648022166640e+07
7.136277497816758686e-01 1.041397665951373242e+07
7.469193483876155337e-01 9.456456371631661430e+06
7.817640403788362891e-01 8.408824111964033917e+06
8.182342794422867716e-01 7.457461068288644776e+06
8.564058993171398404e-01 6.823953176135783084e+06
8.963582714783228100e-01 5.428963396826216951e+06
9.381744701761730587e-01 4.405414050939261913e+06
9.819414451753946116e-01 3.725583026699141599e+06
1.027750202552496051e+00 2.887170639925842639e+06
1.075695993927647365e+00 2.474224062158374116e+06
1.125878514524432994e+00 2.211411693595950492e+06
1.178402110469330522e+00 1.987156187585625099e+06
1.233375995761962995e+00 1.941741133028798038e+06
1.290914479367274659e+00 2.110264720577145927e+06
1.351137202901832923e+00 1.953713830362146720e+06
1.414169389408483246e+00 1.630160737358171493e+06
1.480142103736643344e+00 1.378260500677781180e+06
1.549192525069651882e+00 1.124821520224789623e+06
1.621464232165851449e+00 9.517962618150645867e+05
1.697107501906508942e+00 8.346893402718217112e+05
1.776279621771362560e+00 8.224259674658611184e+05
1.859145216891527452e+00 7.476453973935734248e+05
1.945876592359817581e+00 7.253162788209773134e+05
2.036654091510258002e+00 7.597555143361436203e+05
2.131666470911770972e+00 7.865602994786435738e+05
2.231111292855769257e+00 8.881597017413303256e+05
2.335195336153773393e+00 7.977224847858323483e+05
2.444135026099235386e+00 7.152891296899388544e+05
2.558156884487600369e+00 5.887256517047248781e+05
2.677498000630348152e+00 5.156392563274697168e+05
2.802406524342412553e+00 4.592911536665220046e+05
2.933142181928062087e+00 4.148733745955196209e+05
