3.069976816238139533e-02 7.320332080836851597e+08
3.213194951921637121e-02 7.275245774266554117e+08
3.363094387046929729e-02 8.428839660168883801e+08
3.519986812322865172e-02 8.308193957298200130e+08
3.684198459207260745e-02 9.747942987950539589e+08
3.856070778250449138e-02 6.654297680187906027e+08
4.035961149084377197e-02 9.810933266059008837e+08
4.224243623533543990e-02 5.995997340815157890e+08
4.421309703392971302e-02 8.763265121823126078e+08
4.627569154490460829e-02 6.250184261427061558e+08
4.843450858725836805e-02 8.465873712724850178e+08
5.069403705858849252e-02 5.753313351828411818e+08
5.305897526900069106e-02 8.178738046969518661e+08
5.553424071045594268e-02 7.142003417143217325e+08
5.812498028186940946e-02 6.582864509599949121e+08
6.083658099122266766e-02 6.550054298145440817e+08
6.367468115694234487e-02 7.230234836678761244e+08
6.664518213183667772e-02 5.431452355697383881e+08
6.975426057396794111e-02 6.115895481102727652e+08
7.300838128997587384e-02 6.542978668485636711e+08
7.641431067755764805e-02 6.394295208753551245e+08
7.997913079505601652e-02 5.385140049722914696e+08
8.371025408741054885e-02 5.367507046712307930e+08
8.761543879909236554e-02 5.585604503295944929e+08
9.170280510607109470e-02 4.672798966820612550e+08
9.598085200035742781e-02 5.052748749234812260e+08
1.004584749622301765e-01 4.437259085746421814e+08
1.051449844568940195e-01 4.187757968231929541e+08
1.100501252940287722e-01 4.463600653068621755e+08
1.151840968904851020e-01 3.932326431450648308e+08
1.205575744782594882e-01 3.835187135047947168e+08
1.261817313018468445e-01 3.739804570290282965e+08
1.320682618511266337e-01 3.368188970172924995e+08
1.382294061780912076e-01 3.398832734711750746e+08
1.446779753479788821e-01 2.970741828722429276e+08
1.514273780777332656e-01 2.913836856983830929e+08
1.584916486171791816e-01 2.886478578321483731e+08
1.658854759308886484e-01 2.649246611697663367e+08
1.736242342414167639e-01 2.573433936150766015e+08
1.817240149974163610e-01 2.451508218245898187e+08
1.902016603331038169e-01 2.289053043427003324e+08
1.990747980886495849e-01 2.163170052660179138e+08
2.083618784643124222e-01 1.987642998514166474e+08
2.180822123845329585e-01 1.852918892846075892e+08
2.282560116517592663e-01 1.797947918619213700e+08
2.389044309734965343e-01 1.623061910442879200e+08
2.500496119499697190e-01 1.629383255086076856e+08
2.617147291138638421e-01 1.476800844761911929e+08
2.739240381178740802e-01 1.387276752639879882e+08
2.867029261702632170e-01 1.323399956944933087e+08
3.000779648232989039e-01 1.232103078589008898e+08
3.140769652243355914e-01 1.161339866762279272e+08
3.287290359444262067e-01 1.101163816556040198e+08
3.440646435047088891e-01 1.062195486597091705e+08
3.601156757264223351e-01 9.381781642225256562e+07
3.769155080362766030e-01 8.888638116108141840e+07
3.944990728650497602e-01 8.755173074483016133e+07
4.129029322837124427e-01 7.932769240489964187e+07
4.321653540281166217e-01 7.510213312970425189e+07
4.523263910703274604e-01 6.936807435153822601e+07
4.734279649020536884e-01 6.472209875987742096e+07
4.955139527033520785e-01 6.097933287445816398e+07
5.186302785778565960e-01 5.950450743091699481e+07
5.428250090442419129e-01 5.487556262632193416e+07
5.681484529824789576e-01 5.160168866651120037e+07
5.946532662427046478e-01 5.012178737039921433e+07
6.223945611342215356e-01 4.640428963765484840e+07
6.514300210222929710e-01 4.350895065781407803e+07
6.818200202710160696e-01 4.079608033227840811e+07
7.136277497816758686e-01 3.896936662387870997e+07
7.469193483876155337e-01 3.690807917679037154e+07
7.817640403788362891e-01 3.374050214329552650e+07
8.182342794422867716e-01 3.127369508170467988e+07
8.564058993171398404e-01 2.924186007854663581e+07
8.963582714783228100e-01 2.796085767005135119e+07
9.381744701761730587e-01 2.614492582082185894e+07
9.819414451753946116e-01 2.418257453127676994e+07
1.027750202552496051e+00 2.248719016335426271e+07
1.075695993927647365e+00 2.142793957177729160e+07
1.125878514524432994e+00 1.976274429906675965e+07
1.178402110469330522e+00 1.841301991265490651e+07
1.233375995761962995e+00 1.701254954176172987e+07
1.290914479367274659e+00 1.592684064881727099e+07
1.351137202901832923e+00 1.478098508771118522e+07
1.414169389408483246e+00 1.359650596795660257e+07
1.480142103736643344e+00 1.245384510212730244e+07
1.549192525069651882e+00 1.128352659891599603e+07
1.621464232165851449e+00 1.015799817028364539e+07
1.697107501906508942e+00 9.210349866430971771e+06
1.776279621771362560e+00 8.410340206934576854e+06
1.859145216891527452e+00 7.744297317001461051e+06
1.945876592359817581e+00 7.141856689613111317e+06
2.036654091510258002e+00 6.471530009725451469e+06
2.131666470911770972e+00 5.864893242381097749e+06
2.231111292855769257e+00 5.366476726161828265e+06
2.335195336153773393e+00 4.960397356925307773e+06
2.444135026099235386e+00 4.504001097449851222e+06
2.558156884487600369e+00 4.122096756411636714e+06
2.677498000630348152e+00 3.777300170362365898e+06
2.802406524342412553e+00 3.440010974165639840e+06
2.933142181928062087e+00 3.172007734893778805e+06
