3.069976816238139533e-02 1.660175789272155762e+09
3.213194951921637121e-02 1.568488663328207970e+09
3.363094387046929729e-02 1.300056348188436508e+09
3.519986812322865172e-02 1.373059296883963346e+09
3.684198459207260745e-02 1.312187525742266417e+09
3.856070778250449138e-02 1.354375320793442249e+09
4.035961149084377197e-02 1.137914635547651291e+09
4.224243623533543990e-02 1.017783224522009611e+09
4.421309703392971302e-02 1.250164893445048571e+09
4.627569154490460829e-02 1.057488424367271304e+09
4.843450858725836805e-02 9.852453127278376818e+08
5.069403705858849252e-02 8.482560515617396832e+08
5.305897526900069106e-02 9.968181097383291721e+08
5.553424071045594268e-02 8.713138245976167917e+08
5.812498028186940946e-02 9.018607703622554541e+08
6.083658099122266766e-02 7.834925753401542902e+08
6.367468115694234487e-02 9.606919682708022594e+08
6.664518213183667772e-02 8.165214335599756241e+08
6.975426057396794111e-02 8.094997338355388641e+08
7.300838128997587384e-02 6.953234595656449795e+08
7.641431067755764805e-02 6.795652184653489590e+08
7.997913079505601652e-02 7.833157197038471699e+08
8.371025408741054885e-02 6.876405427487063408e+08
8.761543879909236554e-02 6.049243593400136232e+08
9.170280510607109470e-02 6.360971210632177591e+08
9.598085200035742781e-02 5.737628292793065310e+08
1.004584749622301765e-01 5.421581555382751226e+08
1.051449844568940195e-01 5.152398422072515488e+08
1.100501252940287722e-01 4.987618469262223840e+08
1.151840968904851020e-01 4.713887852513754368e+08
1.205575744782594882e-01 4.192166260825197697e+08
1.261817313018468445e-01 4.129247588398459554e+08
1.320682618511266337e-01 3.836097622892792821e+08
1.382294061780912076e-01 3.657948929462708235e+08
1.446779753479788821e-01 3.671775051662118435e+08
1.514273780777332656e-01 3.100648709889904857e+08
1.584916486171791816e-01 3.142598346593582630e+08
1.658854759308886484e-01 2.869269383936713338e+08
1.736242342414167639e-01 2.975282372059360743e+08
1.817240149974163610e-01 2.539916648640511632e+08
1.902016603331038169e-01 2.536863729311203063e+08
1.990747980886495849e-01 2.332802190947040915e+08
2.083618784643124222e-01 2.131773203536802232e+08
2.180822123845329585e-01 1.936670790369186997e+08
2.282560116517592663e-01 1.908181886704637706e+08
2.389044309734965343e-01 1.791693075894357264e+08
2.500496119499697190e-01 1.653233907408855557e+08
2.617147291138638421e-01 1.586835527022268474e+08
2.739240381178740802e-01 1.482065526028929651e+08
2.867029261702632170e-01 1.382004148394129276e+08
3.000779648232989039e-01 1.222841512794708759e+08
3.140769652243355914e-01 1.221471371741290540e+08
3.287290359444262067e-01 1.150369450134629905e+08
3.440646435047088891e-01 1.054569697260685712e+08
3.601156757264223351e-01 1.048291531320116818e+08
3.769155080362766030e-01 9.506427245439781249e+07
3.944990728650497602e-01 8.728132502360218763e+07
4.129029322837124427e-01 8.533074858990152180e+07
4.321653540281166217e-01 7.891894951712466776e+07
4.523263910703274604e-01 7.506685945078562200e+07
4.734279649020536884e-01 7.002829104801551998e+07
4.955139527033520785e-01 6.413707627262601256e+07
5.186302785778565960e-01 6.088959005573515594e+07
5.428250090442419129e-01 5.690742723697942495e+07
5.681484529824789576e-01 5.428869657430513948e+07
5.946532662427046478e-01 5.002388512879431248e+07
6.223945611342215356e-01 4.738018849003811926e+07
6.514300210222929710e-01 4.354437438299277425e+07
6.818200202710160696e-01 4.214484622924613953e+07
7.136277497816758686e-01 3.918356882609631866e+07
7.469193483876155337e-01 3.621622084018790722e+07
7.817640403788362891e-01 3.308510375781755522e+07
8.182342794422867716e-01 3.131381296029906347e+07
8.564058993171398404e-01 2.879074538992732391e+07
8.963582714783228100e-01 2.615651158780314028e+07
9.381744701761730587e-01 2.467450116676699743e+07
9.819414451753946116e-01 2.317115841402311251e+07
1.027750202552496051e+00 2.138184714701853320e+07
1.075695993927647365e+00 1.985877876470663771e+07
1.125878514524432994e+00 1.878462835592847317e+07
1.178402110469330522e+00 1.748907230897560343e+07
1.233375995761962995e+00 1.591072969402320683e+07
1.290914479367274659e+00 1.505018686920700222e+07
1.351137202901832923e+00 1.382524009782437794e+07
1.414169389408483246e+00 1.277764131250191852e+07
1.480142103736643344e+00 1.172767498336482793e+07
1.549192525069651882e+00 1.085370553228695318e+07
1.621464232165851449e+00 9.940036159357922152e+06
1.697107501906508942e+00 9.108183841646358371e+06
1.776279621771362560e+00 8.445098897236412391e+06
1.859145216891527452e+00 7.753293510247359052e+06
1.945876592359817581e+00 7.078527306695585139e+06
2.036654091510258002e+00 6.482260347611679696e+06
2.131666470911770972e+00 5.964112163244859315e+06
2.231111292855769257e+00 5.482793980807778426e+06
2.335195336153773393e+00 4.979817796641677618e+06
2.444135026099235386e+00 4.580456706423670053e+06
2.558156884487600369e+00 4.196223428636873141e+06
2.677498000630348152e+00 3.861840794065600727e+06
2.802406524342412553e+00 3.469931551372297108e+06
2.933142181928062087e+00 3.218132644537971355e+06
