3.069976816238139533e-02 7.879580581821948290e+07
3.213194951921637121e-02 1.065905484271888137e+08
3.363094387046929729e-02 4.448099095345664024e+07
3.519986812322865172e-02 3.843942051008103788e+07
3.684198459207260745e-02 7.690162665908551216e+07
3.856070778250449138e-02 4.732220781562743708e+06
4.035961149084377197e-02 2.912528632499448955e+06
4.224243623533543990e-02 7.033656737826742232e+07
4.421309703392971302e-02 6.095841939151271433e+07
4.627569154490460829e-02 4.348536702102039754e+07
4.843450858725836805e-02 7.412258019542682171e+07
5.069403705858849252e-02 1.985779670929882675e+07
5.305897526900069106e-02 4.219899535063697398e+07
5.553424071045594268e-02 3.105132968245302886e+07
5.812498028186940946e-02 3.649298864533697069e+07
6.083658099122266766e-02 3.414163252744648606e+07
6.367468115694234487e-02 4.806683791123744845e+07
6.664518213183667772e-02 5.976490462989619374e+07
6.975426057396794111e-02 5.471101263673511147e+07
7.300838128997587384e-02 4.796633833549578488e+07
7.641431067755764805e-02 3.341283010481964424e+07
7.997913079505601652e-02 4.298449779124259204e+07
8.371025408741054885e-02 3.826577488836714625e+07
8.761543879909236554e-02 5.940054366151924431e+07
9.170280510607109470e-02 4.472813338583517075e+07
9.598085200035742781e-02 5.060491737725411355e+07
1.004584749622301765e-01 3.483830549199618399e+07
1.051449844568940195e-01 5.055626332676088810e+07
1.100501252940287722e-01 3.214595556018988043e+07
1.151840968904851020e-01 3.897269565529640764e+07
1.205575744782594882e-01 4.990667242277146876e+07
1.261817313018468445e-01 3.255789772554575279e+07
1.320682618511266337e-01 3.951809062383130193e+07
1.382294061780912076e-01 4.217379352317341417e+07
1.446779753479788821e-01 2.810255221857344732e+07
1.514273780777332656e-01 3.782837241613282263e+07
1.584916486171791816e-01 3.701098333560010046e+07
1.658854759308886484e-01 4.400828833337823302e+07
1.736242342414167639e-01 4.202376551961211115e+07
1.817240149974163610e-01 3.688114603467316180e+07
1.902016603331038169e-01 4.348418599920042604e+07
1.990747980886495849e-01 3.429379855730848014e+07
2.083618784643124222e-01 3.428784434001009911e+07
2.180822123845329585e-01 4.013733404248857498e+07
2.282560116517592663e-01 3.273482774661511928e+07
2.389044309734965343e-01 3.348866698189786449e+07
2.500496119499697190e-01 3.624790421388518810e+07
2.617147291138638421e-01 3.546608256578989327e+07
2.739240381178740802e-01 3.543911326955532283e+07
2.867029261702632170e-01 3.458699946223159879e+07
3.000779648232989039e-01 3.284673673731691763e+07
3.140769652243355914e-01 3.214598506861882284e+07
3.287290359444262067e-01 3.234379609032675251e+07
3.440646435047088891e-01 3.022258607922589034e+07
3.601156757264223351e-01 2.953837532931024209e+07
3.769155080362766030e-01 3.081454800171348080e+07
3.944990728650497602e-01 2.980782853333116323e+07
4.129029322837124427e-01 2.983422355610251799e+07
4.321653540281166217e-01 3.156585427656714618e+07
4.523263910703274604e-01 3.526264061678069085e+07
4.734279649020536884e-01 2.964273854662172869e+07
4.955139527033520785e-01 3.002951150633305311e+07
5.186302785778565960e-01 2.862253552323649451e+07
5.428250090442419129e-01 2.748536825477213785e+07
5.681484529824789576e-01 2.571369686428561062e+07
5.946532662427046478e-01 2.589219431319813058e+07
6.223945611342215356e-01 2.513868381838066131e+07
6.514300210222929710e-01 2.458464561473519728e+07
6.818200202710160696e-01 2.353151253664315864e+07
7.136277497816758686e-01 2.287525923167232797e+07
7.469193483876155337e-01 2.227346716102722660e+07
7.817640403788362891e-01 2.141242031432484463e+07
8.182342794422867716e-01 2.171458860678501427e+07
8.564058993171398404e-01 2.159210261020465568e+07
8.963582714783228100e-01 2.074364328954486921e+07
9.381744701761730587e-01 2.003078421161329746e+07
9.819414451753946116e-01 1.885416639342438802e+07
1.027750202552496051e+00 1.872869210475533083e+07
1.075695993927647365e+00 1.841285163977480307e+07
1.125878514524432994e+00 1.788136277434513345e+07
1.178402110469330522e+00 1.781204875319879875e+07
1.233375995761962995e+00 1.730698317992044985e+07
1.290914479367274659e+00 1.706749169641946256e+07
1.351137202901832923e+00 1.635239989676692151e+07
1.414169389408483246e+00 1.538336083626690321e+07
1.480142103736643344e+00 1.454169865484829247e+07
1.549192525069651882e+00 1.380609313350631297e+07
1.621464232165851449e+00 1.276486793492269330e+07
1.697107501906508942e+00 1.216114091421135888e+07
1.776279621771362560e+00 1.157118741948765703e+07
1.859145216891527452e+00 1.080395796996850520e+07
1.945876592359817581e+00 1.043724565230261348e+07
2.036654091510258002e+00 9.742207153160415590e+06
2.131666470911770972e+00 9.334477118912497535e+06
2.231111292855769257e+00 8.860790437791749835e+06
2.335195336153773393e+00 8.590051781174233183e+06
2.444135026099235386e+00 7.977120421222884208e+06
2.558156884487600369e+00 7.269864883984291926e+06
2.677498000630348152e+00 6.462553044471237808e+06
2.802406524342412553e+00 5.675934838682063855e+06
2.933142181928062087e+00 5.065269817582512274e+06
