3.069976816238139533e-02 8.694331151858500242e+08
3.213194951921637121e-02 1.070646394058496714e+09
3.363094387046929729e-02 8.538894233201727867e+08
3.519986812322865172e-02 5.165448765344453454e+08
3.684198459207260745e-02 6.775821411181089878e+08
3.856070778250449138e-02 9.850000242888706923e+08
4.035961149084377197e-02 7.039728465346415043e+08
4.224243623533543990e-02 7.696032422461209297e+08
4.421309703392971302e-02 7.414444597282931805e+08
4.627569154490460829e-02 5.708706308588470221e+08
4.843450858725836805e-02 6.747393505480585098e+08
5.069403705858849252e-02 7.513303284862095118e+08
5.305897526900069106e-02 7.397430549481196404e+08
5.553424071045594268e-02 7.712460987326116562e+08
5.812498028186940946e-02 6.756764746772265434e+08
6.083658099122266766e-02 6.093398684298505783e+08
6.367468115694234487e-02 6.276374574777485132e+08
6.664518213183667772e-02 5.859190408004555702e+08
6.975426057396794111e-02 5.229136212106773853e+08
7.300838128997587384e-02 5.836013639538233280e+08
7.641431067755764805e-02 5.458984083625692129e+08
7.997913079505601652e-02 5.305316148212287426e+08
8.371025408741054885e-02 5.073936537943404913e+08
8.761543879909236554e-02 5.299314608492848873e+08
9.170280510607109470e-02 4.600934720339167118e+08
9.598085200035742781e-02 4.754262392206771970e+08
1.004584749622301765e-01 4.648585653927171826e+08
1.051449844568940195e-01 4.733511741095820069e+08
1.100501252940287722e-01 4.163477956853918433e+08
1.151840968904851020e-01 4.081669273128206134e+08
1.205575744782594882e-01 4.297797611734294891e+08
1.261817313018468445e-01 3.669751562066272497e+08
1.320682618511266337e-01 3.602578783585197926e+08
1.382294061780912076e-01 3.209317978641577363e+08
1.446779753479788821e-01 2.896877912855337858e+08
1.514273780777332656e-01 2.947698446050127745e+08
1.584916486171791816e-01 2.965904946690276861e+08
1.658854759308886484e-01 2.584975696136398613e+08
1.736242342414167639e-01 2.576643812234513760e+08
1.817240149974163610e-01 2.546507646778714061e+08
1.902016603331038169e-01 2.287671338705917299e+08
1.990747980886495849e-01 2.071561843989065588e+08
2.083618784643124222e-01 2.179808781727964878e+08
2.180822123845329585e-01 1.960942035410600305e+08
2.282560116517592663e-01 1.844109800627728701e+08
2.389044309734965343e-01 1.699179864513617456e+08
2.500496119499697190e-01 1.635565063716877997e+08
2.617147291138638421e-01 1.489081951159982979e+08
2.739240381178740802e-01 1.501570287845436037e+08
2.867029261702632170e-01 1.376770437526018023e+08
3.000779648232989039e-01 1.271260048747896254e+08
3.140769652243355914e-01 1.227147419968611151e+08
3.287290359444262067e-01 1.139225521049353182e+08
3.440646435047088891e-01 1.071651563513225615e+08
3.601156757264223351e-01 9.737361556494694948e+07
3.769155080362766030e-01 9.338623254172161222e+07
3.944990728650497602e-01 8.453503686913582683e+07
4.129029322837124427e-01 8.221970641943055391e+07
4.321653540281166217e-01 7.675477190879072249e+07
4.523263910703274604e-01 7.318989281398411095e+07
4.734279649020536884e-01 6.836015736324612796e+07
4.955139527033520785e-01 6.425408407610634714e+07
5.186302785778565960e-01 6.075944039478319138e+07
5.428250090442419129e-01 5.524220753238625079e+07
5.681484529824789576e-01 5.307588489473421127e+07
5.946532662427046478e-01 4.938606811034455895e+07
6.223945611342215356e-01 4.600474351600494236e+07
6.514300210222929710e-01 4.453760158146493137e+07
6.818200202710160696e-01 4.136930601776121557e+07
7.136277497816758686e-01 3.906601710711601377e+07
7.469193483876155337e-01 3.703706896178151667e+07
7.817640403788362891e-01 3.418579008593850583e+07
8.182342794422867716e-01 3.190305164805677161e+07
8.564058993171398404e-01 2.994289858329672366e+07
8.963582714783228100e-01 2.784523120351145044e+07
9.381744701761730587e-01 2.651183380964085832e+07
9.819414451753946116e-01 2.465915591221462190e+07
1.027750202552496051e+00 2.345691191033681482e+07
1.075695993927647365e+00 2.170573638456578925e+07
1.125878514524432994e+00 2.039207420768077299e+07
1.178402110469330522e+00 1.901632937826700881e+07
1.233375995761962995e+00 1.770004326747221500e+07
1.290914479367274659e+00 1.648232217201038823e+07
1.351137202901832923e+00 1.516562460616716184e+07
1.414169389408483246e+00 1.420350331653110310e+07
1.480142103736643344e+00 1.341712052454613335e+07
1.549192525069651882e+00 1.218150314411857538e+07
1.621464232165851449e+00 1.134819126513595320e+07
1.697107501906508942e+00 1.038163703230486251e+07
1.776279621771362560e+00 9.487243224122881889e+06
1.859145216891527452e+00 8.451158741456424817e+06
1.945876592359817581e+00 7.647579152859407477e+06
2.036654091510258002e+00 6.869344148928463459e+06
2.131666470911770972e+00 6.120936997746048495e+06
2.231111292855769257e+00 5.576256288921815343e+06
2.335195336153773393e+00 4.983617443227654323e+06
2.444135026099235386e+00 4.543707200702437200e+06
2.558156884487600369e+00 4.177551887748273090e+06
2.677498000630348152e+00 3.838302817922347225e+06
2.802406524342412553e+00 3.483515557682181243e+06
2.933142181928062087e+00 3.214363773985116277e+06
