3.069976816238139533e-02 7.979714179555410147e+08
3.213194951921637121e-02 1.476403806583719254e+09
3.363094387046929729e-02 1.601161006345912695e+09
3.519986812322865172e-02 1.170194091887157202e+09
3.684198459207260745e-02 1.330336700496438265e+09
3.856070778250449138e-02 9.446209295049364567e+08
4.035961149084377197e-02 1.031896178919532657e+09
4.224243623533543990e-02 9.447775704486572742e+08
4.421309703392971302e-02 9.862369023728723526e+08
4.627569154490460829e-02 9.067728830095573664e+08
4.843450858725836805e-02 9.858963261406958103e+08
5.069403705858849252e-02 7.927757316788918972e+08
5.305897526900069106e-02 7.708319837753883600e+08
5.553424071045594268e-02 7.729195369908001423e+08
5.812498028186940946e-02 7.493084500503195524e+08
6.083658099122266766e-02 8.064214872028301954e+08
6.367468115694234487e-02 7.298093756799261570e+08
6.664518213183667772e-02 6.998489925844998360e+08
6.975426057396794111e-02 7.184316097939881086e+08
7.300838128997587384e-02 5.764314851878330708e+08
7.641431067755764805e-02 6.574063396756477356e+08
7.997913079505601652e-02 6.110361499734193087e+08
8.371025408741054885e-02 5.880951563652102947e+08
8.761543879909236554e-02 6.118056353867429495e+08
9.170280510607109470e-02 5.398216961517517567e+08
9.598085200035742781e-02 5.433566856020468473e+08
1.004584749622301765e-01 4.758449240126950741e+08
1.051449844568940195e-01 4.524067581896845102e+08
1.100501252940287722e-01 4.556157414689299464e+08
1.151840968904851020e-01 4.592352912383391857e+08
1.205575744782594882e-01 4.285744240225003958e+08
1.261817313018468445e-01 3.855183078482972980e+08
1.320682618511266337e-01 3.846249962779602408e+08
1.382294061780912076e-01 3.643996715002345443e+08
1.446779753479788821e-01 3.447654953337649703e+08
1.514273780777332656e-01 3.110522349849273562e+08
1.584916486171791816e-01 2.977512531705918908e+08
1.658854759308886484e-01 3.020029039421742558e+08
1.736242342414167639e-01 2.714095254618305564e+08
1.817240149974163610e-01 2.437073224215423763e+08
1.902016603331038169e-01 2.374684601227506697e+08
1.990747980886495849e-01 2.204340408263379931e+08
2.083618784643124222e-01 2.089020282378474474e+08
2.180822123845329585e-01 1.956496458957029879e+08
2.282560116517592663e-01 1.931792766215839684e+08
2.389044309734965343e-01 1.690866538767608404e+08
2.500496119499697190e-01 1.662428993683146834e+08
2.617147291138638421e-01 1.628610347856014967e+08
2.739240381178740802e-01 1.465268637942661941e+08
2.867029261702632170e-01 1.376315326014598310e+08
3.000779648232989039e-01 1.302014964298533946e+08
3.140769652243355914e-01 1.182881978227357268e+08
3.287290359444262067e-01 1.125397657668104321e+08
3.440646435047088891e-01 1.066858329388302863e+08
3.601156757264223351e-01 9.830428900544062257e+07
3.769155080362766030e-01 9.278847331618675590e+07
3.944990728650497602e-01 8.691063685580427945e+07
4.129029322837124427e-01 7.906613964066736400e+07
4.321653540281166217e-01 7.828754773652923107e+07
4.523263910703274604e-01 7.194450667632798851e+07
4.734279649020536884e-01 6.597607218038389832e+07
4.955139527033520785e-01 6.382024309953333437e+07
5.186302785778565960e-01 5.828831553746639937e+07
5.428250090442419129e-01 5.502720755450295657e+07
5.681484529824789576e-01 5.016479771182299405e+07
5.946532662427046478e-01 4.882738737814209610e+07
6.223945611342215356e-01 4.639013397981874645e+07
6.514300210222929710e-01 4.248826382171322405e+07
6.818200202710160696e-01 4.058610243665049225e+07
7.136277497816758686e-01 3.772922582554863393e+07
7.469193483876155337e-01 3.516837440108913928e+07
7.817640403788362891e-01 3.291454312309853733e+07
8.182342794422867716e-01 3.055087377535668761e+07
8.564058993171398404e-01 2.856648000078796223e+07
8.963582714783228100e-01 2.610628008677956462e+07
9.381744701761730587e-01 2.456126142825162411e+07
9.819414451753946116e-01 2.294703303541063145e+07
1.027750202552496051e+00 2.127741154710569978e+07
1.075695993927647365e+00 1.984921903470707685e+07
1.125878514524432994e+00 1.834311188228836283e+07
1.178402110469330522e+00 1.691325188651840389e+07
1.233375995761962995e+00 1.569528182963855565e+07
1.290914479367274659e+00 1.432365844006683305e+07
1.351137202901832923e+00 1.332257472960069962e+07
1.414169389408483246e+00 1.239170988723557629e+07
1.480142103736643344e+00 1.135278369912425429e+07
1.549192525069651882e+00 1.042421446653723530e+07
1.621464232165851449e+00 9.680400700059318915e+06
1.697107501906508942e+00 8.850808052595421672e+06
1.776279621771362560e+00 8.201061950013462454e+06
1.859145216891527452e+00 7.409259667632119730e+06
1.945876592359817581e+00 6.815996494947312400e+06
2.036654091510258002e+00 6.220284263199275360e+06
2.131666470911770972e+00 5.768536221892055124e+06
2.231111292855769257e+00 5.318439343239787035e+06
2.335195336153773393e+00 4.851061526200113818e+06
2.444135026099235386e+00 4.414256220181831159e+06
2.558156884487600369e+00 4.020582989805242047e+06
2.677498000630348152e+00 3.625910843992902897e+06
2.802406524342412553e+00 3.316012108146044426e+06
2.933142181928062087e+00 3.041096844111523125e+06
