3.069976816238139533e-02 9.449726513457093239e+08
3.213194951921637121e-02 9.181142539867335558e+08
3.363094387046929729e-02 7.164263737561323643e+08
3.519986812322865172e-02 6.703039140987387896e+08
3.684198459207260745e-02 9.086115774476408958e+08
3.856070778250449138e-02 8.692104120998684168e+08
4.035961149084377197e-02 9.091509396582198143e+08
4.224243623533543990e-02 8.431090874961856604e+08
4.421309703392971302e-02 8.546540982549575567e+08
4.627569154490460829e-02 9.022141720433874130e+08
4.843450858725836805e-02 7.956989552161755562e+08
5.069403705858849252e-02 7.819315055593824387e+08
5.305897526900069106e-02 1.020024321718364954e+09
5.553424071045594268e-02 7.433642869094088078e+08
5.812498028186940946e-02 7.088134045644233227e+08
6.083658099122266766e-02 6.167168876829249859e+08
6.367468115694234487e-02 6.858506513232001066e+08
6.664518213183667772e-02 5.969324559210213423e+08
6.975426057396794111e-02 5.451834830309394598e+08
7.300838128997587384e-02 5.899516182745672464e+08
7.641431067755764805e-02 5.083585944389479160e+08
7.997913079505601652e-02 5.373239695398095846e+08
8.371025408741054885e-02 5.020230204093002677e+08
8.761543879909236554e-02 5.003492713718656898e+08
9.170280510607109470e-02 4.946107325331630707e+08
9.598085200035742781e-02 4.661597201002795100e+08
1.004584749622301765e-01 4.629148321694729924e+08
1.051449844568940195e-01 4.514136297899175286e+08
1.100501252940287722e-01 4.617330282613974214e+08
1.151840968904851020e-01 4.141909682655860186e+08
1.205575744782594882e-01 3.689026268030333519e+08
1.261817313018468445e-01 3.557587151829949617e+08
1.320682618511266337e-01 3.392583694062206745e+08
1.382294061780912076e-01 3.219254478151487708e+08
1.446779753479788821e-01 3.176674454405944943e+08
1.514273780777332656e-01 3.073339111701980829e+08
1.584916486171791816e-01 2.862528235095273852e+08
1.658854759308886484e-01 2.704703121478686333e+08
1.736242342414167639e-01 2.528524431705086231e+08
1.817240149974163610e-01 2.582125873365119696e+08
1.902016603331038169e-01 2.264856512096980214e+08
1.990747980886495849e-01 2.057750182262814939e+08
2.083618784643124222e-01 1.896909651632638574e+08
2.180822123845329585e-01 1.951119575852118433e+08
2.282560116517592663e-01 1.831698799570608437e+08
2.389044309734965343e-01 1.647382566019155681e+08
2.500496119499697190e-01 1.598264625978958607e+08
2.617147291138638421e-01 1.562530924671925306e+08
2.739240381178740802e-01 1.440066584487963617e+08
2.867029261702632170e-01 1.300365143608787954e+08
3.000779648232989039e-01 1.235515726649340242e+08
3.140769652243355914e-01 1.172061796621616185e+08
3.287290359444262067e-01 1.135296477911340594e+08
3.440646435047088891e-01 1.034910074759092629e+08
3.601156757264223351e-01 9.742013897942733765e+07
3.769155080362766030e-01 8.871588571913883090e+07
3.944990728650497602e-01 8.560104441498364508e+07
4.129029322837124427e-01 8.081542745392361283e+07
4.321653540281166217e-01 7.550870299673691392e+07
4.523263910703274604e-01 6.968610295176459849e+07
4.734279649020536884e-01 6.914819721114110947e+07
4.955139527033520785e-01 6.232691822145236284e+07
5.186302785778565960e-01 5.989352438400008529e+07
5.428250090442419129e-01 5.630788644255111367e+07
5.681484529824789576e-01 5.422101522041346133e+07
5.946532662427046478e-01 5.002990640813680738e+07
6.223945611342215356e-01 4.627795499106786400e+07
6.514300210222929710e-01 4.303052743208660185e+07
6.818200202710160696e-01 4.111599534115473181e+07
7.136277497816758686e-01 3.866831191238401085e+07
7.469193483876155337e-01 3.671555240693072230e+07
7.817640403788362891e-01 3.455545835539059341e+07
8.182342794422867716e-01 3.192883429899672419e+07
8.564058993171398404e-01 3.050535935763531923e+07
8.963582714783228100e-01 2.813019373111170903e+07
9.381744701761730587e-01 2.586793434408691525e+07
9.819414451753946116e-01 2.448158798043329269e+07
1.027750202552496051e+00 2.274197295893175527e+07
1.075695993927647365e+00 2.118030411571605504e+07
1.125878514524432994e+00 1.963346602926664427e+07
1.178402110469330522e+00 1.848882565447578952e+07
1.233375995761962995e+00 1.730700468588616326e+07
1.290914479367274659e+00 1.616753919224315323e+07
1.351137202901832923e+00 1.490361971085551381e+07
1.414169389408483246e+00 1.372625447474451549e+07
1.480142103736643344e+00 1.255738566304366477e+07
1.549192525069651882e+00 1.141013328981312923e+07
1.621464232165851449e+00 1.041100804335629940e+07
1.697107501906508942e+00 9.321580340343143791e+06
1.776279621771362560e+00 8.464046046082690358e+06
1.859145216891527452e+00 7.715379984396054409e+06
1.945876592359817581e+00 7.029977825458284467e+06
2.036654091510258002e+00 6.518766251669706777e+06
2.131666470911770972e+00 5.929824546293071471e+06
2.231111292855769257e+00 5.398920373046049848e+06
2.335195336153773393e+00 4.939992247130352072e+06
2.444135026099235386e+00 4.540638085783057846e+06
2.558156884487600369e+00 4.151440312594465911e+06
2.677498000630348152e+00 3.809006494434015360e+06
2.802406524342412553e+00 3.491306423351986799e+06
2.933142181928062087e+00 3.181216664775659330e+06
