3.069976816238139533e-02 1.624015399229988575e+09
3.213194951921637121e-02 9.458942807270326614e+08
3.363094387046929729e-02 1.110332499901541948e+09
3.519986812322865172e-02 7.263381334725308418e+08
3.684198459207260745e-02 1.041957647276075602e+09
3.856070778250449138e-02 1.231690993978327036e+09
4.035961149084377197e-02 9.775332648405690193e+08
4.224243623533543990e-02 1.251657411635614872e+09
4.421309703392971302e-02 1.066696272095566392e+09
4.627569154490460829e-02 1.229436413830798626e+09
4.843450858725836805e-02 9.537102365288103819e+08
5.069403705858849252e-02 1.075981388937340975e+09
5.305897526900069106e-02 8.632135122261841297e+08
5.553424071045594268e-02 7.924973042806595564e+08
5.812498028186940946e-02 9.366396848967220783e+08
6.083658099122266766e-02 8.158231007520835400e+08
6.367468115694234487e-02 7.257999986885786057e+08
6.664518213183667772e-02 7.480379374404054880e+08
6.975426057396794111e-02 7.290749774330930710e+08
7.300838128997587384e-02 7.187835119291232824e+08
7.641431067755764805e-02 7.215334352383517027e+08
7.997913079505601652e-02 6.449436799899207354e+08
8.371025408741054885e-02 5.931003318228921890e+08
8.761543879909236554e-02 6.366243626447275877e+08
9.170280510607109470e-02 5.030967342315715551e+08
9.598085200035742781e-02 5.518364329629116058e+08
1.004584749622301765e-01 5.439949506997239590e+08
1.051449844568940195e-01 5.255701090655215979e+08
1.100501252940287722e-01 5.030508745390291810e+08
1.151840968904851020e-01 4.233756093558771610e+08
1.205575744782594882e-01 4.109962035338684320e+08
1.261817313018468445e-01 4.379483073398523331e+08
1.320682618511266337e-01 3.908929923217697740e+08
1.382294061780912076e-01 3.625891498990265727e+08
1.446779753479788821e-01 3.326699132034660578e+08
1.514273780777332656e-01 3.292550759122215509e+08
1.584916486171791816e-01 3.013981404746857285e+08
1.658854759308886484e-01 2.831407185016841292e+08
1.736242342414167639e-01 2.779828192043445110e+08
1.817240149974163610e-01 2.549493791932661533e+08
1.902016603331038169e-01 2.362486651336264908e+08
1.990747980886495849e-01 2.278632051031163633e+08
2.083618784643124222e-01 2.071063459646738172e+08
2.180822123845329585e-01 2.055074864871757627e+08
2.282560116517592663e-01 1.874506471071673036e+08
2.389044309734965343e-01 1.715975716914490759e+08
2.500496119499697190e-01 1.716354098594745398e+08
2.617147291138638421e-01 1.583182729624494910e+08
2.739240381178740802e-01 1.507914073672035635e+08
2.867029261702632170e-01 1.381244262753064036e+08
3.000779648232989039e-01 1.284324081137478352e+08
3.140769652243355914e-01 1.201493595971522331e+08
3.287290359444262067e-01 1.114630952247598469e+08
3.440646435047088891e-01 1.034435485113627166e+08
3.601156757264223351e-01 1.022930734100170881e+08
3.769155080362766030e-01 9.472721359512808919e+07
3.944990728650497602e-01 8.925209340708898008e+07
4.129029322837124427e-01 8.441457747201739252e+07
4.321653540281166217e-01 7.863001198576436937e+07
4.523263910703274604e-01 7.332468705259230733e+07
4.734279649020536884e-01 6.855035714692817628e+07
4.955139527033520785e-01 6.678471013548062742e+07
5.186302785778565960e-01 6.074358368079191446e+07
5.428250090442419129e-01 5.733553872981699556e+07
5.681484529824789576e-01 5.461022429499571025e+07
5.946532662427046478e-01 5.061744222866412252e+07
6.223945611342215356e-01 4.754056985761128366e+07
6.514300210222929710e-01 4.532605367327825725e+07
6.818200202710160696e-01 4.121306781193660200e+07
7.136277497816758686e-01 3.921086404750069976e+07
7.469193483876155337e-01 3.683034371948701888e+07
7.817640403788362891e-01 3.402778408513334394e+07
8.182342794422867716e-01 3.155980493758695573e+07
8.564058993171398404e-01 2.962521360633752868e+07
8.963582714783228100e-01 2.710407315253861994e+07
9.381744701761730587e-01 2.531181172950677201e+07
9.819414451753946116e-01 2.381297373268337920e+07
1.027750202552496051e+00 2.208408839449756965e+07
1.075695993927647365e+00 2.032502851362875476e+07
1.125878514524432994e+00 1.872388149609430134e+07
1.178402110469330522e+00 1.733896446941392124e+07
1.233375995761962995e+00 1.599327119555420056e+07
1.290914479367274659e+00 1.503415821502074040e+07
1.351137202901832923e+00 1.361996627256814390e+07
1.414169389408483246e+00 1.264152900505112298e+07
1.480142103736643344e+00 1.173896880482162908e+07
1.549192525069651882e+00 1.088995550774099492e+07
1.621464232165851449e+00 9.737501585220931098e+06
1.697107501906508942e+00 9.092395700041105971e+06
1.776279621771362560e+00 8.390831508272562176e+06
1.859145216891527452e+00 7.736140693361274898e+06
1.945876592359817581e+00 7.122827431465881877e+06
2.036654091510258002e+00 6.589533956283476204e+06
2.131666470911770972e+00 6.080044542239719070e+06
2.231111292855769257e+00 5.638284611590600573e+06
2.335195336153773393e+00 5.180862711148905568e+06
2.444135026099235386e+00 4.674682842177423649e+06
2.558156884487600369e+00 4.263250351329600438e+06
2.677498000630348152e+00 3.843806561647589784e+06
2.802406524342412553e+00 3.528803714887725189e+06
2.933142181928062087e+00 3.225633750949269161e+06
