3.069976816238139533e-02 1.387933613935157299e+09
3.213194951921637121e-02 1.124140503574693203e+09
3.363094387046929729e-02 8.068168733292093277e+08
3.519986812322865172e-02 1.420013355646506786e+09
3.684198459207260745e-02 1.360356864197763443e+09
3.856070778250449138e-02 1.232934430099926472e+09
4.035961149084377197e-02 8.712111836455678940e+08
4.224243623533543990e-02 8.762402776532131433e+08
4.421309703392971302e-02 7.133969476692348719e+08
4.627569154490460829e-02 9.570990455697606802e+08
4.843450858725836805e-02 9.640828452502770424e+08
5.069403705858849252e-02 8.314493061893197298e+08
5.305897526900069106e-02 9.247840879807884693e+08
5.553424071045594268e-02 8.721492911253131628e+08
5.812498028186940946e-02 7.822026944838619232e+08
6.083658099122266766e-02 8.250525080937323570e+08
6.367468115694234487e-02 8.096845665734804869e+08
6.664518213183667772e-02 7.404275792936614752e+08
6.975426057396794111e-02 7.337053375548601151e+08
7.300838128997587384e-02 7.009822409067940712e+08
7.641431067755764805e-02 6.989822357455377579e+08
7.997913079505601652e-02 6.491573393916699886e+08
8.371025408741054885e-02 5.550301614307625294e+08
8.761543879909236554e-02 6.338255911797988415e+08
9.170280510607109470e-02 5.641558125150800943e+08
9.598085200035742781e-02 5.962312788348331451e+08
1.004584749622301765e-01 5.091997684061628580e+08
1.051449844568940195e-01 5.122015289828622341e+08
1.100501252940287722e-01 4.832560103912018538e+08
1.151840968904851020e-01 4.329267592483402491e+08
1.205575744782594882e-01 4.370419275564446449e+08
1.261817313018468445e-01 4.111110023143826723e+08
1.320682618511266337e-01 4.025262456435915828e+08
1.382294061780912076e-01 3.774327483131017089e+08
1.446779753479788821e-01 3.405910990491514802e+08
1.514273780777332656e-01 3.224139167257185578e+08
1.584916486171791816e-01 3.150459394082653522e+08
1.658854759308886484e-01 2.937286245118376017e+08
1.736242342414167639e-01 3.013504286593088508e+08
1.817240149974163610e-01 2.664510523797491491e+08
1.902016603331038169e-01 2.657792138473871052e+08
1.990747980886495849e-01 2.490543218671200275e+08
2.083618784643124222e-01 2.398046928388506174e+08
2.180822123845329585e-01 2.243522934952516854e+08
2.282560116517592663e-01 2.104956303910829425e+08
2.389044309734965343e-01 2.027409423305121362e+08
2.500496119499697190e-01 1.844844931819349825e+08
2.617147291138638421e-01 1.705149442237554789e+08
2.739240381178740802e-01 1.627070694528314769e+08
2.867029261702632170e-01 1.545001750468408167e+08
3.000779648232989039e-01 1.417504785228191912e+08
3.140769652243355914e-01 1.415469022548751235e+08
3.287290359444262067e-01 1.295445496036763191e+08
3.440646435047088891e-01 1.160487472895709574e+08
3.601156757264223351e-01 1.127107673368932754e+08
3.769155080362766030e-01 1.019672350315780491e+08
3.944990728650497602e-01 9.678600319150544703e+07
4.129029322837124427e-01 9.175243799936075509e+07
4.321653540281166217e-01 8.448108630204375088e+07
4.523263910703274604e-01 8.017231972289480269e+07
4.734279649020536884e-01 7.396175244757285714e+07
4.955139527033520785e-01 6.907040196833714843e+07
5.186302785778565960e-01 6.702554096574037522e+07
5.428250090442419129e-01 6.332939076195102930e+07
5.681484529824789576e-01 5.898727282694776356e+07
5.946532662427046478e-01 5.510880696285491437e+07
6.223945611342215356e-01 5.141828100555752218e+07
6.514300210222929710e-01 4.856276156394264102e+07
6.818200202710160696e-01 4.604664831372756511e+07
7.136277497816758686e-01 4.223868994710136205e+07
7.469193483876155337e-01 3.996244024516619742e+07
7.817640403788362891e-01 3.740181942889465392e+07
8.182342794422867716e-01 3.454236570958239585e+07
8.564058993171398404e-01 3.223243989351103455e+07
8.963582714783228100e-01 2.933762152934315801e+07
9.381744701761730587e-01 2.770037682897678018e+07
9.819414451753946116e-01 2.513787024154533446e+07
1.027750202552496051e+00 2.336730832315212116e+07
1.075695993927647365e+00 2.175229078662971035e+07
1.125878514524432994e+00 2.054869996674341336e+07
1.178402110469330522e+00 1.840631948895186931e+07
1.233375995761962995e+00 1.719851181089146808e+07
1.290914479367274659e+00 1.566924807464549318e+07
1.351137202901832923e+00 1.429123614362153970e+07
1.414169389408483246e+00 1.322730046098095737e+07
1.480142103736643344e+00 1.207336922966911085e+07
1.549192525069651882e+00 1.105245482189567946e+07
1.621464232165851449e+00 1.009015334649386257e+07
1.697107501906508942e+00 9.229155701348630711e+06
1.776279621771362560e+00 8.472224234803633764e+06
1.859145216891527452e+00 7.665598885820158757e+06
1.945876592359817581e+00 6.928938539741370827e+06
2.036654091510258002e+00 6.285126597002055496e+06
2.131666470911770972e+00 5.662359429628068581e+06
2.231111292855769257e+00 5.211743308202193119e+06
2.335195336153773393e+00 4.861145102912022732e+06
2.444135026099235386e+00 4.461021668341735378e+06
2.558156884487600369e+00 4.015257786971548107e+06
2.677498000630348152e+00 3.578005013511482626e+06
2.802406524342412553e+00 3.202427628604702186e+06
2.933142181928062087e+00 2.897398137064256240e+06
