3.069976816238139533e-02 1.055254633399189353e+09
3.213194951921637121e-02 1.182455376901700974e+09
3.363094387046929729e-02 5.990597634976752996e+08
3.519986812322865172e-02 7.109885190702121258e+08
3.684198459207260745e-02 6.212989826854033470e+08
3.856070778250449138e-02 6.212634640100947618e+08
4.035961149084377197e-02 4.533968193009026051e+08
4.224243623533543990e-02 5.371202317732559443e+08
4.421309703392971302e-02 4.758853159255746007e+08
4.627569154490460829e-02 5.314238812051811218e+08
4.843450858725836805e-02 4.737676436651439667e+08
5.069403705858849252e-02 3.802248563871811032e+08
5.305897526900069106e-02 4.112694284275470376e+08
5.553424071045594268e-02 3.511348004336365461e+08
5.812498028186940946e-02 4.158420218112399578e+08
6.083658099122266766e-02 4.144246744793626070e+08
6.367468115694234487e-02 3.947961943492037654e+08
6.664518213183667772e-02 4.129400632746016979e+08
6.975426057396794111e-02 3.147397062002944350e+08
7.300838128997587384e-02 2.746074364693862796e+08
7.641431067755764805e-02 3.207167620834583640e+08
7.997913079505601652e-02 3.025459342038529515e+08
8.371025408741054885e-02 2.318565344321158230e+08
8.761543879909236554e-02 2.380191886353307664e+08
9.170280510607109470e-02 2.378448811841307580e+08
9.598085200035742781e-02 2.419473969395352006e+08
1.004584749622301765e-01 1.986252658816244006e+08
1.051449844568940195e-01 1.990700994200274050e+08
1.100501252940287722e-01 2.067946584996899068e+08
1.151840968904851020e-01 1.880932047373560667e+08
1.205575744782594882e-01 1.770893122067888379e+08
1.261817313018468445e-01 1.767735885507822633e+08
1.320682618511266337e-01 1.605472115943111777e+08
1.382294061780912076e-01 1.586376633029895425e+08
1.446779753479788821e-01 1.597483861395120025e+08
1.514273780777332656e-01 1.465181399755145609e+08
1.584916486171791816e-01 1.344064898735853434e+08
1.658854759308886484e-01 1.150185021263718903e+08
1.736242342414167639e-01 1.183313015063829273e+08
1.817240149974163610e-01 1.167206698881777376e+08
1.902016603331038169e-01 1.160476129842828363e+08
1.990747980886495849e-01 1.024929470047650188e+08
2.083618784643124222e-01 1.038642104728538543e+08
2.180822123845329585e-01 1.003707617660987228e+08
2.282560116517592663e-01 8.831885414693668485e+07
2.389044309734965343e-01 8.288774367046928406e+07
2.500496119499697190e-01 7.577401586624011397e+07
2.617147291138638421e-01 7.089363632228396833e+07
2.739240381178740802e-01 6.633121191872771829e+07
2.867029261702632170e-01 5.948536739977200329e+07
3.000779648232989039e-01 5.569058384731132537e+07
3.140769652243355914e-01 5.158068355011806637e+07
3.287290359444262067e-01 4.774120062507893890e+07
3.440646435047088891e-01 4.116601910319353640e+07
3.601156757264223351e-01 3.942470458227335662e+07
3.769155080362766030e-01 3.577048908291960508e+07
3.944990728650497602e-01 3.365251497650468349e+07
4.129029322837124427e-01 3.016087620980894938e+07
4.321653540281166217e-01 2.793576651418536529e+07
4.523263910703274604e-01 2.484452392015339434e+07
4.734279649020536884e-01 2.230382652142618224e+07
4.955139527033520785e-01 1.964037994474284723e+07
5.186302785778565960e-01 1.842633679778493941e+07
5.428250090442419129e-01 1.731227616980024800e+07
5.681484529824789576e-01 1.645806166099896468e+07
5.946532662427046478e-01 1.551157165313770063e+07
6.223945611342215356e-01 1.379951413943208754e+07
6.514300210222929710e-01 1.310023195669963397e+07
6.818200202710160696e-01 1.275982723299898952e+07
7.136277497816758686e-01 1.180490319426097535e+07
7.469193483876155337e-01 1.070209079771788046e+07
7.817640403788362891e-01 9.998728425163421780e+06
8.182342794422867716e-01 9.225947640284549445e+06
8.564058993171398404e-01 8.114127537342866883e+06
8.963582714783228100e-01 7.564603975162015297e+06
9.381744701761730587e-01 6.491455024143252522e+06
9.819414451753946116e-01 6.089133569448244758e+06
1.027750202552496051e+00 5.548446851776841097e+06
1.075695993927647365e+00 5.283098134066319093e+06
1.125878514524432994e+00 4.599440701901955530e+06
1.178402110469330522e+00 4.214647688498264179e+06
1.233375995761962995e+00 3.714873396841258276e+06
1.290914479367274659e+00 3.522794728610828985e+06
1.351137202901832923e+00 3.074620434464471880e+06
1.414169389408483246e+00 2.849359150631227065e+06
1.480142103736643344e+00 2.740648532350975089e+06
1.549192525069651882e+00 2.612990870763229206e+06
1.621464232165851449e+00 2.421698780258584302e+06
1.697107501906508942e+00 2.281299781852487940e+06
1.776279621771362560e+00 2.253619825133332517e+06
1.859145216891527452e+00 2.106709210864973255e+06
1.945876592359817581e+00 1.982272041447350290e+06
2.036654091510258002e+00 1.704007658258242300e+06
2.131666470911770972e+00 1.465542596625522943e+06
2.231111292855769257e+00 1.323642786616767989e+06
2.335195336153773393e+00 1.182312809086224763e+06
2.444135026099235386e+00 1.033348993372575613e+06
2.558156884487600369e+00 9.053245357536454685e+05
2.677498000630348152e+00 8.082631194835043279e+05
2.802406524342412553e+00 6.936211607016511261e+05
2.933142181928062087e+00 5.952521844600362238e+05
