3.069976816238139533e-02 9.571294456994531155e+08
3.213194951921637121e-02 1.125324288304295540e+09
3.363094387046929729e-02 7.579084487195420265e+08
3.519986812322865172e-02 9.209536205240626335e+08
3.684198459207260745e-02 7.493168060817952156e+08
3.856070778250449138e-02 5.317271099488408566e+08
4.035961149084377197e-02 7.348332645213999748e+08
4.224243623533543990e-02 7.265004319215755463e+08
4.421309703392971302e-02 7.586676327642055750e+08
4.627569154490460829e-02 7.293952613565698862e+08
4.843450858725836805e-02 7.723844404739643335e+08
5.069403705858849252e-02 6.946783072225947380e+08
5.305897526900069106e-02 7.073549223145643473e+08
5.553424071045594268e-02 6.620492571294591427e+08
5.812498028186940946e-02 8.047461758606173992e+08
6.083658099122266766e-02 7.638724188557657003e+08
6.367468115694234487e-02 7.069204847431375980e+08
6.664518213183667772e-02 6.765447199964759350e+08
6.975426057396794111e-02 6.190278491878523827e+08
7.300838128997587384e-02 6.218228825734039545e+08
7.641431067755764805e-02 6.133550034453525543e+08
7.997913079505601652e-02 5.868825412521637678e+08
8.371025408741054885e-02 6.118057299910850525e+08
8.761543879909236554e-02 5.666829509676516056e+08
9.170280510607109470e-02 5.052823614226058722e+08
9.598085200035742781e-02 4.569908865730441809e+08
1.004584749622301765e-01 4.403053629555804133e+08
1.051449844568940195e-01 4.404282645914766192e+08
1.100501252940287722e-01 4.290390278518173695e+08
1.151840968904851020e-01 4.018230237521514893e+08
1.205575744782594882e-01 3.912855564666059017e+08
1.261817313018468445e-01 3.500120783701416254e+08
1.320682618511266337e-01 3.477990361070332527e+08
1.382294061780912076e-01 3.465427568566162586e+08
1.446779753479788821e-01 3.284870697429226041e+08
1.514273780777332656e-01 3.298609540808602571e+08
1.584916486171791816e-01 2.880882310654560924e+08
1.658854759308886484e-01 2.874997172104841471e+08
1.736242342414167639e-01 2.544551588930377960e+08
1.817240149974163610e-01 2.334221399247581959e+08
1.902016603331038169e-01 2.323480922918055952e+08
1.990747980886495849e-01 2.182787854315465987e+08
2.083618784643124222e-01 2.099684298901727200e+08
2.180822123845329585e-01 2.018036188253041506e+08
2.282560116517592663e-01 1.755706453838802576e+08
2.389044309734965343e-01 1.691224613216223419e+08
2.500496119499697190e-01 1.560667658131110668e+08
2.617147291138638421e-01 1.595138879696470499e+08
2.739240381178740802e-01 1.509720766932840347e+08
2.867029261702632170e-01 1.323111081117105633e+08
3.000779648232989039e-01 1.273064724320172668e+08
3.140769652243355914e-01 1.202340158430508822e+08
3.287290359444262067e-01 1.120160339928314984e+08
3.440646435047088891e-01 1.069146567957090586e+08
3.601156757264223351e-01 9.576736400450509787e+07
3.769155080362766030e-01 9.005549320877581835e+07
3.944990728650497602e-01 8.500525075316382945e+07
4.129029322837124427e-01 7.877854558466304839e+07
4.321653540281166217e-01 7.534319116142046452e+07
4.523263910703274604e-01 7.190133415252460539e+07
4.734279649020536884e-01 6.726780407018961012e+07
4.955139527033520785e-01 6.419901084455825388e+07
5.186302785778565960e-01 5.898988638436245173e+07
5.428250090442419129e-01 5.350644693583355844e+07
5.681484529824789576e-01 5.214352424997967482e+07
5.946532662427046478e-01 4.763523098275860399e+07
6.223945611342215356e-01 4.443310164878610522e+07
6.514300210222929710e-01 4.097286022010765225e+07
6.818200202710160696e-01 3.845619533859820664e+07
7.136277497816758686e-01 3.563015981020200998e+07
7.469193483876155337e-01 3.383069130771188438e+07
7.817640403788362891e-01 3.166301504392793402e+07
8.182342794422867716e-01 2.949184678661127016e+07
8.564058993171398404e-01 2.723004283351839334e+07
8.963582714783228100e-01 2.595264018745874986e+07
9.381744701761730587e-01 2.425875480365346372e+07
9.819414451753946116e-01 2.283510446575532854e+07
1.027750202552496051e+00 2.114609551358817890e+07
1.075695993927647365e+00 1.946947806638225541e+07
1.125878514524432994e+00 1.826557873398471251e+07
1.178402110469330522e+00 1.688486063235909492e+07
1.233375995761962995e+00 1.544710354320741631e+07
1.290914479367274659e+00 1.451248002971902303e+07
1.351137202901832923e+00 1.346414089688107744e+07
1.414169389408483246e+00 1.235659379688865505e+07
1.480142103736643344e+00 1.119920343819331564e+07
1.549192525069651882e+00 1.027981139930306375e+07
1.621464232165851449e+00 9.625984846264073625e+06
1.697107501906508942e+00 8.789625004383806139e+06
1.776279621771362560e+00 8.105604562668290921e+06
1.859145216891527452e+00 7.333340403620822355e+06
1.945876592359817581e+00 6.599297858323695138e+06
2.036654091510258002e+00 6.021913183672066778e+06
2.131666470911770972e+00 5.544309989557930268e+06
2.231111292855769257e+00 5.060823983663107269e+06
2.335195336153773393e+00 4.638066719707865268e+06
2.444135026099235386e+00 4.271479187421945855e+06
2.558156884487600369e+00 3.919613776173275430e+06
2.677498000630348152e+00 3.595568073114281986e+06
2.802406524342412553e+00 3.268119238845703192e+06
2.933142181928062087e+00 3.036304354841451626e+06
