3.069976816238139533e-02 6.899218831045657396e+08
3.213194951921637121e-02 6.225101513566021919e+08
3.363094387046929729e-02 8.333318833344279528e+08
3.519986812322865172e-02 9.212439882196826935e+08
3.684198459207260745e-02 6.585210809055392742e+08
3.856070778250449138e-02 7.486364438012394905e+08
4.035961149084377197e-02 6.684156961661403179e+08
4.224243623533543990e-02 4.914075438358861804e+08
4.421309703392971302e-02 3.914245089267373681e+08
4.627569154490460829e-02 5.450793683058547974e+08
4.843450858725836805e-02 4.590872285555613041e+08
5.069403705858849252e-02 4.572556050964867473e+08
5.305897526900069106e-02 4.500779140284502506e+08
5.553424071045594268e-02 4.541452052655762434e+08
5.812498028186940946e-02 4.324895265400894284e+08
6.083658099122266766e-02 4.230784857350300550e+08
6.367468115694234487e-02 3.546693332371462584e+08
6.664518213183667772e-02 4.094315778226910233e+08
6.975426057396794111e-02 3.921765370336536765e+08
7.300838128997587384e-02 3.392036424882535338e+08
7.641431067755764805e-02 3.704144987255929112e+08
7.997913079505601652e-02 3.268889694187316298e+08
8.371025408741054885e-02 3.961424278072734475e+08
8.761543879909236554e-02 3.547644776831484437e+08
9.170280510607109470e-02 2.968973532357327342e+08
9.598085200035742781e-02 2.979302916211640835e+08
1.004584749622301765e-01 3.199125638878623247e+08
1.051449844568940195e-01 2.769845858878747225e+08
1.100501252940287722e-01 2.463911701706310809e+08
1.151840968904851020e-01 2.467958391219707727e+08
1.205575744782594882e-01 2.675475393034013510e+08
1.261817313018468445e-01 2.463164344057928026e+08
1.320682618511266337e-01 2.265993952235580385e+08
1.382294061780912076e-01 2.225334783430432677e+08
1.446779753479788821e-01 2.192022000872952044e+08
1.514273780777332656e-01 2.011452280465071201e+08
1.584916486171791816e-01 2.115360786732496619e+08
1.658854759308886484e-01 1.994815855886830389e+08
1.736242342414167639e-01 1.837140966105330288e+08
1.817240149974163610e-01 1.706033782153637111e+08
1.902016603331038169e-01 1.537860957211356461e+08
1.990747980886495849e-01 1.551239107906410992e+08
2.083618784643124222e-01 1.443386222732558846e+08
2.180822123845329585e-01 1.327391558665970564e+08
2.282560116517592663e-01 1.203486814591763020e+08
2.389044309734965343e-01 1.151099079793063551e+08
2.500496119499697190e-01 1.073782531162061095e+08
2.617147291138638421e-01 9.746494017895372212e+07
2.739240381178740802e-01 9.163921001187431812e+07
2.867029261702632170e-01 8.659826921336594224e+07
3.000779648232989039e-01 7.656169321875685453e+07
3.140769652243355914e-01 7.526201259371870756e+07
3.287290359444262067e-01 6.857874193418018520e+07
3.440646435047088891e-01 5.806859342550122738e+07
3.601156757264223351e-01 5.195255457830300927e+07
3.769155080362766030e-01 4.897519225117988139e+07
3.944990728650497602e-01 4.625730003807099909e+07
4.129029322837124427e-01 4.310771664176715165e+07
4.321653540281166217e-01 4.082638540347787738e+07
4.523263910703274604e-01 3.683980219415776432e+07
4.734279649020536884e-01 3.534368479373001307e+07
4.955139527033520785e-01 3.583512930919663608e+07
5.186302785778565960e-01 3.459719584118971229e+07
5.428250090442419129e-01 3.313183420580977201e+07
5.681484529824789576e-01 3.123653044783025607e+07
5.946532662427046478e-01 2.835832414532039687e+07
6.223945611342215356e-01 2.531206689610278979e+07
6.514300210222929710e-01 2.318304013060552627e+07
6.818200202710160696e-01 2.223213710294051841e+07
7.136277497816758686e-01 1.907083212115465477e+07
7.469193483876155337e-01 1.767106929491287470e+07
7.817640403788362891e-01 1.674561624250742421e+07
8.182342794422867716e-01 1.495238677955992706e+07
8.564058993171398404e-01 1.379562183367309906e+07
8.963582714783228100e-01 1.241764144933755323e+07
9.381744701761730587e-01 1.146608685649435967e+07
9.819414451753946116e-01 1.069090861174084246e+07
1.027750202552496051e+00 9.475951084976622835e+06
1.075695993927647365e+00 8.754997978903792799e+06
1.125878514524432994e+00 8.024075108012507670e+06
1.178402110469330522e+00 7.488751589866073802e+06
1.233375995761962995e+00 6.711006868814787827e+06
1.290914479367274659e+00 6.044453453339146450e+06
1.351137202901832923e+00 5.603233615567046218e+06
1.414169389408483246e+00 5.050739947725552134e+06
1.480142103736643344e+00 4.440697771741901524e+06
1.549192525069651882e+00 4.258026900115400553e+06
1.621464232165851449e+00 3.894486483929537237e+06
1.697107501906508942e+00 3.538632058843097184e+06
1.776279621771362560e+00 3.147428137346018106e+06
1.859145216891527452e+00 2.837254668303636834e+06
1.945876592359817581e+00 2.549787025302526541e+06
2.036654091510258002e+00 2.391937002700135577e+06
2.131666470911770972e+00 2.146077108992001042e+06
2.231111292855769257e+00 2.028490512379518710e+06
2.335195336153773393e+00 1.934896700849102344e+06
2.444135026099235386e+00 1.869304276399651775e+06
2.558156884487600369e+00 1.756128786180023337e+06
2.677498000630348152e+00 1.744570116936505539e+06
2.802406524342412553e+00 1.699023762672872515e+06
2.933142181928062087e+00 1.544592171638952568e+06
