3.069976816238139533e-02 1.016505217063040257e+09
3.213194951921637121e-02 8.071448131169128418e+08
3.363094387046929729e-02 8.363620310101690292e+08
3.519986812322865172e-02 6.110491949539406300e+08
3.684198459207260745e-02 1.089379275399226427e+09
3.856070778250449138e-02 8.714637227656526566e+08
4.035961149084377197e-02 1.133642758184464455e+09
4.224243623533543990e-02 9.343280780871512890e+08
4.421309703392971302e-02 9.446387702853537798e+08
4.627569154490460829e-02 1.143575115697566032e+09
4.843450858725836805e-02 1.003621659768702149e+09
5.069403705858849252e-02 9.017023259179956913e+08
5.305897526900069106e-02 9.169883399250550270e+08
5.553424071045594268e-02 7.649837096901067495e+08
5.812498028186940946e-02 7.265424550774018764e+08
6.083658099122266766e-02 7.350946485731143951e+08
6.367468115694234487e-02 6.741916267811907530e+08
6.664518213183667772e-02 6.363992345553553104e+08
6.975426057396794111e-02 6.730279390123653412e+08
7.300838128997587384e-02 6.175778098672202826e+08
7.641431067755764805e-02 5.839675226075710058e+08
7.997913079505601652e-02 6.219861528908236027e+08
8.371025408741054885e-02 5.992513357329020500e+08
8.761543879909236554e-02 5.438331770113861561e+08
9.170280510607109470e-02 5.477819840305668116e+08
9.598085200035742781e-02 5.437898634450087547e+08
1.004584749622301765e-01 5.213869912412735820e+08
1.051449844568940195e-01 4.845981477946287394e+08
1.100501252940287722e-01 4.487173936706767082e+08
1.151840968904851020e-01 4.020705997531723976e+08
1.205575744782594882e-01 3.746442520728214979e+08
1.261817313018468445e-01 3.695835091833661199e+08
1.320682618511266337e-01 3.424571307757852674e+08
1.382294061780912076e-01 3.398038793867408633e+08
1.446779753479788821e-01 3.223708443708017468e+08
1.514273780777332656e-01 2.805420560796746612e+08
1.584916486171791816e-01 2.845582427249429822e+08
1.658854759308886484e-01 2.519388175335020423e+08
1.736242342414167639e-01 2.541331822139610648e+08
1.817240149974163610e-01 2.510840533205268085e+08
1.902016603331038169e-01 2.332501552710573971e+08
1.990747980886495849e-01 2.168061483901963234e+08
2.083618784643124222e-01 2.005483421414141655e+08
2.180822123845329585e-01 1.946097563901893497e+08
2.282560116517592663e-01 1.873581695439636707e+08
2.389044309734965343e-01 1.763370228450014293e+08
2.500496119499697190e-01 1.595946952798205018e+08
2.617147291138638421e-01 1.494480237295459509e+08
2.739240381178740802e-01 1.434583951835133135e+08
2.867029261702632170e-01 1.384360366439884305e+08
3.000779648232989039e-01 1.226527161373732686e+08
3.140769652243355914e-01 1.171733265609830916e+08
3.287290359444262067e-01 1.154173542890364230e+08
3.440646435047088891e-01 1.073491006524108201e+08
3.601156757264223351e-01 9.769092919993849099e+07
3.769155080362766030e-01 8.947795783568570018e+07
3.944990728650497602e-01 8.499949999618415534e+07
4.129029322837124427e-01 8.009624402822914720e+07
4.321653540281166217e-01 7.480753798640726507e+07
4.523263910703274604e-01 7.070834203251814842e+07
4.734279649020536884e-01 6.452048969135068357e+07
4.955139527033520785e-01 6.203277523904611170e+07
5.186302785778565960e-01 5.869702120753345639e+07
5.428250090442419129e-01 5.526909930634713918e+07
5.681484529824789576e-01 5.213622212515328079e+07
5.946532662427046478e-01 4.787120114877419174e+07
6.223945611342215356e-01 4.476997316874329001e+07
6.514300210222929710e-01 4.062284692402580380e+07
6.818200202710160696e-01 3.911173487003741413e+07
7.136277497816758686e-01 3.656314974473498762e+07
7.469193483876155337e-01 3.437834225396676362e+07
7.817640403788362891e-01 3.299873849141951650e+07
8.182342794422867716e-01 2.986000763200342655e+07
8.564058993171398404e-01 2.767984119409796223e+07
8.963582714783228100e-01 2.611826466814484075e+07
9.381744701761730587e-01 2.430889543413716927e+07
9.819414451753946116e-01 2.272521195517232269e+07
1.027750202552496051e+00 2.152822998714568466e+07
1.075695993927647365e+00 1.993004684669264778e+07
1.125878514524432994e+00 1.876195161726026237e+07
1.178402110469330522e+00 1.717343322407460585e+07
1.233375995761962995e+00 1.595918447828714363e+07
1.290914479367274659e+00 1.472859662617512606e+07
1.351137202901832923e+00 1.359526896653299220e+07
1.414169389408483246e+00 1.243855434620848671e+07
1.480142103736643344e+00 1.146903724108162522e+07
1.549192525069651882e+00 1.039617054412867688e+07
1.621464232165851449e+00 9.580977432696284726e+06
1.697107501906508942e+00 8.783862822965431958e+06
1.776279621771362560e+00 7.989333410154981539e+06
1.859145216891527452e+00 7.297983867458339781e+06
1.945876592359817581e+00 6.642304189288076013e+06
2.036654091510258002e+00 6.108912280641948804e+06
2.131666470911770972e+00 5.561496043843014166e+06
2.231111292855769257e+00 5.049858826189854182e+06
2.335195336153773393e+00 4.677452723568139598e+06
2.444135026099235386e+00 4.298434452266133390e+06
2.558156884487600369e+00 3.936871047409469727e+06
2.677498000630348152e+00 3.604234104833919089e+06
2.802406524342412553e+00 3.272850439521762542e+06
2.933142181928062087e+00 3.003557494871099945e+06
