3.069976816238139533e-02 6.485447901648764610e+08
3.213194951921637121e-02 7.185905467774449587e+08
3.363094387046929729e-02 7.711326006545279026e+08
3.519986812322865172e-02 7.643633772717642784e+08
3.684198459207260745e-02 1.009431647127287388e+09
3.856070778250449138e-02 6.366916686077564955e+08
4.035961149084377197e-02 5.810313668291023970e+08
4.224243623533543990e-02 3.577534178584069014e+08
4.421309703392971302e-02 4.106672727440416813e+08
4.627569154490460829e-02 5.176752047600961924e+08
4.843450858725836805e-02 5.127741287529875040e+08
5.069403705858849252e-02 4.450746143282287121e+08
5.305897526900069106e-02 4.297756785722819567e+08
5.553424071045594268e-02 4.158313878401110768e+08
5.812498028186940946e-02 3.395805632961108685e+08
6.083658099122266766e-02 5.157856660568641424e+08
6.367468115694234487e-02 4.297068315092946291e+08
6.664518213183667772e-02 3.746599233868519068e+08
6.975426057396794111e-02 4.607190583376500607e+08
7.300838128997587384e-02 3.484701811329418421e+08
7.641431067755764805e-02 3.783334312538660169e+08
7.997913079505601652e-02 3.693859764954329729e+08
8.371025408741054885e-02 3.509155857612119913e+08
8.761543879909236554e-02 3.386116390897887945e+08
9.170280510607109470e-02 2.889445928195162416e+08
9.598085200035742781e-02 2.939740705558005571e+08
1.004584749622301765e-01 2.912597900747161508e+08
1.051449844568940195e-01 2.607272679510801733e+08
1.100501252940287722e-01 2.314955792904337347e+08
1.151840968904851020e-01 2.430525241726265252e+08
1.205575744782594882e-01 2.381803597862099409e+08
1.261817313018468445e-01 2.164016069221106768e+08
1.320682618511266337e-01 2.188233090641850233e+08
1.382294061780912076e-01 2.040314161861825585e+08
1.446779753479788821e-01 2.079999741847940385e+08
1.514273780777332656e-01 1.691573726461576521e+08
1.584916486171791816e-01 1.829627194615913928e+08
1.658854759308886484e-01 1.658069142168565392e+08
1.736242342414167639e-01 1.566435717757987082e+08
1.817240149974163610e-01 1.578997211979976892e+08
1.902016603331038169e-01 1.509264390636173487e+08
1.990747980886495849e-01 1.527949972808137834e+08
2.083618784643124222e-01 1.429024997932110131e+08
2.180822123845329585e-01 1.329185811828918308e+08
2.282560116517592663e-01 1.258896163581489623e+08
2.389044309734965343e-01 1.149675274201027751e+08
2.500496119499697190e-01 1.040150937083102018e+08
2.617147291138638421e-01 9.605097902067992091e+07
2.739240381178740802e-01 9.259894311934621632e+07
2.867029261702632170e-01 8.356175017141021788e+07
3.000779648232989039e-01 7.980830868745674193e+07
3.140769652243355914e-01 7.334679096332350373e+07
3.287290359444262067e-01 6.816029648619298637e+07
3.440646435047088891e-01 6.131920385198973119e+07
3.601156757264223351e-01 5.791866174773636460e+07
3.769155080362766030e-01 5.466163515061493218e+07
3.944990728650497602e-01 5.016297934571574628e+07
4.129029322837124427e-01 4.798216062948746979e+07
4.321653540281166217e-01 4.442907566743189096e+07
4.523263910703274604e-01 4.018457861150482297e+07
4.734279649020536884e-01 3.656863916190540791e+07
4.955139527033520785e-01 3.325987076176963001e+07
5.186302785778565960e-01 3.027367432772008702e+07
5.428250090442419129e-01 2.692702173250065371e+07
5.681484529824789576e-01 2.476054396888494492e+07
5.946532662427046478e-01 2.233178477190922201e+07
6.223945611342215356e-01 2.057469684217846766e+07
6.514300210222929710e-01 1.903470375615161285e+07
6.818200202710160696e-01 1.753564677269891649e+07
7.136277497816758686e-01 1.611667942563482188e+07
7.469193483876155337e-01 1.478518897056831233e+07
7.817640403788362891e-01 1.368854620973576605e+07
8.182342794422867716e-01 1.259015280484757945e+07
8.564058993171398404e-01 1.165707594606214203e+07
8.963582714783228100e-01 1.058878300157082826e+07
9.381744701761730587e-01 9.675962147766137496e+06
9.819414451753946116e-01 8.701813595956141129e+06
1.027750202552496051e+00 7.750124994373282418e+06
1.075695993927647365e+00 7.368491826254508458e+06
1.125878514524432994e+00 6.575489967288689688e+06
1.178402110469330522e+00 5.981366331078227609e+06
1.233375995761962995e+00 5.598257475684101693e+06
1.290914479367274659e+00 5.313904213993862271e+06
1.351137202901832923e+00 4.907410206344410777e+06
1.414169389408483246e+00 4.554998290669815615e+06
1.480142103736643344e+00 4.057339486242129933e+06
1.549192525069651882e+00 3.690738375044927932e+06
1.621464232165851449e+00 3.337595801208073273e+06
1.697107501906508942e+00 3.118991606051270384e+06
1.776279621771362560e+00 2.769816978825806640e+06
1.859145216891527452e+00 2.561606861828145571e+06
1.945876592359817581e+00 2.362659788675611373e+06
2.036654091510258002e+00 2.255624726928198244e+06
2.131666470911770972e+00 2.113692763330413960e+06
2.231111292855769257e+00 1.997017801040589809e+06
2.335195336153773393e+00 1.890680553627091460e+06
2.444135026099235386e+00 1.649548377977773547e+06
2.558156884487600369e+00 1.497054433844382409e+06
2.677498000630348152e+00 1.356068210302961990e+06
2.802406524342412553e+00 1.227224536833089311e+06
2.933142181928062087e+00 1.192624749729316449e+06
