3.069976816238139533e-02 0.000000000000000000e+00
3.213194951921637121e-02 0.000000000000000000e+00
3.363094387046929729e-02 0.000000000000000000e+00
3.519986812322865172e-02 0.000000000000000000e+00
3.684198459207260745e-02 0.000000000000000000e+00
3.856070778250449138e-02 2.856973827582973987e+07
4.035961149084377197e-02 0.000000000000000000e+00
4.224243623533543990e-02 2.173173400657880306e+07
4.421309703392971302e-02 0.000000000000000000e+00
4.627569154490460829e-02 0.000000000000000000e+00
4.843450858725836805e-02 2.883411024213935062e+07
5.069403705858849252e-02 0.000000000000000000e+00
5.305897526900069106e-02 0.000000000000000000e+00
5.553424071045594268e-02 0.000000000000000000e+00
5.812498028186940946e-02 8.341665996321992949e+06
6.083658099122266766e-02 7.275232147989528254e+06
6.367468115694234487e-02 2.437398181842758495e+05
6.664518213183667772e-02 1.792990222640921175e+07
6.975426057396794111e-02 5.172124977601862513e+06
7.300838128997587384e-02 1.262828423306954838e+07
7.641431067755764805e-02 3.671276995382255409e+06
7.997913079505601652e-02 3.201925422662079334e+06
8.371025408741054885e-02 3.004176269346620888e+06
8.761543879909236554e-02 4.957448285129528493e+06
9.170280510607109470e-02 2.289487408223701641e+06
9.598085200035742781e-02 3.705249400336264633e+06
1.004584749622301765e-01 3.275641633138305508e+06
1.051449844568940195e-01 4.335831400819802657e+06
1.100501252940287722e-01 1.122744503457565978e+07
1.151840968904851020e-01 8.650016073548998684e+06
1.205575744782594882e-01 7.547627364818028174e+06
1.261817313018468445e-01 7.405774750445175916e+06
1.320682618511266337e-01 5.728517477268234827e+06
1.382294061780912076e-01 5.648314102915326133e+06
1.446779753479788821e-01 9.787021677910521626e+06
1.514273780777332656e-01 2.396600974034555722e+06
1.584916486171791816e-01 5.455368434065714478e+06
1.658854759308886484e-01 6.906977069681853987e+06
1.736242342414167639e-01 6.972364643347322941e+06
1.817240149974163610e-01 4.532875903812318109e+06
1.902016603331038169e-01 5.047507456819085404e+06
1.990747980886495849e-01 5.293134279686338268e+06
2.083618784643124222e-01 7.087126109027282335e+06
2.180822123845329585e-01 5.917840531625909731e+06
2.282560116517592663e-01 6.141503396374514326e+06
2.389044309734965343e-01 6.686156193281569518e+06
2.500496119499697190e-01 6.444178736162129790e+06
2.617147291138638421e-01 6.209574857061591931e+06
2.739240381178740802e-01 6.121709673616638407e+06
2.867029261702632170e-01 6.176001518905000761e+06
3.000779648232989039e-01 5.691515576934562996e+06
3.140769652243355914e-01 5.407136264583597891e+06
3.287290359444262067e-01 5.605619347332536243e+06
3.440646435047088891e-01 6.134632244923332706e+06
3.601156757264223351e-01 6.954316662385579199e+06
3.769155080362766030e-01 6.147782998591435142e+06
3.944990728650497602e-01 5.485902719727780670e+06
4.129029322837124427e-01 6.526894435623066500e+06
4.321653540281166217e-01 5.471448917644847184e+06
4.523263910703274604e-01 5.831180997457608581e+06
4.734279649020536884e-01 5.731254524775238708e+06
4.955139527033520785e-01 5.626242899398026988e+06
5.186302785778565960e-01 5.625199319612558931e+06
5.428250090442419129e-01 6.586425169066321105e+06
5.681484529824789576e-01 6.074561483983858489e+06
5.946532662427046478e-01 5.961393618992945179e+06
6.223945611342215356e-01 6.105585000911138952e+06
6.514300210222929710e-01 5.847677467009507120e+06
6.818200202710160696e-01 6.120268975170338526e+06
7.136277497816758686e-01 6.228071840989819728e+06
7.469193483876155337e-01 5.478695949320212007e+06
7.817640403788362891e-01 5.563076906919933856e+06
8.182342794422867716e-01 5.670632277236937545e+06
8.564058993171398404e-01 5.536399599665489048e+06
8.963582714783228100e-01 5.310443234531259164e+06
9.381744701761730587e-01 5.547279742048626766e+06
9.819414451753946116e-01 5.446396757729649544e+06
1.027750202552496051e+00 5.409234272251769900e+06
1.075695993927647365e+00 5.472176434638150036e+06
1.125878514524432994e+00 5.466373343815876171e+06
1.178402110469330522e+00 5.114325729379426688e+06
1.233375995761962995e+00 5.228183561863663606e+06
1.290914479367274659e+00 5.284160628544911742e+06
1.351137202901832923e+00 5.184818739373689517e+06
1.414169389408483246e+00 5.070194591858522035e+06
1.480142103736643344e+00 4.982771996664982289e+06
1.549192525069651882e+00 4.772271345068303868e+06
1.621464232165851449e+00 4.529928553992720321e+06
1.697107501906508942e+00 4.421115007689040154e+06
1.776279621771362560e+00 4.321964435532440431e+06
1.859145216891527452e+00 4.143428428840266541e+06
1.945876592359817581e+00 3.904129444613953587e+06
2.036654091510258002e+00 3.794299612069211900e+06
2.131666470911770972e+00 3.683578153368666768e+06
2.231111292855769257e+00 3.606774735986186657e+06
2.335195336153773393e+00 3.331993221587023698e+06
2.444135026099235386e+00 2.986489374469972216e+06
2.558156884487600369e+00 2.725923020988785662e+06
2.677498000630348152e+00 2.522811254626629874e+06
2.802406524342412553e+00 2.403399558143739123e+06
2.933142181928062087e+00 2.215879171830829699e+06
