3.069976816238139533e-02 1.907379466112969875e+09
3.213194951921637121e-02 1.541576603504447699e+09
3.363094387046929729e-02 1.168446394805291891e+09
3.519986812322865172e-02 1.128175175176455021e+09
3.684198459207260745e-02 1.111537265921844721e+09
3.856070778250449138e-02 1.031366719567418337e+09
4.035961149084377197e-02 1.362196144185715675e+09
4.224243623533543990e-02 1.169091267740984201e+09
4.421309703392971302e-02 1.046482592032686353e+09
4.627569154490460829e-02 9.467131412742756605e+08
4.843450858725836805e-02 1.115819321542312145e+09
5.069403705858849252e-02 1.005733216077860832e+09
5.305897526900069106e-02 8.197558275240342617e+08
5.553424071045594268e-02 9.216185213322467804e+08
5.812498028186940946e-02 9.074812589943964481e+08
6.083658099122266766e-02 9.297060727880543470e+08
6.367468115694234487e-02 7.189300489935200214e+08
6.664518213183667772e-02 7.179128015600943565e+08
6.975426057396794111e-02 6.908838290564552546e+08
7.300838128997587384e-02 6.942363787095278502e+08
7.641431067755764805e-02 6.789664537824816704e+08
7.997913079505601652e-02 6.057928706255495548e+08
8.371025408741054885e-02 5.622799704733977318e+08
8.761543879909236554e-02 5.862524879585520029e+08
9.170280510607109470e-02 5.342792594893208742e+08
9.598085200035742781e-02 4.900344980598935485e+08
1.004584749622301765e-01 5.055451838491721749e+08
1.051449844568940195e-01 4.515752103956522942e+08
1.100501252940287722e-01 4.386874389058286548e+08
1.151840968904851020e-01 3.995162984781647921e+08
1.205575744782594882e-01 4.515977078863322735e+08
1.261817313018468445e-01 4.008204558025615811e+08
1.320682618511266337e-01 3.774470456544820070e+08
1.382294061780912076e-01 3.547480604320870042e+08
1.446779753479788821e-01 3.104523245452327132e+08
1.514273780777332656e-01 2.875795937400081158e+08
1.584916486171791816e-01 3.002695748693162799e+08
1.658854759308886484e-01 2.747586693488793969e+08
1.736242342414167639e-01 2.653254586368600726e+08
1.817240149974163610e-01 2.451283401675650775e+08
1.902016603331038169e-01 2.489635913146163821e+08
1.990747980886495849e-01 2.174489881851127446e+08
2.083618784643124222e-01 2.180383692735874355e+08
2.180822123845329585e-01 1.957627714932425320e+08
2.282560116517592663e-01 1.982017297138381004e+08
2.389044309734965343e-01 1.730320450492832959e+08
2.500496119499697190e-01 1.674524208092421889e+08
2.617147291138638421e-01 1.592540845726819336e+08
2.739240381178740802e-01 1.487006794846510291e+08
2.867029261702632170e-01 1.374698896929742992e+08
3.000779648232989039e-01 1.247519229631798118e+08
3.140769652243355914e-01 1.213762311845981479e+08
3.287290359444262067e-01 1.137189316362646371e+08
3.440646435047088891e-01 1.101145144468975514e+08
3.601156757264223351e-01 1.045019577633984387e+08
3.769155080362766030e-01 9.409558266521337628e+07
3.944990728650497602e-01 8.753543278992143273e+07
4.129029322837124427e-01 8.444397634055808187e+07
4.321653540281166217e-01 7.724937559719567001e+07
4.523263910703274604e-01 7.422466408420389891e+07
4.734279649020536884e-01 7.018146065026101470e+07
4.955139527033520785e-01 6.476526677875573933e+07
5.186302785778565960e-01 6.224304604596238583e+07
5.428250090442419129e-01 5.788765467618265748e+07
5.681484529824789576e-01 5.462144627987361699e+07
5.946532662427046478e-01 5.212843554157088697e+07
6.223945611342215356e-01 4.810013182670375705e+07
6.514300210222929710e-01 4.480829392367211729e+07
6.818200202710160696e-01 4.172908103307419270e+07
7.136277497816758686e-01 3.910196159292463958e+07
7.469193483876155337e-01 3.795926878534458578e+07
7.817640403788362891e-01 3.458747361363179237e+07
8.182342794422867716e-01 3.284539987227279693e+07
8.564058993171398404e-01 3.072834699814014882e+07
8.963582714783228100e-01 2.866133499519001693e+07
9.381744701761730587e-01 2.693147046221935377e+07
9.819414451753946116e-01 2.502705973317660019e+07
1.027750202552496051e+00 2.307431917150570080e+07
1.075695993927647365e+00 2.137285086413400620e+07
1.125878514524432994e+00 1.998984241163211316e+07
1.178402110469330522e+00 1.847000929025360197e+07
1.233375995761962995e+00 1.754145201802799851e+07
1.290914479367274659e+00 1.584705395001964457e+07
1.351137202901832923e+00 1.457286317319986224e+07
1.414169389408483246e+00 1.354194229310503975e+07
1.480142103736643344e+00 1.249846308225316182e+07
1.549192525069651882e+00 1.163440355682061426e+07
1.621464232165851449e+00 1.093913503952449746e+07
1.697107501906508942e+00 1.001031294648485631e+07
1.776279621771362560e+00 9.290779938577122986e+06
1.859145216891527452e+00 8.409380536611324176e+06
1.945876592359817581e+00 7.604894651843980886e+06
2.036654091510258002e+00 6.942467369105473161e+06
2.131666470911770972e+00 6.268190501851943322e+06
2.231111292855769257e+00 5.698347437418280169e+06
2.335195336153773393e+00 5.187182537837187760e+06
2.444135026099235386e+00 4.693826199101777747e+06
2.558156884487600369e+00 4.281963390010828152e+06
2.677498000630348152e+00 3.945711888494638260e+06
2.802406524342412553e+00 3.601794117335141636e+06
2.933142181928062087e+00 3.316961584124126472e+06
