3.069976816238139533e-02 1.131961729852322578e+09
3.213194951921637121e-02 1.545183426865453005e+09
3.363094387046929729e-02 1.235751024379933119e+09
3.519986812322865172e-02 1.363328009037590981e+09
3.684198459207260745e-02 8.991070389962792397e+08
3.856070778250449138e-02 9.769588420003757477e+08
4.035961149084377197e-02 7.032343027599068880e+08
4.224243623533543990e-02 1.109477059904461145e+09
4.421309703392971302e-02 9.015820474004055262e+08
4.627569154490460829e-02 1.078012073398131609e+09
4.843450858725836805e-02 1.126827673788127422e+09
5.069403705858849252e-02 7.712726377433271408e+08
5.305897526900069106e-02 8.501750170228372812e+08
5.553424071045594268e-02 8.690676826441082954e+08
5.812498028186940946e-02 8.852236832444338799e+08
6.083658099122266766e-02 7.715209862952739000e+08
6.367468115694234487e-02 6.029004272444012165e+08
6.664518213183667772e-02 7.669978774399366379e+08
6.975426057396794111e-02 6.685203966724007130e+08
7.300838128997587384e-02 6.847035004501271248e+08
7.641431067755764805e-02 6.626449025996408463e+08
7.997913079505601652e-02 6.489892147282309532e+08
8.371025408741054885e-02 5.981862918932763338e+08
8.761543879909236554e-02 5.537329726923738718e+08
9.170280510607109470e-02 5.418728416709092855e+08
9.598085200035742781e-02 4.835327162905628681e+08
1.004584749622301765e-01 5.610654082143015862e+08
1.051449844568940195e-01 4.490122655108222365e+08
1.100501252940287722e-01 4.413878340232965350e+08
1.151840968904851020e-01 4.359974349769886136e+08
1.205575744782594882e-01 4.091355622968434095e+08
1.261817313018468445e-01 3.793497413361259699e+08
1.320682618511266337e-01 3.552036251009869576e+08
1.382294061780912076e-01 3.461682459051684141e+08
1.446779753479788821e-01 3.408044658902717233e+08
1.514273780777332656e-01 3.250637761536634564e+08
1.584916486171791816e-01 3.000718271959587932e+08
1.658854759308886484e-01 2.905117322023593187e+08
1.736242342414167639e-01 2.632863563028848767e+08
1.817240149974163610e-01 2.510037730806603730e+08
1.902016603331038169e-01 2.372521863984135389e+08
1.990747980886495849e-01 2.129842156188325286e+08
2.083618784643124222e-01 2.033140573367965519e+08
2.180822123845329585e-01 1.949093025274121165e+08
2.282560116517592663e-01 1.948159265596644282e+08
2.389044309734965343e-01 1.770480128624444604e+08
2.500496119499697190e-01 1.687931012368231416e+08
2.617147291138638421e-01 1.551041976782934964e+08
2.739240381178740802e-01 1.457272847276052833e+08
2.867029261702632170e-01 1.347757140102514327e+08
3.000779648232989039e-01 1.294636163177801967e+08
3.140769652243355914e-01 1.280844896569311768e+08
3.287290359444262067e-01 1.133943954580622911e+08
3.440646435047088891e-01 1.049554824938607961e+08
3.601156757264223351e-01 1.017115713267496228e+08
3.769155080362766030e-01 9.447960401268136501e+07
3.944990728650497602e-01 8.673867336669680476e+07
4.129029322837124427e-01 8.264710356791158020e+07
4.321653540281166217e-01 7.762158130675950646e+07
4.523263910703274604e-01 7.443826919344380498e+07
4.734279649020536884e-01 6.780442771185849607e+07
4.955139527033520785e-01 6.345455982258726656e+07
5.186302785778565960e-01 6.038295154638883471e+07
5.428250090442419129e-01 5.637411494211692363e+07
5.681484529824789576e-01 5.223581713503718376e+07
5.946532662427046478e-01 4.926735067894063145e+07
6.223945611342215356e-01 4.645110089543139935e+07
6.514300210222929710e-01 4.257949568573405594e+07
6.818200202710160696e-01 4.004352626869588345e+07
7.136277497816758686e-01 3.804648684595192969e+07
7.469193483876155337e-01 3.562297263799450547e+07
7.817640403788362891e-01 3.359353055241873115e+07
8.182342794422867716e-01 3.103174570131155476e+07
8.564058993171398404e-01 2.896912565309792757e+07
8.963582714783228100e-01 2.709423915395587683e+07
9.381744701761730587e-01 2.541142216134445742e+07
9.819414451753946116e-01 2.345095141577300057e+07
1.027750202552496051e+00 2.150842999905633926e+07
1.075695993927647365e+00 2.009911279764565453e+07
1.125878514524432994e+00 1.927085677844955027e+07
1.178402110469330522e+00 1.771439337238981202e+07
1.233375995761962995e+00 1.633643111247196235e+07
1.290914479367274659e+00 1.501014660643775016e+07
1.351137202901832923e+00 1.391044198813886009e+07
1.414169389408483246e+00 1.279647675751433894e+07
1.480142103736643344e+00 1.167967278571341000e+07
1.549192525069651882e+00 1.096563615677252039e+07
1.621464232165851449e+00 9.974753417923115194e+06
1.697107501906508942e+00 9.102910186508789659e+06
1.776279621771362560e+00 8.447422728804981336e+06
1.859145216891527452e+00 7.634550181395754218e+06
1.945876592359817581e+00 7.035965409877829254e+06
2.036654091510258002e+00 6.423459972926802933e+06
2.131666470911770972e+00 5.877896507834566757e+06
2.231111292855769257e+00 5.430311223556238227e+06
2.335195336153773393e+00 4.900790726141870022e+06
2.444135026099235386e+00 4.470769418862797320e+06
2.558156884487600369e+00 4.179256189839494415e+06
2.677498000630348152e+00 3.788848975058366079e+06
2.802406524342412553e+00 3.432487973098743707e+06
2.933142181928062087e+00 3.115968649097398389e+06
