3.069976816238139533e-02 1.114940801403021574e+09
3.213194951921637121e-02 1.239616627443393230e+09
3.363094387046929729e-02 1.633423281806300640e+09
3.519986812322865172e-02 1.056747041317567348e+09
3.684198459207260745e-02 1.010259379477775574e+09
3.856070778250449138e-02 1.106888535170725346e+09
4.035961149084377197e-02 1.242109867012911320e+09
4.224243623533543990e-02 1.274634497562261105e+09
4.421309703392971302e-02 7.992691268174142838e+08
4.627569154490460829e-02 1.139595793006591320e+09
4.843450858725836805e-02 1.095710165196348190e+09
5.069403705858849252e-02 8.573330528586888313e+08
5.305897526900069106e-02 9.971992999624818563e+08
5.553424071045594268e-02 8.518328690240691900e+08
5.812498028186940946e-02 8.372893614406808615e+08
6.083658099122266766e-02 7.109403201549830437e+08
6.367468115694234487e-02 7.125145137033387423e+08
6.664518213183667772e-02 7.419357419178277254e+08
6.975426057396794111e-02 7.853194216418783665e+08
7.300838128997587384e-02 8.192825680520126820e+08
7.641431067755764805e-02 6.751067827829997540e+08
7.997913079505601652e-02 7.093772821461447477e+08
8.371025408741054885e-02 6.925998746829724312e+08
8.761543879909236554e-02 5.757682400967731476e+08
9.170280510607109470e-02 5.353872786473402977e+08
9.598085200035742781e-02 5.516879555143330097e+08
1.004584749622301765e-01 5.265921918219284415e+08
1.051449844568940195e-01 5.065603942111763954e+08
1.100501252940287722e-01 4.669412364733868837e+08
1.151840968904851020e-01 4.321836460462754965e+08
1.205575744782594882e-01 4.418535687603828311e+08
1.261817313018468445e-01 3.956772793298290968e+08
1.320682618511266337e-01 4.231805006984682083e+08
1.382294061780912076e-01 3.378114197671589255e+08
1.446779753479788821e-01 3.368435192819793224e+08
1.514273780777332656e-01 3.176437922591813803e+08
1.584916486171791816e-01 3.081595254938688874e+08
1.658854759308886484e-01 2.827268715449776649e+08
1.736242342414167639e-01 2.837827475050494075e+08
1.817240149974163610e-01 2.659645742683736682e+08
1.902016603331038169e-01 2.508982796568958461e+08
1.990747980886495849e-01 2.420531452274878323e+08
2.083618784643124222e-01 2.175940067435579300e+08
2.180822123845329585e-01 1.977523118626032174e+08
2.282560116517592663e-01 1.929531724913021624e+08
2.389044309734965343e-01 1.794140966626905501e+08
2.500496119499697190e-01 1.711202575371865630e+08
2.617147291138638421e-01 1.684150112847653925e+08
2.739240381178740802e-01 1.536688283680166304e+08
2.867029261702632170e-01 1.514470135380499363e+08
3.000779648232989039e-01 1.385574506028121412e+08
3.140769652243355914e-01 1.310728655514052957e+08
3.287290359444262067e-01 1.238942211517572403e+08
3.440646435047088891e-01 1.139400558149543405e+08
3.601156757264223351e-01 1.128008236417534351e+08
3.769155080362766030e-01 1.006505235946341008e+08
3.944990728650497602e-01 9.581324622919906676e+07
4.129029322837124427e-01 8.799818395469328761e+07
4.321653540281166217e-01 8.131671768589454889e+07
4.523263910703274604e-01 7.558436490512765944e+07
4.734279649020536884e-01 7.278424321808311343e+07
4.955139527033520785e-01 6.875444444748739898e+07
5.186302785778565960e-01 6.284538466289174557e+07
5.428250090442419129e-01 5.952357955874565989e+07
5.681484529824789576e-01 5.660796765223595500e+07
5.946532662427046478e-01 5.121705605862925202e+07
6.223945611342215356e-01 4.916601940277819335e+07
6.514300210222929710e-01 4.608951216493960470e+07
6.818200202710160696e-01 4.277435526706049591e+07
7.136277497816758686e-01 3.914147772095876187e+07
7.469193483876155337e-01 3.818827459644395858e+07
7.817640403788362891e-01 3.502753392383394390e+07
8.182342794422867716e-01 3.288183746757723391e+07
8.564058993171398404e-01 3.102734991369638219e+07
8.963582714783228100e-01 2.853960767702845484e+07
9.381744701761730587e-01 2.609380519441343471e+07
9.819414451753946116e-01 2.449700649861967191e+07
1.027750202552496051e+00 2.269249920652033761e+07
1.075695993927647365e+00 2.043693537457905337e+07
1.125878514524432994e+00 1.907666392250860482e+07
1.178402110469330522e+00 1.771583092333811149e+07
1.233375995761962995e+00 1.614794131015442125e+07
1.290914479367274659e+00 1.541669625538321771e+07
1.351137202901832923e+00 1.422223684473341517e+07
1.414169389408483246e+00 1.301750829226996750e+07
1.480142103736643344e+00 1.189552100815703720e+07
1.549192525069651882e+00 1.092801170601106994e+07
1.621464232165851449e+00 9.995073606265742332e+06
1.697107501906508942e+00 9.321358920569552109e+06
1.776279621771362560e+00 8.507303954689377919e+06
1.859145216891527452e+00 7.878481083362368867e+06
1.945876592359817581e+00 7.045452646897850558e+06
2.036654091510258002e+00 6.329439471629370004e+06
2.131666470911770972e+00 5.634909697361417115e+06
2.231111292855769257e+00 5.078428416181592271e+06
2.335195336153773393e+00 4.669193949477775022e+06
2.444135026099235386e+00 4.248513332096173428e+06
2.558156884487600369e+00 3.958953634474786464e+06
2.677498000630348152e+00 3.682543588326138910e+06
2.802406524342412553e+00 3.299193119802752044e+06
2.933142181928062087e+00 2.950098815161294769e+06
