3.069976816238139533e-02 1.272255482693185568e+09
3.213194951921637121e-02 8.023729706126289368e+08
3.363094387046929729e-02 1.252151855828227282e+09
3.519986812322865172e-02 7.600486955637819767e+08
3.684198459207260745e-02 9.469573995793528557e+08
3.856070778250449138e-02 8.912356168331995010e+08
4.035961149084377197e-02 7.613925985638824701e+08
4.224243623533543990e-02 7.057940021629396677e+08
4.421309703392971302e-02 8.365192739055105448e+08
4.627569154490460829e-02 7.799322766924844980e+08
4.843450858725836805e-02 7.361614483252240419e+08
5.069403705858849252e-02 6.386702939425411224e+08
5.305897526900069106e-02 6.916688316139290333e+08
5.553424071045594268e-02 8.071067202095497847e+08
5.812498028186940946e-02 8.701108449865621328e+08
6.083658099122266766e-02 6.896008282654541731e+08
6.367468115694234487e-02 7.145711336564881802e+08
6.664518213183667772e-02 7.093831882692195177e+08
6.975426057396794111e-02 6.958240650288856030e+08
7.300838128997587384e-02 6.604620641133235693e+08
7.641431067755764805e-02 5.776845266156460047e+08
7.997913079505601652e-02 5.672176584623817205e+08
8.371025408741054885e-02 5.746942372426838875e+08
8.761543879909236554e-02 5.583543397718178034e+08
9.170280510607109470e-02 4.906816245074422956e+08
9.598085200035742781e-02 5.146763607867111564e+08
1.004584749622301765e-01 4.962213718502056599e+08
1.051449844568940195e-01 4.465756118604181409e+08
1.100501252940287722e-01 4.162272733667654991e+08
1.151840968904851020e-01 4.332626930980846286e+08
1.205575744782594882e-01 4.184797555521563888e+08
1.261817313018468445e-01 3.812239554731884003e+08
1.320682618511266337e-01 3.710040081988703012e+08
1.382294061780912076e-01 3.580367105146187544e+08
1.446779753479788821e-01 3.401019808906303048e+08
1.514273780777332656e-01 3.161879172711042166e+08
1.584916486171791816e-01 2.760683317447134256e+08
1.658854759308886484e-01 2.827170984868676066e+08
1.736242342414167639e-01 2.729150263976720572e+08
1.817240149974163610e-01 2.442209608502132297e+08
1.902016603331038169e-01 2.271198974932613969e+08
1.990747980886495849e-01 2.298694043408910334e+08
2.083618784643124222e-01 2.134478589122012258e+08
2.180822123845329585e-01 2.004785929475787580e+08
2.282560116517592663e-01 1.897890685912681818e+08
2.389044309734965343e-01 1.740439748133737445e+08
2.500496119499697190e-01 1.684228065762240887e+08
2.617147291138638421e-01 1.583942453626010716e+08
2.739240381178740802e-01 1.500571312145937979e+08
2.867029261702632170e-01 1.399668308157963157e+08
3.000779648232989039e-01 1.279804694259248525e+08
3.140769652243355914e-01 1.220096322253749520e+08
3.287290359444262067e-01 1.114079628423358202e+08
3.440646435047088891e-01 1.073071073159778267e+08
3.601156757264223351e-01 1.011155259453810453e+08
3.769155080362766030e-01 9.328138362945599854e+07
3.944990728650497602e-01 8.650891873780755699e+07
4.129029322837124427e-01 8.317732003376886249e+07
4.321653540281166217e-01 7.748200942505571246e+07
4.523263910703274604e-01 7.376133016849678755e+07
4.734279649020536884e-01 6.684890540610976517e+07
4.955139527033520785e-01 6.287542915871403366e+07
5.186302785778565960e-01 6.273331589173161983e+07
5.428250090442419129e-01 5.764615019072756916e+07
5.681484529824789576e-01 5.259896953364550322e+07
5.946532662427046478e-01 4.963892850687129050e+07
6.223945611342215356e-01 4.545065146258648485e+07
6.514300210222929710e-01 4.304412107143562287e+07
6.818200202710160696e-01 4.052747830515123904e+07
7.136277497816758686e-01 3.800238443518640101e+07
7.469193483876155337e-01 3.568298507571010292e+07
7.817640403788362891e-01 3.315859438583403826e+07
8.182342794422867716e-01 3.166284451107532531e+07
8.564058993171398404e-01 2.950037817095638812e+07
8.963582714783228100e-01 2.726361144791375846e+07
9.381744701761730587e-01 2.597584837897681072e+07
9.819414451753946116e-01 2.430196533270385116e+07
1.027750202552496051e+00 2.285650623259899020e+07
1.075695993927647365e+00 2.115869427002570778e+07
1.125878514524432994e+00 1.946244400951103121e+07
1.178402110469330522e+00 1.821165580711938441e+07
1.233375995761962995e+00 1.675018354422811791e+07
1.290914479367274659e+00 1.541531565677005984e+07
1.351137202901832923e+00 1.406963068705100007e+07
1.414169389408483246e+00 1.303238691758948192e+07
1.480142103736643344e+00 1.195817909224266931e+07
1.549192525069651882e+00 1.090580527660336345e+07
1.621464232165851449e+00 1.017008503508842550e+07
1.697107501906508942e+00 9.196646930490272120e+06
1.776279621771362560e+00 8.499870690484087914e+06
1.859145216891527452e+00 7.621797117249784060e+06
1.945876592359817581e+00 7.068657323351692408e+06
2.036654091510258002e+00 6.442202811921527609e+06
2.131666470911770972e+00 5.887930003986525349e+06
2.231111292855769257e+00 5.382168221020312048e+06
2.335195336153773393e+00 4.980037038304945454e+06
2.444135026099235386e+00 4.515984606602823362e+06
2.558156884487600369e+00 4.144018059892828576e+06
2.677498000630348152e+00 3.749148183367814403e+06
2.802406524342412553e+00 3.425872750730023719e+06
2.933142181928062087e+00 3.166322683402588125e+06
