3.069976816238139533e-02 1.050991847351214170e+09
3.213194951921637121e-02 9.908238952262201309e+08
3.363094387046929729e-02 1.162838593490653515e+09
3.519986812322865172e-02 1.139226703636944056e+09
3.684198459207260745e-02 1.384328821129121304e+09
3.856070778250449138e-02 1.072521422774016738e+09
4.035961149084377197e-02 1.094435873776410103e+09
4.224243623533543990e-02 9.717419750594683886e+08
4.421309703392971302e-02 8.429082743964185715e+08
4.627569154490460829e-02 9.945307463407936096e+08
4.843450858725836805e-02 8.789129838477127552e+08
5.069403705858849252e-02 9.099091101897122860e+08
5.305897526900069106e-02 9.196069374369643927e+08
5.553424071045594268e-02 8.082757989454299212e+08
5.812498028186940946e-02 8.704401595436396599e+08
6.083658099122266766e-02 9.375989809965702295e+08
6.367468115694234487e-02 7.962639696364002228e+08
6.664518213183667772e-02 7.732654512268509865e+08
6.975426057396794111e-02 7.355988255803329945e+08
7.300838128997587384e-02 6.918048000050251484e+08
7.641431067755764805e-02 7.289292400665023327e+08
7.997913079505601652e-02 5.959812011653618813e+08
8.371025408741054885e-02 7.034434212902483940e+08
8.761543879909236554e-02 6.578002902175687551e+08
9.170280510607109470e-02 6.766416141084083319e+08
9.598085200035742781e-02 5.859113797376301289e+08
1.004584749622301765e-01 5.608852719769052267e+08
1.051449844568940195e-01 5.441801092396452427e+08
1.100501252940287722e-01 5.319621462466574311e+08
1.151840968904851020e-01 5.030388056097234488e+08
1.205575744782594882e-01 4.237889241007269025e+08
1.261817313018468445e-01 4.217138805481204987e+08
1.320682618511266337e-01 4.103584830876673460e+08
1.382294061780912076e-01 3.514936775970639586e+08
1.446779753479788821e-01 3.702679520048288107e+08
1.514273780777332656e-01 3.311563730154696703e+08
1.584916486171791816e-01 3.254190839839154482e+08
1.658854759308886484e-01 3.189133614321562052e+08
1.736242342414167639e-01 2.958920597534755468e+08
1.817240149974163610e-01 2.665688361718621850e+08
1.902016603331038169e-01 2.445223254065748453e+08
1.990747980886495849e-01 2.266735194316542447e+08
2.083618784643124222e-01 2.098393406939923465e+08
2.180822123845329585e-01 2.019047049524542987e+08
2.282560116517592663e-01 1.866173645966669023e+08
2.389044309734965343e-01 1.722936485805746913e+08
2.500496119499697190e-01 1.674384239920256436e+08
2.617147291138638421e-01 1.661769281636391282e+08
2.739240381178740802e-01 1.489244715664375424e+08
2.867029261702632170e-01 1.392326828403671682e+08
3.000779648232989039e-01 1.287799084462484568e+08
3.140769652243355914e-01 1.205472986200875342e+08
3.287290359444262067e-01 1.161677972572328895e+08
3.440646435047088891e-01 1.072824640270782560e+08
3.601156757264223351e-01 1.031555681484581530e+08
3.769155080362766030e-01 9.608307435208067298e+07
3.944990728650497602e-01 9.162628823073406518e+07
4.129029322837124427e-01 8.397616185212062299e+07
4.321653540281166217e-01 7.883743857251875103e+07
4.523263910703274604e-01 7.420574986467112601e+07
4.734279649020536884e-01 6.903814215212823451e+07
4.955139527033520785e-01 6.441118454425210506e+07
5.186302785778565960e-01 6.111951748619673401e+07
5.428250090442419129e-01 5.596488524986398220e+07
5.681484529824789576e-01 5.383166821516786516e+07
5.946532662427046478e-01 4.962946247642302513e+07
6.223945611342215356e-01 4.760843569676122814e+07
6.514300210222929710e-01 4.356323643348511308e+07
6.818200202710160696e-01 4.073933852644310892e+07
7.136277497816758686e-01 3.801756778042018414e+07
7.469193483876155337e-01 3.495328159542598575e+07
7.817640403788362891e-01 3.281307640894243494e+07
8.182342794422867716e-01 3.032350629073444009e+07
8.564058993171398404e-01 2.855625652077887952e+07
8.963582714783228100e-01 2.635187765528796613e+07
9.381744701761730587e-01 2.489813120212265104e+07
9.819414451753946116e-01 2.288831269424740970e+07
1.027750202552496051e+00 2.132606099744030088e+07
1.075695993927647365e+00 2.003333400793538615e+07
1.125878514524432994e+00 1.873402817892961204e+07
1.178402110469330522e+00 1.730846178122842312e+07
1.233375995761962995e+00 1.597912722598209791e+07
1.290914479367274659e+00 1.492962859551694803e+07
1.351137202901832923e+00 1.370471324839942716e+07
1.414169389408483246e+00 1.281972232818811946e+07
1.480142103736643344e+00 1.176089036413916573e+07
1.549192525069651882e+00 1.095425439456352592e+07
1.621464232165851449e+00 1.009178406442506239e+07
1.697107501906508942e+00 9.256970173736477271e+06
1.776279621771362560e+00 8.432048650177467614e+06
1.859145216891527452e+00 7.859365070407194085e+06
1.945876592359817581e+00 7.183687599476248026e+06
2.036654091510258002e+00 6.526096644982508384e+06
2.131666470911770972e+00 5.996450251721023582e+06
2.231111292855769257e+00 5.500466018190234900e+06
2.335195336153773393e+00 5.029804411141381599e+06
2.444135026099235386e+00 4.572032440226895735e+06
2.558156884487600369e+00 4.229788476929524913e+06
2.677498000630348152e+00 3.820993766576496884e+06
2.802406524342412553e+00 3.490466741732783150e+06
2.933142181928062087e+00 3.184367522447538562e+06
