3.069976816238139533e-02 1.158724480407712936e+09
3.213194951921637121e-02 1.049249054009496450e+09
3.363094387046929729e-02 1.562958682866873264e+09
3.519986812322865172e-02 9.968270862046701908e+08
3.684198459207260745e-02 1.131764598032678604e+09
3.856070778250449138e-02 1.103559228580880404e+09
4.035961149084377197e-02 1.231389888274921894e+09
4.224243623533543990e-02 9.098490835422073603e+08
4.421309703392971302e-02 1.056190612071009994e+09
4.627569154490460829e-02 6.699387000153334141e+08
4.843450858725836805e-02 1.048674254047915459e+09
5.069403705858849252e-02 1.028351132394913793e+09
5.305897526900069106e-02 8.837797047128355503e+08
5.553424071045594268e-02 9.126284654805526733e+08
5.812498028186940946e-02 6.884559167100812197e+08
6.083658099122266766e-02 8.266448261828745604e+08
6.367468115694234487e-02 8.059973885829048157e+08
6.664518213183667772e-02 7.325957238976917267e+08
6.975426057396794111e-02 7.100126592134460211e+08
7.300838128997587384e-02 7.392390334241544008e+08
7.641431067755764805e-02 5.977325829827196598e+08
7.997913079505601652e-02 6.070376537062641382e+08
8.371025408741054885e-02 6.631098839862391949e+08
8.761543879909236554e-02 5.505448916462342739e+08
9.170280510607109470e-02 5.994468462500873804e+08
9.598085200035742781e-02 5.432373671327308416e+08
1.004584749622301765e-01 5.143604624217520952e+08
1.051449844568940195e-01 5.118220425128995776e+08
1.100501252940287722e-01 5.036454122119432092e+08
1.151840968904851020e-01 4.473332977858199477e+08
1.205575744782594882e-01 4.042512496547268033e+08
1.261817313018468445e-01 4.001661486656197309e+08
1.320682618511266337e-01 4.258965252255813479e+08
1.382294061780912076e-01 3.569675871127465963e+08
1.446779753479788821e-01 3.427808511680232286e+08
1.514273780777332656e-01 3.202919129862868786e+08
1.584916486171791816e-01 3.152839421578928232e+08
1.658854759308886484e-01 2.800235615238615274e+08
1.736242342414167639e-01 2.742109182074669003e+08
1.817240149974163610e-01 2.652992734253813326e+08
1.902016603331038169e-01 2.323996346542769670e+08
1.990747980886495849e-01 2.420127363123304248e+08
2.083618784643124222e-01 2.273358314820860028e+08
2.180822123845329585e-01 2.138054183871242106e+08
2.282560116517592663e-01 2.012288088376137018e+08
2.389044309734965343e-01 1.792416591125073731e+08
2.500496119499697190e-01 1.734579729126823246e+08
2.617147291138638421e-01 1.690846649390855134e+08
2.739240381178740802e-01 1.631099710646429956e+08
2.867029261702632170e-01 1.567029272671501637e+08
3.000779648232989039e-01 1.410367646218642294e+08
3.140769652243355914e-01 1.312652975345173180e+08
3.287290359444262067e-01 1.203149728777967542e+08
3.440646435047088891e-01 1.123083125147836506e+08
3.601156757264223351e-01 1.074675614078173041e+08
3.769155080362766030e-01 1.007587265456364006e+08
3.944990728650497602e-01 9.514207336671617627e+07
4.129029322837124427e-01 8.737244408206588030e+07
4.321653540281166217e-01 8.357464130968518555e+07
4.523263910703274604e-01 7.644318284379811585e+07
4.734279649020536884e-01 7.350273734032571316e+07
4.955139527033520785e-01 7.018634209446600080e+07
5.186302785778565960e-01 6.278200037703356892e+07
5.428250090442419129e-01 6.042869726721990854e+07
5.681484529824789576e-01 5.657873684455642104e+07
5.946532662427046478e-01 5.335341868298049271e+07
6.223945611342215356e-01 5.086128261219380051e+07
6.514300210222929710e-01 4.651931726404900849e+07
6.818200202710160696e-01 4.321924479333259165e+07
7.136277497816758686e-01 4.080917930303422362e+07
7.469193483876155337e-01 3.729215520315146446e+07
7.817640403788362891e-01 3.548550024394673109e+07
8.182342794422867716e-01 3.353092018391718343e+07
8.564058993171398404e-01 3.037599688287094235e+07
8.963582714783228100e-01 2.826395431837349758e+07
9.381744701761730587e-01 2.656990414724350721e+07
9.819414451753946116e-01 2.451473972408623621e+07
1.027750202552496051e+00 2.251066332855521888e+07
1.075695993927647365e+00 2.073738964373560250e+07
1.125878514524432994e+00 1.937055390335972607e+07
1.178402110469330522e+00 1.789559029539185762e+07
1.233375995761962995e+00 1.676886155660489574e+07
1.290914479367274659e+00 1.557423333022256754e+07
1.351137202901832923e+00 1.450745988614991494e+07
1.414169389408483246e+00 1.336129777172731049e+07
1.480142103736643344e+00 1.212139708876274340e+07
1.549192525069651882e+00 1.119717063034977950e+07
1.621464232165851449e+00 1.023228422246487811e+07
1.697107501906508942e+00 9.432272762057069689e+06
1.776279621771362560e+00 8.763805416195182130e+06
1.859145216891527452e+00 8.002891769659694284e+06
1.945876592359817581e+00 7.319030323226677254e+06
2.036654091510258002e+00 6.718994292187117040e+06
2.131666470911770972e+00 6.155800658281739801e+06
2.231111292855769257e+00 5.549556447015509941e+06
2.335195336153773393e+00 5.127849718547384255e+06
2.444135026099235386e+00 4.616896703430073336e+06
2.558156884487600369e+00 4.130979049497936852e+06
2.677498000630348152e+00 3.775115256694023497e+06
2.802406524342412553e+00 3.491422920856227633e+06
2.933142181928062087e+00 3.189253735986520536e+06
