3.069976816238139533e-02 1.835481557714312553e+09
3.213194951921637121e-02 1.007737578533080101e+09
3.363094387046929729e-02 1.558623626862713814e+09
3.519986812322865172e-02 1.407696234868689775e+09
3.684198459207260745e-02 1.142559875567338467e+09
3.856070778250449138e-02 1.239442454113899231e+09
4.035961149084377197e-02 1.017442878445682049e+09
4.224243623533543990e-02 1.103097778708318710e+09
4.421309703392971302e-02 1.144435273500970364e+09
4.627569154490460829e-02 9.066741602881119251e+08
4.843450858725836805e-02 9.899265077796844244e+08
5.069403705858849252e-02 1.016718955656266809e+09
5.305897526900069106e-02 1.015059138832971096e+09
5.553424071045594268e-02 8.027314281110644341e+08
5.812498028186940946e-02 9.918374797744125128e+08
6.083658099122266766e-02 9.004527699482257366e+08
6.367468115694234487e-02 8.418427110551817417e+08
6.664518213183667772e-02 7.668880926436583996e+08
6.975426057396794111e-02 7.048387737939662933e+08
7.300838128997587384e-02 6.374270423731265068e+08
7.641431067755764805e-02 6.543733818948650360e+08
7.997913079505601652e-02 7.082528848779468536e+08
8.371025408741054885e-02 6.708157017986184359e+08
8.761543879909236554e-02 6.666485029924546480e+08
9.170280510607109470e-02 5.179254125716690421e+08
9.598085200035742781e-02 5.997434632949954271e+08
1.004584749622301765e-01 5.706763689974215031e+08
1.051449844568940195e-01 5.199022785093857646e+08
1.100501252940287722e-01 4.593893986627915502e+08
1.151840968904851020e-01 4.542057382455055714e+08
1.205575744782594882e-01 4.321829566538603306e+08
1.261817313018468445e-01 4.026804811097468138e+08
1.320682618511266337e-01 3.642341971545606852e+08
1.382294061780912076e-01 3.695209615130444169e+08
1.446779753479788821e-01 3.484050253855175376e+08
1.514273780777332656e-01 3.347079270227702856e+08
1.584916486171791816e-01 3.315115328817397952e+08
1.658854759308886484e-01 3.141232873211069703e+08
1.736242342414167639e-01 2.718226164616923928e+08
1.817240149974163610e-01 2.704542412734561563e+08
1.902016603331038169e-01 2.587309694663536549e+08
1.990747980886495849e-01 2.410338271288254559e+08
2.083618784643124222e-01 2.177645045576234460e+08
2.180822123845329585e-01 2.141660826069418490e+08
2.282560116517592663e-01 1.979986137292769253e+08
2.389044309734965343e-01 1.778959954554870129e+08
2.500496119499697190e-01 1.732905574006727338e+08
2.617147291138638421e-01 1.717287553282893896e+08
2.739240381178740802e-01 1.588767529351251125e+08
2.867029261702632170e-01 1.449095081432628632e+08
3.000779648232989039e-01 1.378294926466624141e+08
3.140769652243355914e-01 1.263403950949525386e+08
3.287290359444262067e-01 1.196147632011978179e+08
3.440646435047088891e-01 1.129079662994740307e+08
3.601156757264223351e-01 1.077376338007759005e+08
3.769155080362766030e-01 1.012403963595502079e+08
3.944990728650497602e-01 9.239161443677663803e+07
4.129029322837124427e-01 8.577662624739550054e+07
4.321653540281166217e-01 8.415064058125935495e+07
4.523263910703274604e-01 7.532098766124834120e+07
4.734279649020536884e-01 7.320478547034171224e+07
4.955139527033520785e-01 6.906665421737028658e+07
5.186302785778565960e-01 6.471614232202678919e+07
5.428250090442419129e-01 5.996867998030094802e+07
5.681484529824789576e-01 5.707556337458761036e+07
5.946532662427046478e-01 5.111331976414218545e+07
6.223945611342215356e-01 4.841894737976408005e+07
6.514300210222929710e-01 4.644962865410859138e+07
6.818200202710160696e-01 4.313661308878937364e+07
7.136277497816758686e-01 4.018375678915263712e+07
7.469193483876155337e-01 3.709094522060951591e+07
7.817640403788362891e-01 3.482740239136290550e+07
8.182342794422867716e-01 3.267330454426396638e+07
8.564058993171398404e-01 2.992917864238508046e+07
8.963582714783228100e-01 2.754739129354251549e+07
9.381744701761730587e-01 2.552615354390946776e+07
9.819414451753946116e-01 2.377837924892673641e+07
1.027750202552496051e+00 2.179643192232318968e+07
1.075695993927647365e+00 2.043211933634753153e+07
1.125878514524432994e+00 1.906505623078691214e+07
1.178402110469330522e+00 1.789201337600479648e+07
1.233375995761962995e+00 1.666540522719924152e+07
1.290914479367274659e+00 1.555992727211333998e+07
1.351137202901832923e+00 1.382745748905231617e+07
1.414169389408483246e+00 1.276832217252957076e+07
1.480142103736643344e+00 1.160458857443339750e+07
1.549192525069651882e+00 1.082809276723136753e+07
1.621464232165851449e+00 1.002451792484273575e+07
1.697107501906508942e+00 9.399121575451036915e+06
1.776279621771362560e+00 8.435289414056044072e+06
1.859145216891527452e+00 7.701631455820004456e+06
1.945876592359817581e+00 6.848590693112965673e+06
2.036654091510258002e+00 6.172162076446625404e+06
2.131666470911770972e+00 5.570634795083167963e+06
2.231111292855769257e+00 5.040731296121385880e+06
2.335195336153773393e+00 4.622668653967062943e+06
2.444135026099235386e+00 4.314426405522009358e+06
2.558156884487600369e+00 3.934062234741731547e+06
2.677498000630348152e+00 3.516332567608084995e+06
2.802406524342412553e+00 3.164658758760857861e+06
2.933142181928062087e+00 2.798108099438328762e+06
