3.069976816238139533e-02 7.451063972207773924e+08
3.213194951921637121e-02 8.210026222050145864e+08
3.363094387046929729e-02 8.997664265621545315e+08
3.519986812322865172e-02 5.986624732457389832e+08
3.684198459207260745e-02 1.036775977368977308e+09
3.856070778250449138e-02 8.071983627802844048e+08
4.035961149084377197e-02 7.285897961777437925e+08
4.224243623533543990e-02 9.652790205170240402e+08
4.421309703392971302e-02 7.661956720464854240e+08
4.627569154490460829e-02 7.986406063446441889e+08
4.843450858725836805e-02 8.797889224825395346e+08
5.069403705858849252e-02 8.540805935316451788e+08
5.305897526900069106e-02 8.600430100164752007e+08
5.553424071045594268e-02 7.730575915218577385e+08
5.812498028186940946e-02 7.477299366652966738e+08
6.083658099122266766e-02 7.538127555616735220e+08
6.367468115694234487e-02 5.538432492956559658e+08
6.664518213183667772e-02 6.061992677817114592e+08
6.975426057396794111e-02 5.797992185458377600e+08
7.300838128997587384e-02 5.646712787315946817e+08
7.641431067755764805e-02 5.213079776434195638e+08
7.997913079505601652e-02 5.461262866711721420e+08
8.371025408741054885e-02 5.259129912601119876e+08
8.761543879909236554e-02 4.494084642856578231e+08
9.170280510607109470e-02 4.902334401798254848e+08
9.598085200035742781e-02 4.782778044574369192e+08
1.004584749622301765e-01 4.584852486267746687e+08
1.051449844568940195e-01 4.586477439153616428e+08
1.100501252940287722e-01 4.396673373696457744e+08
1.151840968904851020e-01 4.382176109292691350e+08
1.205575744782594882e-01 3.847483100465844274e+08
1.261817313018468445e-01 3.455293049572816491e+08
1.320682618511266337e-01 3.204557139613199234e+08
1.382294061780912076e-01 3.435012505251493454e+08
1.446779753479788821e-01 3.079389962597794533e+08
1.514273780777332656e-01 3.024312554478264451e+08
1.584916486171791816e-01 3.026186218550652266e+08
1.658854759308886484e-01 2.605277249837804735e+08
1.736242342414167639e-01 2.572577883206712902e+08
1.817240149974163610e-01 2.549045390021357238e+08
1.902016603331038169e-01 2.262972601635062397e+08
1.990747980886495849e-01 2.039803442891995907e+08
2.083618784643124222e-01 1.961970285634735227e+08
2.180822123845329585e-01 1.949093215072509944e+08
2.282560116517592663e-01 1.796666213109789193e+08
2.389044309734965343e-01 1.694815916716208160e+08
2.500496119499697190e-01 1.550480537846253812e+08
2.617147291138638421e-01 1.560836016468764246e+08
2.739240381178740802e-01 1.435617807803574502e+08
2.867029261702632170e-01 1.317026163750551045e+08
3.000779648232989039e-01 1.274255838387324810e+08
3.140769652243355914e-01 1.130137198785876632e+08
3.287290359444262067e-01 1.129100525055411458e+08
3.440646435047088891e-01 1.045501838777111769e+08
3.601156757264223351e-01 9.791853571461619437e+07
3.769155080362766030e-01 8.823757521446017921e+07
3.944990728650497602e-01 8.485498637500742078e+07
4.129029322837124427e-01 8.070178008044528961e+07
4.321653540281166217e-01 7.631072497949473560e+07
4.523263910703274604e-01 6.874973659688870609e+07
4.734279649020536884e-01 6.928237720358364284e+07
4.955139527033520785e-01 6.319087005639559031e+07
5.186302785778565960e-01 5.907776122436383367e+07
5.428250090442419129e-01 5.649081639848403633e+07
5.681484529824789576e-01 5.432203939955805987e+07
5.946532662427046478e-01 4.999743110566141456e+07
6.223945611342215356e-01 4.618474513581947982e+07
6.514300210222929710e-01 4.308082966809602827e+07
6.818200202710160696e-01 4.100616039171058685e+07
7.136277497816758686e-01 3.875097800250950456e+07
7.469193483876155337e-01 3.686747874434288591e+07
7.817640403788362891e-01 3.443628901442024112e+07
8.182342794422867716e-01 3.194185639229930565e+07
8.564058993171398404e-01 3.034551345340656862e+07
8.963582714783228100e-01 2.839464539846161008e+07
9.381744701761730587e-01 2.575277805885811895e+07
9.819414451753946116e-01 2.452482802931766212e+07
1.027750202552496051e+00 2.279317175814703479e+07
1.075695993927647365e+00 2.115486351436603069e+07
1.125878514524432994e+00 1.962643924469481781e+07
1.178402110469330522e+00 1.847748166228456050e+07
1.233375995761962995e+00 1.731811259913079441e+07
1.290914479367274659e+00 1.621492145037806779e+07
1.351137202901832923e+00 1.482784986723076925e+07
1.414169389408483246e+00 1.378246984249042906e+07
1.480142103736643344e+00 1.252609641037393175e+07
1.549192525069651882e+00 1.141737409858160466e+07
1.621464232165851449e+00 1.038918202463592030e+07
1.697107501906508942e+00 9.334077575785653666e+06
1.776279621771362560e+00 8.445663593150151893e+06
1.859145216891527452e+00 7.745333552333096974e+06
1.945876592359817581e+00 7.013574464854745194e+06
2.036654091510258002e+00 6.517770786667482927e+06
2.131666470911770972e+00 5.924969127618212253e+06
2.231111292855769257e+00 5.407721265993678942e+06
2.335195336153773393e+00 4.940405511105675250e+06
2.444135026099235386e+00 4.543203954868443310e+06
2.558156884487600369e+00 4.145756823119631968e+06
2.677498000630348152e+00 3.811036345339728985e+06
2.802406524342412553e+00 3.490840914145957213e+06
2.933142181928062087e+00 3.180527390292915981e+06
