3.069976816238139533e-02 1.237116372341093302e+09
3.213194951921637121e-02 1.182917325677633047e+09
3.363094387046929729e-02 1.160710764638507366e+09
3.519986812322865172e-02 1.203788996565630913e+09
3.684198459207260745e-02 1.135705008443787336e+09
3.856070778250449138e-02 8.939508204385460615e+08
4.035961149084377197e-02 9.842885641426368952e+08
4.224243623533543990e-02 9.683378364627124071e+08
4.421309703392971302e-02 8.891267973079323769e+08
4.627569154490460829e-02 9.244017936985746622e+08
4.843450858725836805e-02 9.429650429618000984e+08
5.069403705858849252e-02 8.931312820955834389e+08
5.305897526900069106e-02 7.864086867306122780e+08
5.553424071045594268e-02 7.963320561588075161e+08
5.812498028186940946e-02 7.928418906212822199e+08
6.083658099122266766e-02 6.532749331116127968e+08
6.367468115694234487e-02 7.717860933785026073e+08
6.664518213183667772e-02 8.066657275549455881e+08
6.975426057396794111e-02 6.131698148352944851e+08
7.300838128997587384e-02 6.818644273078618050e+08
7.641431067755764805e-02 6.782373508469749689e+08
7.997913079505601652e-02 5.762920284711217880e+08
8.371025408741054885e-02 6.202649776484941244e+08
8.761543879909236554e-02 6.766866538723161221e+08
9.170280510607109470e-02 6.924923258389073610e+08
9.598085200035742781e-02 5.832673174798976183e+08
1.004584749622301765e-01 5.216451769133732319e+08
1.051449844568940195e-01 4.847257170315659046e+08
1.100501252940287722e-01 4.918417067564263344e+08
1.151840968904851020e-01 4.565638789359797239e+08
1.205575744782594882e-01 4.323398484309351444e+08
1.261817313018468445e-01 4.018480035318197012e+08
1.320682618511266337e-01 3.816148343807743788e+08
1.382294061780912076e-01 3.673063903085657358e+08
1.446779753479788821e-01 3.569158110913518071e+08
1.514273780777332656e-01 3.137829253541369438e+08
1.584916486171791816e-01 3.177629752691332102e+08
1.658854759308886484e-01 3.046332774105350971e+08
1.736242342414167639e-01 2.761519668088014126e+08
1.817240149974163610e-01 2.523738986992631257e+08
1.902016603331038169e-01 2.368399742867068350e+08
1.990747980886495849e-01 2.400995298760424852e+08
2.083618784643124222e-01 2.236101940203902423e+08
2.180822123845329585e-01 2.063180704869046211e+08
2.282560116517592663e-01 1.973704991893237233e+08
2.389044309734965343e-01 1.765872003044777513e+08
2.500496119499697190e-01 1.791193098347480595e+08
2.617147291138638421e-01 1.725680552650862336e+08
2.739240381178740802e-01 1.618853362167469859e+08
2.867029261702632170e-01 1.458777347100946307e+08
3.000779648232989039e-01 1.353394673138341606e+08
3.140769652243355914e-01 1.316665728597574234e+08
3.287290359444262067e-01 1.237464375920525640e+08
3.440646435047088891e-01 1.127641561056750119e+08
3.601156757264223351e-01 1.092356506137948483e+08
3.769155080362766030e-01 1.010684909133153856e+08
3.944990728650497602e-01 9.696684760735796392e+07
4.129029322837124427e-01 9.106051651170742512e+07
4.321653540281166217e-01 8.183914155769900978e+07
4.523263910703274604e-01 7.826952919378168881e+07
4.734279649020536884e-01 7.515907346835704148e+07
4.955139527033520785e-01 7.073162582341012359e+07
5.186302785778565960e-01 6.419503971142341197e+07
5.428250090442419129e-01 6.019778869314215332e+07
5.681484529824789576e-01 5.827892089263301343e+07
5.946532662427046478e-01 5.365747981806296855e+07
6.223945611342215356e-01 5.101733401786275953e+07
6.514300210222929710e-01 4.701641756230619550e+07
6.818200202710160696e-01 4.452581227163755894e+07
7.136277497816758686e-01 4.167877740222445875e+07
7.469193483876155337e-01 3.747605275400304049e+07
7.817640403788362891e-01 3.651531610781678557e+07
8.182342794422867716e-01 3.407451850418893248e+07
8.564058993171398404e-01 3.119652571884147450e+07
8.963582714783228100e-01 2.858722038722601905e+07
9.381744701761730587e-01 2.639191777344659716e+07
9.819414451753946116e-01 2.484056875677369907e+07
1.027750202552496051e+00 2.242935014106488973e+07
1.075695993927647365e+00 2.089177810626560450e+07
1.125878514524432994e+00 1.947687855181286484e+07
1.178402110469330522e+00 1.817576599571837857e+07
1.233375995761962995e+00 1.678605950210240856e+07
1.290914479367274659e+00 1.574612900278215855e+07
1.351137202901832923e+00 1.426196707668484747e+07
1.414169389408483246e+00 1.330050619686594605e+07
1.480142103736643344e+00 1.238361066764231771e+07
1.549192525069651882e+00 1.145245444304253161e+07
1.621464232165851449e+00 1.048316785847852007e+07
1.697107501906508942e+00 9.592147347974952310e+06
1.776279621771362560e+00 8.721241171349080279e+06
1.859145216891527452e+00 7.940294251743016765e+06
1.945876592359817581e+00 7.118175087386752479e+06
2.036654091510258002e+00 6.422268651288588531e+06
2.131666470911770972e+00 5.849474366485888138e+06
2.231111292855769257e+00 5.374556162491043098e+06
2.335195336153773393e+00 4.881872357125677168e+06
2.444135026099235386e+00 4.405101943738990463e+06
2.558156884487600369e+00 3.996548813417724334e+06
2.677498000630348152e+00 3.616689773740589153e+06
2.802406524342412553e+00 3.352085967392451130e+06
2.933142181928062087e+00 3.072189864134209231e+06
