3.069976816238139533e-02 2.375901961767682076e+09
3.213194951921637121e-02 2.598880087729236126e+09
3.363094387046929729e-02 2.815759205445714951e+09
3.519986812322865172e-02 2.034284812721131802e+09
3.684198459207260745e-02 2.505859259376778603e+09
3.856070778250449138e-02 2.178584095778491974e+09
4.035961149084377197e-02 1.915982060222538948e+09
4.224243623533543990e-02 1.789794449084702730e+09
4.421309703392971302e-02 2.171329465134356976e+09
4.627569154490460829e-02 1.786657484855372906e+09
4.843450858725836805e-02 1.693411154266658783e+09
5.069403705858849252e-02 1.843241467744681835e+09
5.305897526900069106e-02 1.288701921894624710e+09
5.553424071045594268e-02 1.135030552381648064e+09
5.812498028186940946e-02 1.226519236728672504e+09
6.083658099122266766e-02 1.162640094077055693e+09
6.367468115694234487e-02 1.022638780116032362e+09
6.664518213183667772e-02 9.703194736822367907e+08
6.975426057396794111e-02 8.972150419668852091e+08
7.300838128997587384e-02 8.562029116403263807e+08
7.641431067755764805e-02 7.927360161403092146e+08
7.997913079505601652e-02 7.626465966486833096e+08
8.371025408741054885e-02 7.554135155846716166e+08
8.761543879909236554e-02 7.295542636400837898e+08
9.170280510607109470e-02 6.719863563357388973e+08
9.598085200035742781e-02 6.057643599905666113e+08
1.004584749622301765e-01 6.021946133770327568e+08
1.051449844568940195e-01 5.675141559488940239e+08
1.100501252940287722e-01 5.570163998339788914e+08
1.151840968904851020e-01 5.184545210769880414e+08
1.205575744782594882e-01 5.136402883406249285e+08
1.261817313018468445e-01 4.707272614754374623e+08
1.320682618511266337e-01 4.632315670103250742e+08
1.382294061780912076e-01 4.233237501278797388e+08
1.446779753479788821e-01 3.723472931918003559e+08
1.514273780777332656e-01 3.773096673983583450e+08
1.584916486171791816e-01 3.327071799724565744e+08
1.658854759308886484e-01 3.283982663604917526e+08
1.736242342414167639e-01 3.192647965224229693e+08
1.817240149974163610e-01 2.699638277486397624e+08
1.902016603331038169e-01 2.774303034206069112e+08
1.990747980886495849e-01 2.645793876542646289e+08
2.083618784643124222e-01 2.288026083452478349e+08
2.180822123845329585e-01 2.241522203443642855e+08
2.282560116517592663e-01 2.069039899614095390e+08
2.389044309734965343e-01 1.957484418921888769e+08
2.500496119499697190e-01 1.827690138124983311e+08
2.617147291138638421e-01 1.799429009049741328e+08
2.739240381178740802e-01 1.629477968466018736e+08
2.867029261702632170e-01 1.487620865814152658e+08
3.000779648232989039e-01 1.516847313970170319e+08
3.140769652243355914e-01 1.403570171636019945e+08
3.287290359444262067e-01 1.273442884369844794e+08
3.440646435047088891e-01 1.212941971813369393e+08
3.601156757264223351e-01 1.166306802557911575e+08
3.769155080362766030e-01 1.076670103102974743e+08
3.944990728650497602e-01 1.014642261962893754e+08
4.129029322837124427e-01 9.473853563058839738e+07
4.321653540281166217e-01 8.524716381280697882e+07
4.523263910703274604e-01 8.234876616138093174e+07
4.734279649020536884e-01 7.621949312220181525e+07
4.955139527033520785e-01 7.201514190184523165e+07
5.186302785778565960e-01 6.790940760910259187e+07
5.428250090442419129e-01 6.231774410441254824e+07
5.681484529824789576e-01 5.817208134699851274e+07
5.946532662427046478e-01 5.617347631140741706e+07
6.223945611342215356e-01 5.264737096618669480e+07
6.514300210222929710e-01 4.743131502890917659e+07
6.818200202710160696e-01 4.569460957403030992e+07
7.136277497816758686e-01 4.192589068420953304e+07
7.469193483876155337e-01 3.944735068043652177e+07
7.817640403788362891e-01 3.693777776568770409e+07
8.182342794422867716e-01 3.471201591930989921e+07
8.564058993171398404e-01 3.241667760806119815e+07
8.963582714783228100e-01 3.180931204983484372e+07
9.381744701761730587e-01 2.906373490533465147e+07
9.819414451753946116e-01 2.665773814339100569e+07
1.027750202552496051e+00 2.479585866604832932e+07
1.075695993927647365e+00 2.308020611079215258e+07
1.125878514524432994e+00 2.125691404822497815e+07
1.178402110469330522e+00 1.984665974091148749e+07
1.233375995761962995e+00 1.833970932681062818e+07
1.290914479367274659e+00 1.656119284437308274e+07
1.351137202901832923e+00 1.574098866055290960e+07
1.414169389408483246e+00 1.431900966602123156e+07
1.480142103736643344e+00 1.306993879423087090e+07
1.549192525069651882e+00 1.196157063966644928e+07
1.621464232165851449e+00 1.095834018998986483e+07
1.697107501906508942e+00 9.912046047384703532e+06
1.776279621771362560e+00 9.100407870263962075e+06
1.859145216891527452e+00 8.354716590774148703e+06
1.945876592359817581e+00 7.628281434709801339e+06
2.036654091510258002e+00 7.157605823547802866e+06
2.131666470911770972e+00 6.573595221400837414e+06
2.231111292855769257e+00 6.166825007224028930e+06
2.335195336153773393e+00 5.801965837660871446e+06
2.444135026099235386e+00 5.479679019262937829e+06
2.558156884487600369e+00 5.055595123084917665e+06
2.677498000630348152e+00 4.446102681734636426e+06
2.802406524342412553e+00 3.972970793043223210e+06
2.933142181928062087e+00 3.561231358665098436e+06
