3.069976816238139533e-02 5.661558052563213557e+07
3.213194951921637121e-02 0.000000000000000000e+00
3.363094387046929729e-02 0.000000000000000000e+00
3.519986812322865172e-02 3.757589573790863156e+07
3.684198459207260745e-02 0.000000000000000000e+00
3.856070778250449138e-02 2.856973827582988143e+07
4.035961149084377197e-02 0.000000000000000000e+00
4.224243623533543990e-02 4.346757788810466230e+07
4.421309703392971302e-02 3.571294365705454766e+03
4.627569154490460829e-02 0.000000000000000000e+00
4.843450858725836805e-02 1.442430337612253428e+07
5.069403705858849252e-02 1.257391784115914628e+07
5.305897526900069106e-02 1.096641502363138832e+07
5.553424071045594268e-02 2.869596425422265008e+07
5.812498028186940946e-02 8.341665996322034858e+06
6.083658099122266766e-02 7.281860180910602212e+06
6.367468115694234487e-02 9.018904842391692682e+02
6.664518213183667772e-02 2.213785311238788068e+07
6.975426057396794111e-02 3.861470662601191550e+07
7.300838128997587384e-02 2.117305975053121522e+07
7.641431067755764805e-02 2.202971983976326138e+07
7.997913079505601652e-02 1.601594130563429929e+07
8.371025408741054885e-02 1.117699361800849810e+07
8.761543879909236554e-02 7.766956700372891501e+06
9.170280510607109470e-02 1.913835929448664561e+07
9.598085200035742781e-02 1.669482703835354000e+07
1.004584749622301765e-01 1.457859484150847979e+07
1.051449844568940195e-01 1.288726174782678112e+07
1.100501252940287722e-01 1.359276281582376361e+07
1.151840968904851020e-01 1.950691121134640649e+07
1.205575744782594882e-01 2.070174175181712583e+07
1.261817313018468445e-01 1.987598941176055744e+07
1.320682618511266337e-01 1.437147617592487112e+07
1.382294061780912076e-01 2.502135245747999847e+07
1.446779753479788821e-01 2.092522036062727496e+07
1.514273780777332656e-01 1.944174838289348409e+07
1.584916486171791816e-01 2.030118869750976562e+07
1.658854759308886484e-01 1.549761131177191250e+07
1.736242342414167639e-01 1.766792241411850974e+07
1.817240149974163610e-01 1.617736645583158173e+07
1.902016603331038169e-01 1.770215980071027204e+07
1.990747980886495849e-01 1.813299644099379703e+07
2.083618784643124222e-01 2.079791599990667030e+07
2.180822123845329585e-01 1.520399029200281575e+07
2.282560116517592663e-01 1.816975253254646435e+07
2.389044309734965343e-01 1.823334243706429377e+07
2.500496119499697190e-01 1.700737137259969488e+07
2.617147291138638421e-01 1.560329527010282688e+07
2.739240381178740802e-01 1.778074697935343906e+07
2.867029261702632170e-01 2.027295884226801619e+07
3.000779648232989039e-01 1.833618745624253899e+07
3.140769652243355914e-01 1.848542855122731999e+07
3.287290359444262067e-01 1.779526654057163000e+07
3.440646435047088891e-01 1.974506975373313576e+07
3.601156757264223351e-01 1.755250044049121067e+07
3.769155080362766030e-01 1.837414602349167690e+07
3.944990728650497602e-01 1.747591089104257897e+07
4.129029322837124427e-01 1.808436112428809330e+07
4.321653540281166217e-01 1.819650616912411153e+07
4.523263910703274604e-01 1.675766655405632406e+07
4.734279649020536884e-01 1.717402087366944924e+07
4.955139527033520785e-01 1.657426822232378088e+07
5.186302785778565960e-01 1.669541566733517870e+07
5.428250090442419129e-01 1.731888147870122641e+07
5.681484529824789576e-01 1.594554213149765879e+07
5.946532662427046478e-01 1.710730096308671311e+07
6.223945611342215356e-01 1.658915526200360060e+07
6.514300210222929710e-01 1.635674010432902351e+07
6.818200202710160696e-01 1.632264244938091561e+07
7.136277497816758686e-01 1.662876348271574825e+07
7.469193483876155337e-01 1.720638344240245223e+07
7.817640403788362891e-01 1.638407564769819751e+07
8.182342794422867716e-01 1.600965477790343016e+07
8.564058993171398404e-01 1.539832472716769204e+07
8.963582714783228100e-01 1.484974591860196181e+07
9.381744701761730587e-01 1.421426769809716195e+07
9.819414451753946116e-01 1.411550834014396742e+07
1.027750202552496051e+00 1.379070682428783737e+07
1.075695993927647365e+00 1.389224563297832757e+07
1.125878514524432994e+00 1.366423998473857902e+07
1.178402110469330522e+00 1.275584199947123975e+07
1.233375995761962995e+00 1.228560903556952067e+07
1.290914479367274659e+00 1.193607021733553708e+07
1.351137202901832923e+00 1.138810211082721315e+07
1.414169389408483246e+00 1.128389879567170888e+07
1.480142103736643344e+00 1.131365101606231183e+07
1.549192525069651882e+00 1.103059698739486188e+07
1.621464232165851449e+00 1.135882761144417524e+07
1.697107501906508942e+00 1.149926049724147841e+07
1.776279621771362560e+00 1.158756773938614875e+07
1.859145216891527452e+00 1.134324864094944857e+07
1.945876592359817581e+00 1.056388265386977606e+07
2.036654091510258002e+00 9.665630460879912600e+06
2.131666470911770972e+00 8.825739999150261283e+06
2.231111292855769257e+00 7.912048971219629049e+06
2.335195336153773393e+00 7.166951673749101348e+06
2.444135026099235386e+00 6.754494329637771472e+06
2.558156884487600369e+00 6.228887095762594603e+06
2.677498000630348152e+00 5.690773379911157303e+06
2.802406524342412553e+00 5.305789569966149516e+06
2.933142181928062087e+00 4.865591440720975399e+06
