3.069976816238139533e-02 7.334525634955549240e+08
3.213194951921637121e-02 5.547171944501526356e+08
3.363094387046929729e-02 9.797111632372870445e+08
3.519986812322865172e-02 9.126924472056295872e+08
3.684198459207260745e-02 6.513829845908036232e+08
3.856070778250449138e-02 8.311964645927126408e+08
4.035961149084377197e-02 7.492366264687286615e+08
4.224243623533543990e-02 8.654183132499767542e+08
4.421309703392971302e-02 7.492336892938923836e+08
4.627569154490460829e-02 8.961848991261938810e+08
4.843450858725836805e-02 7.600820801413105726e+08
5.069403705858849252e-02 5.908425009217536449e+08
5.305897526900069106e-02 6.751574865584528446e+08
5.553424071045594268e-02 8.325404556142976284e+08
5.812498028186940946e-02 6.355854546211920977e+08
6.083658099122266766e-02 6.508068362928152084e+08
6.367468115694234487e-02 7.810367418087191582e+08
6.664518213183667772e-02 5.071711459769363999e+08
6.975426057396794111e-02 6.220256659156365395e+08
7.300838128997587384e-02 6.432951638332643509e+08
7.641431067755764805e-02 5.323172545496012568e+08
7.997913079505601652e-02 5.829396801081420183e+08
8.371025408741054885e-02 5.732028505388180017e+08
8.761543879909236554e-02 5.010453465201780796e+08
9.170280510607109470e-02 5.316437095845282078e+08
9.598085200035742781e-02 4.349637662832421660e+08
1.004584749622301765e-01 4.654875808463918567e+08
1.051449844568940195e-01 4.659637758021624684e+08
1.100501252940287722e-01 4.149415266115272045e+08
1.151840968904851020e-01 3.883563863932245970e+08
1.205575744782594882e-01 4.042024551871526241e+08
1.261817313018468445e-01 3.840730322384412885e+08
1.320682618511266337e-01 3.426141671066883206e+08
1.382294061780912076e-01 3.326767781089565158e+08
1.446779753479788821e-01 2.991628540290204287e+08
1.514273780777332656e-01 3.124860936489744782e+08
1.584916486171791816e-01 2.879034671386609674e+08
1.658854759308886484e-01 2.722896115411394835e+08
1.736242342414167639e-01 2.628843187101232409e+08
1.817240149974163610e-01 2.511947066671649218e+08
1.902016603331038169e-01 2.243141737156380415e+08
1.990747980886495849e-01 2.302715285033762455e+08
2.083618784643124222e-01 2.022239716374846101e+08
2.180822123845329585e-01 1.986299053221828640e+08
2.282560116517592663e-01 1.778532562658365667e+08
2.389044309734965343e-01 1.642162677317628562e+08
2.500496119499697190e-01 1.654932150564406514e+08
2.617147291138638421e-01 1.526134914518040121e+08
2.739240381178740802e-01 1.407862878179770708e+08
2.867029261702632170e-01 1.344558382478558123e+08
3.000779648232989039e-01 1.264767485057396293e+08
3.140769652243355914e-01 1.220480765904458463e+08
3.287290359444262067e-01 1.106063227686828375e+08
3.440646435047088891e-01 1.056335297697873116e+08
3.601156757264223351e-01 9.584408869240027666e+07
3.769155080362766030e-01 9.183974896255922318e+07
3.944990728650497602e-01 8.640289980063325167e+07
4.129029322837124427e-01 8.220152197894658148e+07
4.321653540281166217e-01 7.711778691623389721e+07
4.523263910703274604e-01 7.266170505873888731e+07
4.734279649020536884e-01 6.717814652533240616e+07
4.955139527033520785e-01 6.278691983186643571e+07
5.186302785778565960e-01 5.873927147808241099e+07
5.428250090442419129e-01 5.553391786595207453e+07
5.681484529824789576e-01 5.267174868130439520e+07
5.946532662427046478e-01 4.894776622983959317e+07
6.223945611342215356e-01 4.694631961237160116e+07
6.514300210222929710e-01 4.368064653336749971e+07
6.818200202710160696e-01 4.114696012927141041e+07
7.136277497816758686e-01 3.841982797148214281e+07
7.469193483876155337e-01 3.601804283373734355e+07
7.817640403788362891e-01 3.422974632296127826e+07
8.182342794422867716e-01 3.152263166742626205e+07
8.564058993171398404e-01 3.003678208555049077e+07
8.963582714783228100e-01 2.820029696475330368e+07
9.381744701761730587e-01 2.593917167852009088e+07
9.819414451753946116e-01 2.444704839674189687e+07
1.027750202552496051e+00 2.292179537595240399e+07
1.075695993927647365e+00 2.146713470581217483e+07
1.125878514524432994e+00 2.011704893911472708e+07
1.178402110469330522e+00 1.885511789336689189e+07
1.233375995761962995e+00 1.758373590131399781e+07
1.290914479367274659e+00 1.619939549241772853e+07
1.351137202901832923e+00 1.526254897441291995e+07
1.414169389408483246e+00 1.392353213107371517e+07
1.480142103736643344e+00 1.277496915849991515e+07
1.549192525069651882e+00 1.174009216356198676e+07
1.621464232165851449e+00 1.089222469463306665e+07
1.697107501906508942e+00 1.002360616033025272e+07
1.776279621771362560e+00 9.168183484590040520e+06
1.859145216891527452e+00 8.301725491691306233e+06
1.945876592359817581e+00 7.393719221168923192e+06
2.036654091510258002e+00 6.652232572235940024e+06
2.131666470911770972e+00 5.983541667731002904e+06
2.231111292855769257e+00 5.462551511336453259e+06
2.335195336153773393e+00 4.996910202841093764e+06
2.444135026099235386e+00 4.581975494392862543e+06
2.558156884487600369e+00 4.165762042719713412e+06
2.677498000630348152e+00 3.811768453249643557e+06
2.802406524342412553e+00 3.496184591073157266e+06
2.933142181928062087e+00 3.212351210750241298e+06
