3.069976816238139533e-02 1.260099054274141788e+09
3.213194951921637121e-02 1.515304002386524200e+09
3.363094387046929729e-02 1.770625803449690342e+09
3.519986812322865172e-02 1.489359791286806107e+09
3.684198459207260745e-02 1.229981125518618584e+09
3.856070778250449138e-02 1.649261690887915850e+09
4.035961149084377197e-02 1.425485932327468872e+09
4.224243623533543990e-02 1.243893639294676542e+09
4.421309703392971302e-02 8.876023103237237930e+08
4.627569154490460829e-02 8.879888274077844620e+08
4.843450858725836805e-02 1.134990836242115021e+09
5.069403705858849252e-02 9.370310769788280725e+08
5.305897526900069106e-02 8.512961385647403002e+08
5.553424071045594268e-02 8.076762654435983896e+08
5.812498028186940946e-02 8.824836792903792858e+08
6.083658099122266766e-02 7.586302127619614601e+08
6.367468115694234487e-02 7.835559790136878490e+08
6.664518213183667772e-02 7.851961113987816572e+08
6.975426057396794111e-02 8.294015623448333740e+08
7.300838128997587384e-02 7.177320063032773733e+08
7.641431067755764805e-02 8.112197727660992146e+08
7.997913079505601652e-02 7.255481431871678829e+08
8.371025408741054885e-02 7.173380188692727089e+08
8.761543879909236554e-02 6.932298441294074059e+08
9.170280510607109470e-02 6.527234003935189247e+08
9.598085200035742781e-02 5.818973995795243979e+08
1.004584749622301765e-01 5.652566047494733334e+08
1.051449844568940195e-01 5.426213146313102245e+08
1.100501252940287722e-01 5.507110866684075594e+08
1.151840968904851020e-01 4.753380896441398859e+08
1.205575744782594882e-01 4.738966922052706480e+08
1.261817313018468445e-01 4.354984928568305969e+08
1.320682618511266337e-01 4.289903740701409578e+08
1.382294061780912076e-01 3.680114771769343019e+08
1.446779753479788821e-01 3.579840609725072384e+08
1.514273780777332656e-01 3.365106640105996132e+08
1.584916486171791816e-01 3.142921904565301538e+08
1.658854759308886484e-01 2.911326099900113344e+08
1.736242342414167639e-01 2.760306226282290220e+08
1.817240149974163610e-01 2.723605538824493289e+08
1.902016603331038169e-01 2.606577282619518638e+08
1.990747980886495849e-01 2.310079637989976406e+08
2.083618784643124222e-01 2.225633524275285602e+08
2.180822123845329585e-01 2.055282100852264166e+08
2.282560116517592663e-01 1.958711668525817692e+08
2.389044309734965343e-01 1.821335050180713832e+08
2.500496119499697190e-01 1.753344798142834902e+08
2.617147291138638421e-01 1.589384287025645077e+08
2.739240381178740802e-01 1.573871539753478169e+08
2.867029261702632170e-01 1.454382138161918223e+08
3.000779648232989039e-01 1.384978954325461388e+08
3.140769652243355914e-01 1.261483520836413950e+08
3.287290359444262067e-01 1.231086259860282242e+08
3.440646435047088891e-01 1.135496912018352002e+08
3.601156757264223351e-01 1.063606909109263569e+08
3.769155080362766030e-01 9.800557458284482360e+07
3.944990728650497602e-01 9.268676102006666362e+07
4.129029322837124427e-01 8.598669677406793833e+07
4.321653540281166217e-01 8.175622032666242123e+07
4.523263910703274604e-01 7.540982324184697866e+07
4.734279649020536884e-01 7.235332666403223574e+07
4.955139527033520785e-01 6.704004047625549138e+07
5.186302785778565960e-01 6.113517335273144394e+07
5.428250090442419129e-01 5.859864329103462398e+07
5.681484529824789576e-01 5.487727252562754601e+07
5.946532662427046478e-01 5.182316014544785023e+07
6.223945611342215356e-01 4.823685302963285148e+07
6.514300210222929710e-01 4.506563040422280133e+07
6.818200202710160696e-01 4.186611413347467035e+07
7.136277497816758686e-01 3.814376768944866210e+07
7.469193483876155337e-01 3.619942887456490844e+07
7.817640403788362891e-01 3.338647066171463206e+07
8.182342794422867716e-01 3.101702307525468245e+07
8.564058993171398404e-01 2.857630497829260677e+07
8.963582714783228100e-01 2.658660205278006941e+07
9.381744701761730587e-01 2.499689599782964587e+07
9.819414451753946116e-01 2.350940025688451529e+07
1.027750202552496051e+00 2.202891796733544022e+07
1.075695993927647365e+00 2.041894539373924583e+07
1.125878514524432994e+00 1.903182877701967955e+07
1.178402110469330522e+00 1.770081873020375147e+07
1.233375995761962995e+00 1.628882370578439161e+07
1.290914479367274659e+00 1.504787684733745083e+07
1.351137202901832923e+00 1.407675333649727888e+07
1.414169389408483246e+00 1.283109912551039457e+07
1.480142103736643344e+00 1.197724556611351669e+07
1.549192525069651882e+00 1.099362495918805897e+07
1.621464232165851449e+00 1.005486317807578854e+07
1.697107501906508942e+00 9.270315408706642687e+06
1.776279621771362560e+00 8.493491925555799156e+06
1.859145216891527452e+00 7.735300361360778101e+06
1.945876592359817581e+00 7.013468403854772449e+06
2.036654091510258002e+00 6.367170686539274640e+06
2.131666470911770972e+00 5.749282740792058408e+06
2.231111292855769257e+00 5.265971501498744823e+06
2.335195336153773393e+00 4.847423798298757523e+06
2.444135026099235386e+00 4.461991273237417452e+06
2.558156884487600369e+00 4.129131780647176318e+06
2.677498000630348152e+00 3.802407319911174476e+06
2.802406524342412553e+00 3.480430925000660587e+06
2.933142181928062087e+00 3.139034501921556424e+06
