3.069976816238139533e-02 1.308496646083873749e+09
3.213194951921637121e-02 1.451637728079238176e+09
3.363094387046929729e-02 1.149085833140357494e+09
3.519986812322865172e-02 1.053051160524777770e+09
3.684198459207260745e-02 1.096201480752559185e+09
3.856070778250449138e-02 1.329994590887909651e+09
4.035961149084377197e-02 1.298675459172609806e+09
4.224243623533543990e-02 9.731705053523464203e+08
4.421309703392971302e-02 9.214497982932394743e+08
4.627569154490460829e-02 9.069109411436674595e+08
4.843450858725836805e-02 1.019419587313544035e+09
5.069403705858849252e-02 9.238994536009528637e+08
5.305897526900069106e-02 8.791955669160640240e+08
5.553424071045594268e-02 9.769999292181274891e+08
5.812498028186940946e-02 8.723635605695756674e+08
6.083658099122266766e-02 7.686653458943067789e+08
6.367468115694234487e-02 7.813821720680139065e+08
6.664518213183667772e-02 7.942179651995562315e+08
6.975426057396794111e-02 7.032098068460922241e+08
7.300838128997587384e-02 7.065006655788029432e+08
7.641431067755764805e-02 6.819047692694866657e+08
7.997913079505601652e-02 6.927873509167565107e+08
8.371025408741054885e-02 5.783456452839875221e+08
8.761543879909236554e-02 5.619720985882216692e+08
9.170280510607109470e-02 5.301425467401156425e+08
9.598085200035742781e-02 4.970061894786604047e+08
1.004584749622301765e-01 5.763044083402700424e+08
1.051449844568940195e-01 4.752244707204009295e+08
1.100501252940287722e-01 4.676150268147557974e+08
1.151840968904851020e-01 4.455868957011373639e+08
1.205575744782594882e-01 4.653452929485189915e+08
1.261817313018468445e-01 4.256794293194640875e+08
1.320682618511266337e-01 3.928333200529689789e+08
1.382294061780912076e-01 3.762495145931332111e+08
1.446779753479788821e-01 3.793423468221149445e+08
1.514273780777332656e-01 3.613262988851463795e+08
1.584916486171791816e-01 3.289510160331667662e+08
1.658854759308886484e-01 3.214700114597287774e+08
1.736242342414167639e-01 3.088111682982420325e+08
1.817240149974163610e-01 2.621753879626972377e+08
1.902016603331038169e-01 2.609119204878075421e+08
1.990747980886495849e-01 2.326872680629308820e+08
2.083618784643124222e-01 2.179690206952457428e+08
2.180822123845329585e-01 2.016375877182224095e+08
2.282560116517592663e-01 1.870689439663480222e+08
2.389044309734965343e-01 1.721539439274967313e+08
2.500496119499697190e-01 1.653197138005216420e+08
2.617147291138638421e-01 1.605243649866601825e+08
2.739240381178740802e-01 1.498158687359918952e+08
2.867029261702632170e-01 1.379139175366205275e+08
3.000779648232989039e-01 1.272392368184397519e+08
3.140769652243355914e-01 1.214580509159069806e+08
3.287290359444262067e-01 1.168035329500413686e+08
3.440646435047088891e-01 1.055801294374671578e+08
3.601156757264223351e-01 1.003106048841917366e+08
3.769155080362766030e-01 9.276162115894639492e+07
3.944990728650497602e-01 8.818631164434660971e+07
4.129029322837124427e-01 7.980208246638637781e+07
4.321653540281166217e-01 7.669817442358009517e+07
4.523263910703274604e-01 7.360944860714276135e+07
4.734279649020536884e-01 7.081934463220562041e+07
4.955139527033520785e-01 6.510538785842713714e+07
5.186302785778565960e-01 6.202694111592358351e+07
5.428250090442419129e-01 5.690803980157149583e+07
5.681484529824789576e-01 5.312840263137626648e+07
5.946532662427046478e-01 5.034493614767115563e+07
6.223945611342215356e-01 4.699557036259073764e+07
6.514300210222929710e-01 4.424376179975561053e+07
6.818200202710160696e-01 4.145578662902506441e+07
7.136277497816758686e-01 3.900767057325664163e+07
7.469193483876155337e-01 3.708222353686252981e+07
7.817640403788362891e-01 3.317272171714234725e+07
8.182342794422867716e-01 3.178005728625260293e+07
8.564058993171398404e-01 2.935913620289201289e+07
8.963582714783228100e-01 2.841614618862909451e+07
9.381744701761730587e-01 2.611932073411730677e+07
9.819414451753946116e-01 2.408883629044171050e+07
1.027750202552496051e+00 2.252070739260988310e+07
1.075695993927647365e+00 2.133816293221614882e+07
1.125878514524432994e+00 1.956587235293520615e+07
1.178402110469330522e+00 1.810979732646412775e+07
1.233375995761962995e+00 1.663081605168690719e+07
1.290914479367274659e+00 1.528669128832543455e+07
1.351137202901832923e+00 1.430325404553357325e+07
1.414169389408483246e+00 1.309842140289589576e+07
1.480142103736643344e+00 1.211163462392918207e+07
1.549192525069651882e+00 1.109208573544332571e+07
1.621464232165851449e+00 1.006815808872194961e+07
1.697107501906508942e+00 9.250774374496640638e+06
1.776279621771362560e+00 8.518673738784199581e+06
1.859145216891527452e+00 7.667834021607523784e+06
1.945876592359817581e+00 7.005816039853475057e+06
2.036654091510258002e+00 6.437376392375155352e+06
2.131666470911770972e+00 5.885949251163051464e+06
2.231111292855769257e+00 5.338612142707394436e+06
2.335195336153773393e+00 4.872234490051348694e+06
2.444135026099235386e+00 4.438859131994550116e+06
2.558156884487600369e+00 4.027048041649636813e+06
2.677498000630348152e+00 3.716074710753753316e+06
2.802406524342412553e+00 3.415245545775681268e+06
2.933142181928062087e+00 3.126515917517306749e+06
