3.069976816238139533e-02 1.619958545513655663e+09
3.213194951921637121e-02 1.056757232934167504e+09
3.363094387046929729e-02 9.848503252335324287e+08
3.519986812322865172e-02 1.245307013864489317e+09
3.684198459207260745e-02 1.422896046782870770e+09
3.856070778250449138e-02 9.713208333624887466e+08
4.035961149084377197e-02 1.091901726121829510e+09
4.224243623533543990e-02 1.204495133559845209e+09
4.421309703392971302e-02 8.359946273839765787e+08
4.627569154490460829e-02 1.013703589992339253e+09
4.843450858725836805e-02 8.154373604747478962e+08
5.069403705858849252e-02 8.809052298822993040e+08
5.305897526900069106e-02 7.960839244212210178e+08
5.553424071045594268e-02 8.943143629512236118e+08
5.812498028186940946e-02 9.436836358922247887e+08
6.083658099122266766e-02 9.784117271092402935e+08
6.367468115694234487e-02 7.943261874496456385e+08
6.664518213183667772e-02 8.477666595344697237e+08
6.975426057396794111e-02 6.677470053915026188e+08
7.300838128997587384e-02 7.674353059642918110e+08
7.641431067755764805e-02 7.442541102609567642e+08
7.997913079505601652e-02 7.545154540979386568e+08
8.371025408741054885e-02 6.451141838908288479e+08
8.761543879909236554e-02 6.196789695373567343e+08
9.170280510607109470e-02 5.639864135882722139e+08
9.598085200035742781e-02 5.984634803976049423e+08
1.004584749622301765e-01 4.998340236283547282e+08
1.051449844568940195e-01 5.345811394359977841e+08
1.100501252940287722e-01 4.819097946407276392e+08
1.151840968904851020e-01 4.759640297496666312e+08
1.205575744782594882e-01 4.000559794960893393e+08
1.261817313018468445e-01 3.861904484582303166e+08
1.320682618511266337e-01 4.034530687953028083e+08
1.382294061780912076e-01 3.829281734422618747e+08
1.446779753479788821e-01 3.438264648070171475e+08
1.514273780777332656e-01 3.091145142512581348e+08
1.584916486171791816e-01 3.266821137810472250e+08
1.658854759308886484e-01 2.816082150445805788e+08
1.736242342414167639e-01 2.981953440418158770e+08
1.817240149974163610e-01 2.440277994053045213e+08
1.902016603331038169e-01 2.371597219125963748e+08
1.990747980886495849e-01 2.302630134643918872e+08
2.083618784643124222e-01 2.154726171851682365e+08
2.180822123845329585e-01 1.997067088245531321e+08
2.282560116517592663e-01 1.853288527103571892e+08
2.389044309734965343e-01 1.833371063365494609e+08
2.500496119499697190e-01 1.712151273110246062e+08
2.617147291138638421e-01 1.527454583480748832e+08
2.739240381178740802e-01 1.438072578780427575e+08
2.867029261702632170e-01 1.392654442129862905e+08
3.000779648232989039e-01 1.298919234842542559e+08
3.140769652243355914e-01 1.250806085776882619e+08
3.287290359444262067e-01 1.163467383517544866e+08
3.440646435047088891e-01 1.029303534692898840e+08
3.601156757264223351e-01 9.806777929204715788e+07
3.769155080362766030e-01 9.461848493744166195e+07
3.944990728650497602e-01 8.805974678660729527e+07
4.129029322837124427e-01 8.441906562575362623e+07
4.321653540281166217e-01 7.809091901066458225e+07
4.523263910703274604e-01 7.415591453573161364e+07
4.734279649020536884e-01 6.974879959840695560e+07
4.955139527033520785e-01 6.547523839991944283e+07
5.186302785778565960e-01 6.144732600175015628e+07
5.428250090442419129e-01 5.679900857469690591e+07
5.681484529824789576e-01 5.423063304534392804e+07
5.946532662427046478e-01 4.958204906829487532e+07
6.223945611342215356e-01 4.717514077624273300e+07
6.514300210222929710e-01 4.448754106861475855e+07
6.818200202710160696e-01 4.118870923979990184e+07
7.136277497816758686e-01 3.852283522625435889e+07
7.469193483876155337e-01 3.636498184112942964e+07
7.817640403788362891e-01 3.358942224516739696e+07
8.182342794422867716e-01 3.127261864280305803e+07
8.564058993171398404e-01 2.951422476580803841e+07
8.963582714783228100e-01 2.719404949827480689e+07
9.381744701761730587e-01 2.523656478602339700e+07
9.819414451753946116e-01 2.310940729186075553e+07
1.027750202552496051e+00 2.167926641873790324e+07
1.075695993927647365e+00 2.005325397416749969e+07
1.125878514524432994e+00 1.864064122015814111e+07
1.178402110469330522e+00 1.720733400379430875e+07
1.233375995761962995e+00 1.604707319510404393e+07
1.290914479367274659e+00 1.482957759391561896e+07
1.351137202901832923e+00 1.371875103294210322e+07
1.414169389408483246e+00 1.258223357006459311e+07
1.480142103736643344e+00 1.163748573011968285e+07
1.549192525069651882e+00 1.087112874986140244e+07
1.621464232165851449e+00 9.933013053714798763e+06
1.697107501906508942e+00 9.185044521101947874e+06
1.776279621771362560e+00 8.387406425313709304e+06
1.859145216891527452e+00 7.663004221171288751e+06
1.945876592359817581e+00 6.981378387706473470e+06
2.036654091510258002e+00 6.498363673940005712e+06
2.131666470911770972e+00 6.009688424468780868e+06
2.231111292855769257e+00 5.481448318932878785e+06
2.335195336153773393e+00 5.033268185090871528e+06
2.444135026099235386e+00 4.618494929460518993e+06
2.558156884487600369e+00 4.202607788446058519e+06
2.677498000630348152e+00 3.852589463809038047e+06
2.802406524342412553e+00 3.494520420864146203e+06
2.933142181928062087e+00 3.205783114140214864e+06
