3.069976816238139533e-02 5.878997160085899830e+08
3.213194951921637121e-02 2.714571586371585727e+08
3.363094387046929729e-02 6.129002914940004349e+08
3.519986812322865172e-02 4.641724278383044004e+08
3.684198459207260745e-02 4.931886787676593065e+08
3.856070778250449138e-02 4.791100242232267857e+08
4.035961149084377197e-02 4.225975264866719246e+08
4.224243623533543990e-02 4.305942952563666105e+08
4.421309703392971302e-02 2.752053100580149889e+08
4.627569154490460829e-02 4.203925499483972788e+08
4.843450858725836805e-02 3.264883684530344009e+08
5.069403705858849252e-02 4.401472713560793400e+08
5.305897526900069106e-02 6.054490618725453615e+08
5.553424071045594268e-02 3.634437636262800097e+08
5.812498028186940946e-02 4.392731694192322493e+08
6.083658099122266766e-02 3.445871019473582506e+08
6.367468115694234487e-02 3.916392407471960783e+08
6.664518213183667772e-02 3.491334880270169377e+08
6.975426057396794111e-02 2.851723309793329239e+08
7.300838128997587384e-02 2.894567142110316157e+08
7.641431067755764805e-02 2.908915044384944439e+08
7.997913079505601652e-02 2.659121716776641905e+08
8.371025408741054885e-02 2.690779597526842952e+08
8.761543879909236554e-02 2.588340181219914556e+08
9.170280510607109470e-02 2.934664740123136044e+08
9.598085200035742781e-02 2.251014053278284669e+08
1.004584749622301765e-01 2.708374933386457562e+08
1.051449844568940195e-01 2.622668630990399718e+08
1.100501252940287722e-01 2.524810138249415457e+08
1.151840968904851020e-01 2.181592058461494446e+08
1.205575744782594882e-01 2.272366039703942835e+08
1.261817313018468445e-01 2.170402938599998951e+08
1.320682618511266337e-01 2.082402127737087905e+08
1.382294061780912076e-01 1.782250209467090368e+08
1.446779753479788821e-01 2.090135813809065521e+08
1.514273780777332656e-01 1.689781317090749443e+08
1.584916486171791816e-01 1.693656885760458112e+08
1.658854759308886484e-01 1.703192264311840832e+08
1.736242342414167639e-01 1.646499909857073128e+08
1.817240149974163610e-01 1.542745448616065681e+08
1.902016603331038169e-01 1.465585289032830000e+08
1.990747980886495849e-01 1.337207385156955421e+08
2.083618784643124222e-01 1.420259278710783720e+08
2.180822123845329585e-01 1.333186622879878134e+08
2.282560116517592663e-01 1.241720166115461886e+08
2.389044309734965343e-01 1.231270490996780097e+08
2.500496119499697190e-01 1.108835990961400867e+08
2.617147291138638421e-01 1.057183244085831344e+08
2.739240381178740802e-01 1.015787250356550515e+08
2.867029261702632170e-01 9.403328770123238862e+07
3.000779648232989039e-01 9.086509651419027150e+07
3.140769652243355914e-01 8.542487204581458867e+07
3.287290359444262067e-01 8.137152997107477486e+07
3.440646435047088891e-01 7.875053466204333305e+07
3.601156757264223351e-01 7.294248867148771882e+07
3.769155080362766030e-01 6.704149013251534849e+07
3.944990728650497602e-01 6.266404149473691732e+07
4.129029322837124427e-01 5.965102359283940494e+07
4.321653540281166217e-01 5.471291549405416101e+07
4.523263910703274604e-01 5.280626076264424622e+07
4.734279649020536884e-01 4.906242079264974594e+07
4.955139527033520785e-01 4.670092949491030723e+07
5.186302785778565960e-01 4.425904012760296464e+07
5.428250090442419129e-01 4.185246815481498092e+07
5.681484529824789576e-01 3.971010497871436924e+07
5.946532662427046478e-01 3.776942048289502412e+07
6.223945611342215356e-01 3.516684895427865535e+07
6.514300210222929710e-01 3.391672965405964851e+07
6.818200202710160696e-01 3.167993937727202103e+07
7.136277497816758686e-01 2.968286707579755038e+07
7.469193483876155337e-01 2.775251237373883277e+07
7.817640403788362891e-01 2.670212029409800097e+07
8.182342794422867716e-01 2.512405107717248425e+07
8.564058993171398404e-01 2.327687305125264823e+07
8.963582714783228100e-01 2.167140650320480764e+07
9.381744701761730587e-01 2.028600400894743949e+07
9.819414451753946116e-01 1.987836203032236546e+07
1.027750202552496051e+00 1.831225775008792430e+07
1.075695993927647365e+00 1.761013879652521759e+07
1.125878514524432994e+00 1.668996195218743198e+07
1.178402110469330522e+00 1.602358065557180159e+07
1.233375995761962995e+00 1.606013976294577308e+07
1.290914479367274659e+00 1.588571189037696458e+07
1.351137202901832923e+00 1.565480624598649517e+07
1.414169389408483246e+00 1.444904280265099928e+07
1.480142103736643344e+00 1.294749406893268228e+07
1.549192525069651882e+00 1.166248966957890056e+07
1.621464232165851449e+00 1.049619280339395441e+07
1.697107501906508942e+00 9.385261981717549264e+06
1.776279621771362560e+00 8.357511686588276178e+06
1.859145216891527452e+00 7.564373298457185738e+06
1.945876592359817581e+00 6.727646576102335006e+06
2.036654091510258002e+00 6.041138668388006277e+06
2.131666470911770972e+00 5.501480599184649065e+06
2.231111292855769257e+00 5.047974712645024993e+06
2.335195336153773393e+00 4.659532738123459741e+06
2.444135026099235386e+00 4.161229951560548041e+06
2.558156884487600369e+00 3.669558972500845324e+06
2.677498000630348152e+00 3.432987940356418490e+06
2.802406524342412553e+00 3.182945084068143740e+06
2.933142181928062087e+00 2.950123316927252337e+06
