3.069976816238139533e-02 1.679466308663128614e+09
3.213194951921637121e-02 1.400386887799232006e+09
3.363094387046929729e-02 1.176391524986925125e+09
3.519986812322865172e-02 1.108372028748567820e+09
3.684198459207260745e-02 1.145016947954211950e+09
3.856070778250449138e-02 1.311461279743615389e+09
4.035961149084377197e-02 9.765458536705825329e+08
4.224243623533543990e-02 1.157496131125056744e+09
4.421309703392971302e-02 9.221107764438565969e+08
4.627569154490460829e-02 9.093345790570201874e+08
4.843450858725836805e-02 1.143663141000122786e+09
5.069403705858849252e-02 8.683033935159164667e+08
5.305897526900069106e-02 9.599962721767795086e+08
5.553424071045594268e-02 8.486771419589179754e+08
5.812498028186940946e-02 8.392235382582954168e+08
6.083658099122266766e-02 7.670220941443915367e+08
6.367468115694234487e-02 8.882790156862717867e+08
6.664518213183667772e-02 8.789541173178699017e+08
6.975426057396794111e-02 8.630933121462559700e+08
7.300838128997587384e-02 7.730807738241734505e+08
7.641431067755764805e-02 6.695523164963376522e+08
7.997913079505601652e-02 6.323412711290328503e+08
8.371025408741054885e-02 5.743620248835229874e+08
8.761543879909236554e-02 6.170252427708561420e+08
9.170280510607109470e-02 5.328032462461496592e+08
9.598085200035742781e-02 5.744171405630774498e+08
1.004584749622301765e-01 5.107371788909006119e+08
1.051449844568940195e-01 4.991988325611228347e+08
1.100501252940287722e-01 4.541167336288421154e+08
1.151840968904851020e-01 4.474073806770648956e+08
1.205575744782594882e-01 4.251011622728192210e+08
1.261817313018468445e-01 3.955972772722704411e+08
1.320682618511266337e-01 3.790718815845856667e+08
1.382294061780912076e-01 3.570321597246348262e+08
1.446779753479788821e-01 3.312467781708769798e+08
1.514273780777332656e-01 3.344584311005338430e+08
1.584916486171791816e-01 3.055621588698301315e+08
1.658854759308886484e-01 2.978248071307501793e+08
1.736242342414167639e-01 2.853398054894347191e+08
1.817240149974163610e-01 2.729965860087260604e+08
1.902016603331038169e-01 2.587014965363177359e+08
1.990747980886495849e-01 2.354211692202719748e+08
2.083618784643124222e-01 2.247285417616924047e+08
2.180822123845329585e-01 1.992927410136938095e+08
2.282560116517592663e-01 1.933308216948107779e+08
2.389044309734965343e-01 1.860397176989547908e+08
2.500496119499697190e-01 1.779786653960017860e+08
2.617147291138638421e-01 1.755189856579270363e+08
2.739240381178740802e-01 1.538954960217435956e+08
2.867029261702632170e-01 1.500354941041558385e+08
3.000779648232989039e-01 1.391047770885429084e+08
3.140769652243355914e-01 1.332330853103236854e+08
3.287290359444262067e-01 1.217529798908607364e+08
3.440646435047088891e-01 1.157366876675702035e+08
3.601156757264223351e-01 1.114480535146811455e+08
3.769155080362766030e-01 1.027292551420252472e+08
3.944990728650497602e-01 9.546342818746098876e+07
4.129029322837124427e-01 8.961791036662861705e+07
4.321653540281166217e-01 8.314426182782243192e+07
4.523263910703274604e-01 7.741220284601685405e+07
4.734279649020536884e-01 7.574386898488932848e+07
4.955139527033520785e-01 6.905476392855265737e+07
5.186302785778565960e-01 6.654031498168708384e+07
5.428250090442419129e-01 6.349854104397215694e+07
5.681484529824789576e-01 6.047564424059575796e+07
5.946532662427046478e-01 5.715137453262703866e+07
6.223945611342215356e-01 5.390833029301337898e+07
6.514300210222929710e-01 4.867667538501965255e+07
6.818200202710160696e-01 4.507595998739833385e+07
7.136277497816758686e-01 4.175784008424169570e+07
7.469193483876155337e-01 3.905866751398191601e+07
7.817640403788362891e-01 3.626584878329735994e+07
8.182342794422867716e-01 3.398455733575915545e+07
8.564058993171398404e-01 3.190015677192249149e+07
8.963582714783228100e-01 2.922315121239047125e+07
9.381744701761730587e-01 2.667654522858652472e+07
9.819414451753946116e-01 2.479313754706067592e+07
1.027750202552496051e+00 2.352389496263276786e+07
1.075695993927647365e+00 2.186886527224833518e+07
1.125878514524432994e+00 2.057123950821550563e+07
1.178402110469330522e+00 1.900329039718876407e+07
1.233375995761962995e+00 1.770869045548228547e+07
1.290914479367274659e+00 1.655304532164137065e+07
1.351137202901832923e+00 1.543733900366766937e+07
1.414169389408483246e+00 1.433546113130961731e+07
1.480142103736643344e+00 1.359885038334393129e+07
1.549192525069651882e+00 1.264436466328573041e+07
1.621464232165851449e+00 1.144703893356917426e+07
1.697107501906508942e+00 1.078799190745835379e+07
1.776279621771362560e+00 1.012928654950088449e+07
1.859145216891527452e+00 9.414239184202879667e+06
1.945876592359817581e+00 8.838930375868991017e+06
2.036654091510258002e+00 7.900219542193681002e+06
2.131666470911770972e+00 7.075089540055830963e+06
2.231111292855769257e+00 6.260308391769615933e+06
2.335195336153773393e+00 5.560365079166157171e+06
2.444135026099235386e+00 5.080074309540770017e+06
2.558156884487600369e+00 4.568290670587526634e+06
2.677498000630348152e+00 4.088979178473545238e+06
2.802406524342412553e+00 3.708274570413295645e+06
2.933142181928062087e+00 3.330311122162221465e+06
