3.069976816238139533e-02 7.108403053460698128e+08
3.213194951921637121e-02 7.022229206115746498e+08
3.363094387046929729e-02 6.214698424965941906e+08
3.519986812322865172e-02 7.151398022560269833e+08
3.684198459207260745e-02 6.890525700691112280e+08
3.856070778250449138e-02 6.095704545090734959e+08
4.035961149084377197e-02 4.631825328669050336e+08
4.224243623533543990e-02 8.120382274808105230e+08
4.421309703392971302e-02 4.573581480999006033e+08
4.627569154490460829e-02 5.457098775488661528e+08
4.843450858725836805e-02 5.033412892364619970e+08
5.069403705858849252e-02 4.924275611238079667e+08
5.305897526900069106e-02 3.990558781678514481e+08
5.553424071045594268e-02 5.356134807316958904e+08
5.812498028186940946e-02 5.051684962525321841e+08
6.083658099122266766e-02 4.757201453051052690e+08
6.367468115694234487e-02 3.832261399004763365e+08
6.664518213183667772e-02 3.797271838679346442e+08
6.975426057396794111e-02 3.726526972291276455e+08
7.300838128997587384e-02 3.545316832722866535e+08
7.641431067755764805e-02 3.163553327976856232e+08
7.997913079505601652e-02 2.839351340300422907e+08
8.371025408741054885e-02 2.786228747399236560e+08
8.761543879909236554e-02 2.960188262477016449e+08
9.170280510607109470e-02 2.467370464447694719e+08
9.598085200035742781e-02 2.498168299301165640e+08
1.004584749622301765e-01 2.206298670064056814e+08
1.051449844568940195e-01 2.293211241096796691e+08
1.100501252940287722e-01 2.064938901124410927e+08
1.151840968904851020e-01 1.886395745979781151e+08
1.205575744782594882e-01 1.942458931911966801e+08
1.261817313018468445e-01 1.663054778543201685e+08
1.320682618511266337e-01 1.569954465483601093e+08
1.382294061780912076e-01 1.517473889834574163e+08
1.446779753479788821e-01 1.466127213954707980e+08
1.514273780777332656e-01 1.355374300985974669e+08
1.584916486171791816e-01 1.334693167074181288e+08
1.658854759308886484e-01 1.423322061159437597e+08
1.736242342414167639e-01 1.284413072304046154e+08
1.817240149974163610e-01 1.134595359223406762e+08
1.902016603331038169e-01 1.129063880210509002e+08
1.990747980886495849e-01 9.976069076366280019e+07
2.083618784643124222e-01 9.589445524951507151e+07
2.180822123845329585e-01 9.436684945004808903e+07
2.282560116517592663e-01 9.066850397235837579e+07
2.389044309734965343e-01 7.544508779600682855e+07
2.500496119499697190e-01 7.705056541135801375e+07
2.617147291138638421e-01 6.484242073657736927e+07
2.739240381178740802e-01 6.394234423490389436e+07
2.867029261702632170e-01 5.849241170737966150e+07
3.000779648232989039e-01 5.461409801803314686e+07
3.140769652243355914e-01 4.818159517414968461e+07
3.287290359444262067e-01 4.432229616209185869e+07
3.440646435047088891e-01 4.188267778037233651e+07
3.601156757264223351e-01 3.793473773654256761e+07
3.769155080362766030e-01 3.502264947439164668e+07
3.944990728650497602e-01 3.355108903542689979e+07
4.129029322837124427e-01 2.971165093422784656e+07
4.321653540281166217e-01 2.632577272253547981e+07
4.523263910703274604e-01 2.462869608468953520e+07
4.734279649020536884e-01 2.319735276755056903e+07
4.955139527033520785e-01 1.996803517919350788e+07
5.186302785778565960e-01 1.876198829480317608e+07
5.428250090442419129e-01 1.693731614655592665e+07
5.681484529824789576e-01 1.432241487215230428e+07
5.946532662427046478e-01 1.294173785677440092e+07
6.223945611342215356e-01 1.267048089722022414e+07
6.514300210222929710e-01 1.151593077129498497e+07
6.818200202710160696e-01 1.099205206257159822e+07
7.136277497816758686e-01 9.546090852199997753e+06
7.469193483876155337e-01 8.879175571111332625e+06
7.817640403788362891e-01 7.911925852766448632e+06
8.182342794422867716e-01 7.539212527330705896e+06
8.564058993171398404e-01 6.910097315454666503e+06
8.963582714783228100e-01 6.262561704701675102e+06
9.381744701761730587e-01 5.774741481926842593e+06
9.819414451753946116e-01 5.168044670880840160e+06
1.027750202552496051e+00 5.026282760500905104e+06
1.075695993927647365e+00 5.067070095674454235e+06
1.125878514524432994e+00 4.760922560949663632e+06
1.178402110469330522e+00 4.433487030181296170e+06
1.233375995761962995e+00 4.336578866685949266e+06
1.290914479367274659e+00 3.843287925871383399e+06
1.351137202901832923e+00 3.579905986113178078e+06
1.414169389408483246e+00 3.400648746049887035e+06
1.480142103736643344e+00 3.152700730819458142e+06
1.549192525069651882e+00 2.893698613041606266e+06
1.621464232165851449e+00 2.637896713254520670e+06
1.697107501906508942e+00 2.482605231734619010e+06
1.776279621771362560e+00 2.311353477999737486e+06
1.859145216891527452e+00 2.065629774548408110e+06
1.945876592359817581e+00 1.913475094242432155e+06
2.036654091510258002e+00 1.709850573318209033e+06
2.131666470911770972e+00 1.488934335000436287e+06
2.231111292855769257e+00 1.340710877475962974e+06
2.335195336153773393e+00 1.179306396153487731e+06
2.444135026099235386e+00 1.063910721718664747e+06
2.558156884487600369e+00 1.012959658404199174e+06
2.677498000630348152e+00 9.856814832899131579e+05
2.802406524342412553e+00 9.645903378646678757e+05
2.933142181928062087e+00 9.311719195588461589e+05
