3.069976816238139533e-02 6.050027722809324265e+08
3.213194951921637121e-02 7.641480439893474579e+08
3.363094387046929729e-02 7.192110531495724916e+08
3.519986812322865172e-02 9.586469492658965588e+08
3.684198459207260745e-02 7.325573826973465681e+08
3.856070778250449138e-02 6.452309644976893663e+08
4.035961149084377197e-02 7.364924384241772890e+08
4.224243623533543990e-02 9.220196965536239147e+08
4.421309703392971302e-02 8.335091679887826443e+08
4.627569154490460829e-02 6.015288019777421951e+08
4.843450858725836805e-02 7.620203387847405672e+08
5.069403705858849252e-02 6.486481143429338932e+08
5.305897526900069106e-02 6.735788501975268126e+08
5.553424071045594268e-02 8.844760270761169195e+08
5.812498028186940946e-02 6.901125467796400785e+08
6.083658099122266766e-02 6.616919458724944592e+08
6.367468115694234487e-02 5.004167754738969803e+08
6.664518213183667772e-02 6.167482335948289633e+08
6.975426057396794111e-02 6.198817766200319529e+08
7.300838128997587384e-02 6.276702662308998108e+08
7.641431067755764805e-02 5.743628322208349705e+08
7.997913079505601652e-02 5.385568212487812042e+08
8.371025408741054885e-02 5.618911424293421507e+08
8.761543879909236554e-02 4.514273413547033668e+08
9.170280510607109470e-02 5.622286866645578146e+08
9.598085200035742781e-02 4.789626826286497116e+08
1.004584749622301765e-01 5.130487151573907733e+08
1.051449844568940195e-01 4.506877811719128489e+08
1.100501252940287722e-01 4.326075118960499763e+08
1.151840968904851020e-01 4.022069936554278135e+08
1.205575744782594882e-01 3.749960894307411313e+08
1.261817313018468445e-01 3.360401194936649799e+08
1.320682618511266337e-01 3.327152359694907069e+08
1.382294061780912076e-01 3.352941819108787179e+08
1.446779753479788821e-01 3.204683085767480731e+08
1.514273780777332656e-01 3.089570690230707526e+08
1.584916486171791816e-01 3.001502432603158355e+08
1.658854759308886484e-01 2.705911936621626616e+08
1.736242342414167639e-01 2.471394332747775912e+08
1.817240149974163610e-01 2.336433938911885619e+08
1.902016603331038169e-01 2.263368050574444234e+08
1.990747980886495849e-01 2.242515619086241722e+08
2.083618784643124222e-01 2.009713646656163335e+08
2.180822123845329585e-01 1.920284658057331145e+08
2.282560116517592663e-01 1.790761283716755807e+08
2.389044309734965343e-01 1.680979755104878247e+08
2.500496119499697190e-01 1.680358675169558525e+08
2.617147291138638421e-01 1.505341403565681875e+08
2.739240381178740802e-01 1.427375159927715063e+08
2.867029261702632170e-01 1.329781750843902975e+08
3.000779648232989039e-01 1.286485873416817486e+08
3.140769652243355914e-01 1.172076890828677118e+08
3.287290359444262067e-01 1.074440788026816100e+08
3.440646435047088891e-01 1.050378589635433555e+08
3.601156757264223351e-01 9.725575115343585610e+07
3.769155080362766030e-01 9.578382212372545898e+07
3.944990728650497602e-01 8.976953605077308416e+07
4.129029322837124427e-01 8.124561355571693182e+07
4.321653540281166217e-01 7.588412923780879378e+07
4.523263910703274604e-01 7.224584818181309104e+07
4.734279649020536884e-01 6.838581760442768037e+07
4.955139527033520785e-01 6.488138729953541607e+07
5.186302785778565960e-01 6.006687285626698285e+07
5.428250090442419129e-01 5.691562881535975635e+07
5.681484529824789576e-01 5.355738435294356197e+07
5.946532662427046478e-01 5.020820503885596991e+07
6.223945611342215356e-01 4.765562555355140567e+07
6.514300210222929710e-01 4.426534781090936065e+07
6.818200202710160696e-01 4.067124313828665763e+07
7.136277497816758686e-01 3.909890706959621608e+07
7.469193483876155337e-01 3.642701596975874156e+07
7.817640403788362891e-01 3.391913074225830287e+07
8.182342794422867716e-01 3.240986263344524801e+07
8.564058993171398404e-01 2.973130921149158850e+07
8.963582714783228100e-01 2.795251731610849127e+07
9.381744701761730587e-01 2.608572916863344610e+07
9.819414451753946116e-01 2.388424105688713863e+07
1.027750202552496051e+00 2.287225669891272485e+07
1.075695993927647365e+00 2.097184971957642585e+07
1.125878514524432994e+00 1.979660459395975620e+07
1.178402110469330522e+00 1.856207165302941948e+07
1.233375995761962995e+00 1.734615056491669267e+07
1.290914479367274659e+00 1.576166282506326959e+07
1.351137202901832923e+00 1.480656526296497509e+07
1.414169389408483246e+00 1.360214625426135585e+07
1.480142103736643344e+00 1.238330409388111345e+07
1.549192525069651882e+00 1.108634828240371868e+07
1.621464232165851449e+00 1.012666301974690333e+07
1.697107501906508942e+00 9.218691716276424006e+06
1.776279621771362560e+00 8.279013715106663294e+06
1.859145216891527452e+00 7.581099462976261973e+06
1.945876592359817581e+00 7.036309425766757689e+06
2.036654091510258002e+00 6.471347380555298179e+06
2.131666470911770972e+00 5.911372751219782978e+06
2.231111292855769257e+00 5.338303745936973020e+06
2.335195336153773393e+00 4.929294303838541731e+06
2.444135026099235386e+00 4.505168610625569709e+06
2.558156884487600369e+00 4.118423939672634937e+06
2.677498000630348152e+00 3.758664167099685874e+06
2.802406524342412553e+00 3.454427718996956479e+06
2.933142181928062087e+00 3.161025225681421347e+06
