3.069976816238139533e-02 0.000000000000000000e+00
3.213194951921637121e-02 4.937760534871339798e+07
3.363094387046929729e-02 4.306496351952880621e+07
3.519986812322865172e-02 3.755935651072773337e+07
3.684198459207260745e-02 3.277765313090331852e+07
3.856070778250449138e-02 2.856973827582999319e+07
4.035961149084377197e-02 1.397943211512095149e+04
4.224243623533543990e-02 4.348312750488767028e+07
4.421309703392971302e-02 1.895345725253584981e+07
4.627569154490460829e-02 1.654144639806524478e+07
4.843450858725836805e-02 2.887270208067582548e+07
5.069403705858849252e-02 4.029461854442940652e+07
5.305897526900069106e-02 3.291297553564196825e+07
5.553424071045594268e-02 4.784426090527494997e+07
5.812498028186940946e-02 3.336666398528826982e+07
6.083658099122266766e-02 1.455046429597918689e+07
6.367468115694234487e-02 3.174510706549888104e+07
6.664518213183667772e-02 3.324167105481750146e+07
6.975426057396794111e-02 2.530308540895500407e+07
7.300838128997587384e-02 2.525656846613932401e+07
7.641431067755764805e-02 2.574158840922203287e+07
7.997913079505601652e-02 1.924407346485873312e+07
8.371025408741054885e-02 1.397807809303294495e+07
8.761543879909236554e-02 1.705557534079485759e+07
9.170280510607109470e-02 2.128214055411067978e+07
9.598085200035742781e-02 2.224847866902292147e+07
1.004584749622301765e-01 1.780660184450319409e+07
1.051449844568940195e-01 1.977249045044614747e+07
1.100501252940287722e-01 1.640422224584228359e+07
1.151840968904851020e-01 2.580077997795162722e+07
1.205575744782594882e-01 2.998900284591291845e+07
1.261817313018468445e-01 3.190664945979338884e+07
1.320682618511266337e-01 2.993861709347941726e+07
1.382294061780912076e-01 2.929424304281029478e+07
1.446779753479788821e-01 2.344338473952682316e+07
1.514273780777332656e-01 2.566109730206337199e+07
1.584916486171791816e-01 2.513215042154419795e+07
1.658854759308886484e-01 2.093394667224226519e+07
1.736242342414167639e-01 2.173346956227931753e+07
1.817240149974163610e-01 2.108399945465046540e+07
1.902016603331038169e-01 2.357718981689057499e+07
1.990747980886495849e-01 1.917678791587823257e+07
2.083618784643124222e-01 2.136946675825675949e+07
2.180822123845329585e-01 2.078824994818744808e+07
2.282560116517592663e-01 1.997304045794089139e+07
2.389044309734965343e-01 2.368816843358937651e+07
2.500496119499697190e-01 2.257539578576053306e+07
2.617147291138638421e-01 2.374473491409653425e+07
2.739240381178740802e-01 2.172711836201002076e+07
2.867029261702632170e-01 2.022595769234516099e+07
3.000779648232989039e-01 2.231650824292921647e+07
3.140769652243355914e-01 2.051040805614744127e+07
3.287290359444262067e-01 2.166404480052394792e+07
3.440646435047088891e-01 2.133359033639318869e+07
3.601156757264223351e-01 2.017715098521535844e+07
3.769155080362766030e-01 2.103431743219909444e+07
3.944990728650497602e-01 2.057953478450004011e+07
4.129029322837124427e-01 2.037731220847663283e+07
4.321653540281166217e-01 1.941622421332258359e+07
4.523263910703274604e-01 1.825160179672552273e+07
4.734279649020536884e-01 1.784445529974095151e+07
4.955139527033520785e-01 1.713461097883017361e+07
5.186302785778565960e-01 1.738091078316299617e+07
5.428250090442419129e-01 1.651987198259898834e+07
5.681484529824789576e-01 1.624056557342873700e+07
5.946532662427046478e-01 1.566976209174490348e+07
6.223945611342215356e-01 1.539752777385857329e+07
6.514300210222929710e-01 1.464051873542545736e+07
6.818200202710160696e-01 1.462860495111130364e+07
7.136277497816758686e-01 1.407948007482438534e+07
7.469193483876155337e-01 1.412214585588539764e+07
7.817640403788362891e-01 1.369408426967782527e+07
8.182342794422867716e-01 1.319289635785629228e+07
8.564058993171398404e-01 1.282007699196110666e+07
8.963582714783228100e-01 1.269188657472270913e+07
9.381744701761730587e-01 1.213443003194632381e+07
9.819414451753946116e-01 1.200087795749693178e+07
1.027750202552496051e+00 1.153570647150530107e+07
1.075695993927647365e+00 1.177222875730535947e+07
1.125878514524432994e+00 1.170666099005723745e+07
1.178402110469330522e+00 1.114839709380795993e+07
1.233375995761962995e+00 9.947009420760523528e+06
1.290914479367274659e+00 9.148945381165537983e+06
1.351137202901832923e+00 8.205039788461826742e+06
1.414169389408483246e+00 7.370063397239562124e+06
1.480142103736643344e+00 6.787846937258803286e+06
1.549192525069651882e+00 6.335186520874486305e+06
1.621464232165851449e+00 5.638218614739174023e+06
1.697107501906508942e+00 4.954922648833340965e+06
1.776279621771362560e+00 4.502716359425242990e+06
1.859145216891527452e+00 4.140400826507362071e+06
1.945876592359817581e+00 3.881861936163964216e+06
2.036654091510258002e+00 3.623319695061402395e+06
2.131666470911770972e+00 3.345566098675271031e+06
2.231111292855769257e+00 3.136083980671004858e+06
2.335195336153773393e+00 3.049261256367323454e+06
2.444135026099235386e+00 2.873443931938780937e+06
2.558156884487600369e+00 2.750796973911362700e+06
2.677498000630348152e+00 2.640084753759068903e+06
2.802406524342412553e+00 2.540678719679527916e+06
2.933142181928062087e+00 2.529341074784451164e+06
