3.069976816238139533e-02 1.353687695707130194e+09
3.213194951921637121e-02 1.443873996980497122e+09
3.363094387046929729e-02 1.167516986438582659e+09
3.519986812322865172e-02 1.660623591530017614e+09
3.684198459207260745e-02 1.156738877492719650e+09
3.856070778250449138e-02 1.298097026070209265e+09
4.035961149084377197e-02 1.259811611158707619e+09
4.224243623533543990e-02 1.212341376619401932e+09
4.421309703392971302e-02 1.240211704971245050e+09
4.627569154490460829e-02 8.569163549889926910e+08
4.843450858725836805e-02 1.233972224195342064e+09
5.069403705858849252e-02 9.543634707770855427e+08
5.305897526900069106e-02 1.010223303707425952e+09
5.553424071045594268e-02 9.936844171328845024e+08
5.812498028186940946e-02 9.417143493294942379e+08
6.083658099122266766e-02 7.875360712999128103e+08
6.367468115694234487e-02 8.596525797393256426e+08
6.664518213183667772e-02 7.705465579078664780e+08
6.975426057396794111e-02 7.457087511612081528e+08
7.300838128997587384e-02 8.447101855520145893e+08
7.641431067755764805e-02 6.848439788726307154e+08
7.997913079505601652e-02 7.013529924835906029e+08
8.371025408741054885e-02 7.005255564690233469e+08
8.761543879909236554e-02 6.094096495585756302e+08
9.170280510607109470e-02 6.374416756947046518e+08
9.598085200035742781e-02 6.153837484161577225e+08
1.004584749622301765e-01 5.870502004120693207e+08
1.051449844568940195e-01 5.521891324084118605e+08
1.100501252940287722e-01 5.088803570538908839e+08
1.151840968904851020e-01 5.504351616163702011e+08
1.205575744782594882e-01 4.549509822310475111e+08
1.261817313018468445e-01 4.630891922715840936e+08
1.320682618511266337e-01 4.515990869393489957e+08
1.382294061780912076e-01 4.131358576789758205e+08
1.446779753479788821e-01 3.820048490980868340e+08
1.514273780777332656e-01 3.543092889057726860e+08
1.584916486171791816e-01 3.307522716260578632e+08
1.658854759308886484e-01 3.172105836844156384e+08
1.736242342414167639e-01 2.990305855545015335e+08
1.817240149974163610e-01 2.917798574041173458e+08
1.902016603331038169e-01 2.767165011113368273e+08
1.990747980886495849e-01 2.396544215434768200e+08
2.083618784643124222e-01 2.159646718772843480e+08
2.180822123845329585e-01 2.074716703941292763e+08
2.282560116517592663e-01 1.900698344187349081e+08
2.389044309734965343e-01 1.885780854657409489e+08
2.500496119499697190e-01 1.777203448437249959e+08
2.617147291138638421e-01 1.642639795238786042e+08
2.739240381178740802e-01 1.527536484075915217e+08
2.867029261702632170e-01 1.423576501584596932e+08
3.000779648232989039e-01 1.346894115251691639e+08
3.140769652243355914e-01 1.317134692386164367e+08
3.287290359444262067e-01 1.251019278417673558e+08
3.440646435047088891e-01 1.157286789279658049e+08
3.601156757264223351e-01 1.075747302845672816e+08
3.769155080362766030e-01 1.020980140424325615e+08
3.944990728650497602e-01 9.224662597472679615e+07
4.129029322837124427e-01 8.922931957693250477e+07
4.321653540281166217e-01 8.022939785314835608e+07
4.523263910703274604e-01 7.412258813863667846e+07
4.734279649020536884e-01 6.995767699475565553e+07
4.955139527033520785e-01 6.555308372543583065e+07
5.186302785778565960e-01 6.106489504049396515e+07
5.428250090442419129e-01 5.785887394845255464e+07
5.681484529824789576e-01 5.528259464992299676e+07
5.946532662427046478e-01 5.243025543359105289e+07
6.223945611342215356e-01 4.735368944825784117e+07
6.514300210222929710e-01 4.482741895574574172e+07
6.818200202710160696e-01 4.263081084674844891e+07
7.136277497816758686e-01 3.905986559922726452e+07
7.469193483876155337e-01 3.662604073985836655e+07
7.817640403788362891e-01 3.408639624429212511e+07
8.182342794422867716e-01 3.218896362715297565e+07
8.564058993171398404e-01 2.964237255646139383e+07
8.963582714783228100e-01 2.788633383995333686e+07
9.381744701761730587e-01 2.590750319280862063e+07
9.819414451753946116e-01 2.357133029100979120e+07
1.027750202552496051e+00 2.244895280100702867e+07
1.075695993927647365e+00 2.061721447939268127e+07
1.125878514524432994e+00 1.951176444184324145e+07
1.178402110469330522e+00 1.829273033467185870e+07
1.233375995761962995e+00 1.683090934359686077e+07
1.290914479367274659e+00 1.555715011810179986e+07
1.351137202901832923e+00 1.453079123093583435e+07
1.414169389408483246e+00 1.343979454158134572e+07
1.480142103736643344e+00 1.222212157549820282e+07
1.549192525069651882e+00 1.119459483002719842e+07
1.621464232165851449e+00 1.022736019800497591e+07
1.697107501906508942e+00 9.272487806488577276e+06
1.776279621771362560e+00 8.485467902019146830e+06
1.859145216891527452e+00 7.867088228682057932e+06
1.945876592359817581e+00 7.119382769288520329e+06
2.036654091510258002e+00 6.586455749850727618e+06
2.131666470911770972e+00 5.992485087974147871e+06
2.231111292855769257e+00 5.439281224610245787e+06
2.335195336153773393e+00 5.025472801212626509e+06
2.444135026099235386e+00 4.685419636911073700e+06
2.558156884487600369e+00 4.255428594665665179e+06
2.677498000630348152e+00 3.857179626456852071e+06
2.802406524342412553e+00 3.514513726645786781e+06
2.933142181928062087e+00 3.230388969905767590e+06
