3.069976816238139533e-02 1.513179034666096926e+09
3.213194951921637121e-02 1.228040316148095608e+09
3.363094387046929729e-02 1.148791564900685310e+09
3.519986812322865172e-02 1.161172695305586100e+09
3.684198459207260745e-02 1.172251812135430336e+09
3.856070778250449138e-02 1.221082349964394093e+09
4.035961149084377197e-02 1.023116850638839722e+09
4.224243623533543990e-02 1.183489407995582104e+09
4.421309703392971302e-02 1.298864477538527966e+09
4.627569154490460829e-02 1.062738631752794981e+09
4.843450858725836805e-02 1.108165897572303772e+09
5.069403705858849252e-02 9.329741614868123531e+08
5.305897526900069106e-02 1.146102363280442476e+09
5.553424071045594268e-02 9.165594068538939953e+08
5.812498028186940946e-02 1.119290727300738335e+09
6.083658099122266766e-02 1.069949303496239066e+09
6.367468115694234487e-02 9.425268324469044209e+08
6.664518213183667772e-02 9.212247260572804213e+08
6.975426057396794111e-02 7.658025057877559662e+08
7.300838128997587384e-02 7.668590357046937943e+08
7.641431067755764805e-02 7.532057683400073051e+08
7.997913079505601652e-02 6.786771254748224020e+08
8.371025408741054885e-02 7.211429126706700325e+08
8.761543879909236554e-02 6.072526493923215866e+08
9.170280510607109470e-02 5.727063609249260426e+08
9.598085200035742781e-02 6.224445758748059273e+08
1.004584749622301765e-01 5.506420099922084808e+08
1.051449844568940195e-01 5.621344389717339277e+08
1.100501252940287722e-01 4.617032422899555564e+08
1.151840968904851020e-01 4.924374440308696628e+08
1.205575744782594882e-01 4.448589031974892020e+08
1.261817313018468445e-01 4.216045883434366584e+08
1.320682618511266337e-01 3.812292418743070364e+08
1.382294061780912076e-01 3.763500621027061343e+08
1.446779753479788821e-01 3.358783835201155543e+08
1.514273780777332656e-01 3.246939954746822119e+08
1.584916486171791816e-01 3.112672806784131527e+08
1.658854759308886484e-01 2.889439458755363226e+08
1.736242342414167639e-01 2.772532469309018850e+08
1.817240149974163610e-01 2.629416262214854360e+08
1.902016603331038169e-01 2.345303694012194872e+08
1.990747980886495849e-01 2.283737757077815235e+08
2.083618784643124222e-01 2.027761686705131531e+08
2.180822123845329585e-01 1.872519585158031881e+08
2.282560116517592663e-01 1.886115826424267292e+08
2.389044309734965343e-01 1.824062286169294715e+08
2.500496119499697190e-01 1.705471169035684466e+08
2.617147291138638421e-01 1.565161710074924231e+08
2.739240381178740802e-01 1.504182676748960614e+08
2.867029261702632170e-01 1.392868247856669426e+08
3.000779648232989039e-01 1.347646524444494247e+08
3.140769652243355914e-01 1.254043975534562171e+08
3.287290359444262067e-01 1.145663328139984310e+08
3.440646435047088891e-01 1.077758577250432670e+08
3.601156757264223351e-01 1.042408426154365093e+08
3.769155080362766030e-01 9.756683766606223583e+07
3.944990728650497602e-01 9.022372344533190131e+07
4.129029322837124427e-01 8.341796618794521689e+07
4.321653540281166217e-01 7.630191093222421408e+07
4.523263910703274604e-01 7.434233730975991488e+07
4.734279649020536884e-01 6.875835784208945930e+07
4.955139527033520785e-01 6.313152244604976475e+07
5.186302785778565960e-01 5.918204646271977574e+07
5.428250090442419129e-01 5.568532609269719571e+07
5.681484529824789576e-01 5.349868322144187242e+07
5.946532662427046478e-01 5.059974622743237019e+07
6.223945611342215356e-01 4.855624838978051394e+07
6.514300210222929710e-01 4.468930606849587709e+07
6.818200202710160696e-01 4.107109486171898991e+07
7.136277497816758686e-01 3.771856151770136505e+07
7.469193483876155337e-01 3.623055528135821223e+07
7.817640403788362891e-01 3.414798340154744685e+07
8.182342794422867716e-01 3.171884806283889338e+07
8.564058993171398404e-01 2.934524221377627552e+07
8.963582714783228100e-01 2.743592837376965955e+07
9.381744701761730587e-01 2.535636819658060744e+07
9.819414451753946116e-01 2.395534917710925639e+07
1.027750202552496051e+00 2.218940025783584267e+07
1.075695993927647365e+00 2.069125712040784582e+07
1.125878514524432994e+00 1.900400837762221321e+07
1.178402110469330522e+00 1.758545071791574731e+07
1.233375995761962995e+00 1.622806593559912220e+07
1.290914479367274659e+00 1.538815323706929013e+07
1.351137202901832923e+00 1.438163433796115220e+07
1.414169389408483246e+00 1.307982948550689220e+07
1.480142103736643344e+00 1.189991365681515448e+07
1.549192525069651882e+00 1.109245904636133835e+07
1.621464232165851449e+00 1.028542344749819301e+07
1.697107501906508942e+00 9.355703534050052986e+06
1.776279621771362560e+00 8.513577229652045295e+06
1.859145216891527452e+00 7.829291779595755972e+06
1.945876592359817581e+00 7.027813536675021984e+06
2.036654091510258002e+00 6.351764038824470714e+06
2.131666470911770972e+00 5.768461945820993744e+06
2.231111292855769257e+00 5.275069521523286588e+06
2.335195336153773393e+00 4.798613497316858731e+06
2.444135026099235386e+00 4.328827368658700958e+06
2.558156884487600369e+00 3.937755284616799559e+06
2.677498000630348152e+00 3.628061463109611068e+06
2.802406524342412553e+00 3.350869656293451786e+06
2.933142181928062087e+00 3.136209517050194088e+06
