3.069976816238139533e-02 1.404861185550770998e+09
3.213194951921637121e-02 1.356884930044678211e+09
3.363094387046929729e-02 1.625777327169299126e+09
3.519986812322865172e-02 1.235311740960722446e+09
3.684198459207260745e-02 1.290519525943292379e+09
3.856070778250449138e-02 1.324820588086028337e+09
4.035961149084377197e-02 1.112493000740271330e+09
4.224243623533543990e-02 1.007047320010330558e+09
4.421309703392971302e-02 9.856413325688790083e+08
4.627569154490460829e-02 9.086984542819643021e+08
4.843450858725836805e-02 1.038402409228438258e+09
5.069403705858849252e-02 1.036899241309717894e+09
5.305897526900069106e-02 1.013134842701588392e+09
5.553424071045594268e-02 8.533771632883195877e+08
5.812498028186940946e-02 8.166922637851152420e+08
6.083658099122266766e-02 7.728756513546608686e+08
6.367468115694234487e-02 8.360810448217949867e+08
6.664518213183667772e-02 7.947219730797806978e+08
6.975426057396794111e-02 8.429677656707491875e+08
7.300838128997587384e-02 7.725059655897593498e+08
7.641431067755764805e-02 6.396902612419319153e+08
7.997913079505601652e-02 6.541992839340007305e+08
8.371025408741054885e-02 6.185453483203629255e+08
8.761543879909236554e-02 6.983663174894775152e+08
9.170280510607109470e-02 5.936021785883053541e+08
9.598085200035742781e-02 5.668091140356912613e+08
1.004584749622301765e-01 5.395487812784712315e+08
1.051449844568940195e-01 5.188537753668132424e+08
1.100501252940287722e-01 5.058193550005383492e+08
1.151840968904851020e-01 4.397483771347635984e+08
1.205575744782594882e-01 4.182106176502224207e+08
1.261817313018468445e-01 4.100503949627659321e+08
1.320682618511266337e-01 3.812848988754993677e+08
1.382294061780912076e-01 3.576650599692558050e+08
1.446779753479788821e-01 3.464442586655496359e+08
1.514273780777332656e-01 3.303824183030545115e+08
1.584916486171791816e-01 3.086685748254385591e+08
1.658854759308886484e-01 2.980200231612924337e+08
1.736242342414167639e-01 2.706295275641306043e+08
1.817240149974163610e-01 2.638129503655623496e+08
1.902016603331038169e-01 2.513564546512115896e+08
1.990747980886495849e-01 2.261261254388172925e+08
2.083618784643124222e-01 2.121350134656647742e+08
2.180822123845329585e-01 2.035912964794393480e+08
2.282560116517592663e-01 1.933362764948180020e+08
2.389044309734965343e-01 1.804621847624912560e+08
2.500496119499697190e-01 1.693996503501959443e+08
2.617147291138638421e-01 1.586981659106984437e+08
2.739240381178740802e-01 1.514404858227685094e+08
2.867029261702632170e-01 1.425746001927623153e+08
3.000779648232989039e-01 1.295792427080467790e+08
3.140769652243355914e-01 1.232874283645426631e+08
3.287290359444262067e-01 1.151226430405659229e+08
3.440646435047088891e-01 1.055379611884020567e+08
3.601156757264223351e-01 1.010436742371126562e+08
3.769155080362766030e-01 9.547049035006193817e+07
3.944990728650497602e-01 8.722635453049325943e+07
4.129029322837124427e-01 8.167614222976811230e+07
4.321653540281166217e-01 8.011096339723028243e+07
4.523263910703274604e-01 7.340563264123332500e+07
4.734279649020536884e-01 6.882562322711409628e+07
4.955139527033520785e-01 6.517440557172346860e+07
5.186302785778565960e-01 6.074141933045898378e+07
5.428250090442419129e-01 5.416499660896438360e+07
5.681484529824789576e-01 5.384360474178720266e+07
5.946532662427046478e-01 4.937321970400486141e+07
6.223945611342215356e-01 4.726263774762825668e+07
6.514300210222929710e-01 4.521027070484974980e+07
6.818200202710160696e-01 4.083866555991114676e+07
7.136277497816758686e-01 3.811612664591807872e+07
7.469193483876155337e-01 3.691044854783338308e+07
7.817640403788362891e-01 3.334783578260364383e+07
8.182342794422867716e-01 3.172258195511433482e+07
8.564058993171398404e-01 2.981390384188557044e+07
8.963582714783228100e-01 2.719422217765383050e+07
9.381744701761730587e-01 2.538893590273964778e+07
9.819414451753946116e-01 2.358474285991997644e+07
1.027750202552496051e+00 2.171060923993997276e+07
1.075695993927647365e+00 2.006191340318162367e+07
1.125878514524432994e+00 1.856848760080597922e+07
1.178402110469330522e+00 1.756268657506919652e+07
1.233375995761962995e+00 1.604531740882561915e+07
1.290914479367274659e+00 1.474073974361938983e+07
1.351137202901832923e+00 1.381883789329594932e+07
1.414169389408483246e+00 1.271537650871585868e+07
1.480142103736643344e+00 1.166761015681376308e+07
1.549192525069651882e+00 1.078732047136984766e+07
1.621464232165851449e+00 9.981720775378020480e+06
1.697107501906508942e+00 9.048080680816926062e+06
1.776279621771362560e+00 8.348586857552707195e+06
1.859145216891527452e+00 7.707455993976115249e+06
1.945876592359817581e+00 7.141520417771789245e+06
2.036654091510258002e+00 6.524098057277160697e+06
2.131666470911770972e+00 6.029429441358393058e+06
2.231111292855769257e+00 5.574492544207543135e+06
2.335195336153773393e+00 5.053966200536703691e+06
2.444135026099235386e+00 4.627212090645141900e+06
2.558156884487600369e+00 4.245697575537294149e+06
2.677498000630348152e+00 3.827150677383332979e+06
2.802406524342412553e+00 3.500861481292982120e+06
2.933142181928062087e+00 3.216916236941225361e+06
