3.069976816238139533e-02 9.512491925881390572e+08
3.213194951921637121e-02 1.036092544027213216e+09
3.363094387046929729e-02 1.035142964054291725e+09
3.519986812322865172e-02 9.233588702860693932e+08
3.684198459207260745e-02 1.112964521185496569e+09
3.856070778250449138e-02 9.125114960868577957e+08
4.035961149084377197e-02 9.103649424698333740e+08
4.224243623533543990e-02 7.287157905245721340e+08
4.421309703392971302e-02 6.228032693485655785e+08
4.627569154490460829e-02 6.412801005508880615e+08
4.843450858725836805e-02 8.364172570716176033e+08
5.069403705858849252e-02 7.574126239642988443e+08
5.305897526900069106e-02 8.115431790754098892e+08
5.553424071045594268e-02 7.167459818889422417e+08
5.812498028186940946e-02 6.545798011023607254e+08
6.083658099122266766e-02 6.044631175502707958e+08
6.367468115694234487e-02 7.156412687591862679e+08
6.664518213183667772e-02 6.011337519099211693e+08
6.975426057396794111e-02 5.711255537780102491e+08
7.300838128997587384e-02 6.369825602469706535e+08
7.641431067755764805e-02 6.394864199674084187e+08
7.997913079505601652e-02 5.493010097598429918e+08
8.371025408741054885e-02 6.144125808008973598e+08
8.761543879909236554e-02 6.143156232651621103e+08
9.170280510607109470e-02 5.068973194596399069e+08
9.598085200035742781e-02 5.202736432360590696e+08
1.004584749622301765e-01 5.075856229498156905e+08
1.051449844568940195e-01 4.932478058530272245e+08
1.100501252940287722e-01 4.338204723653735518e+08
1.151840968904851020e-01 4.032617834111019373e+08
1.205575744782594882e-01 3.804973407199504375e+08
1.261817313018468445e-01 3.404966964879775047e+08
1.320682618511266337e-01 3.718047885653691292e+08
1.382294061780912076e-01 3.561326502538598776e+08
1.446779753479788821e-01 3.141155390252594948e+08
1.514273780777332656e-01 3.168329984711194038e+08
1.584916486171791816e-01 2.752712275509451032e+08
1.658854759308886484e-01 2.830698833502295613e+08
1.736242342414167639e-01 2.571273188117595017e+08
1.817240149974163610e-01 2.458337006613174677e+08
1.902016603331038169e-01 2.250923726683223844e+08
1.990747980886495849e-01 2.129229064354003370e+08
2.083618784643124222e-01 2.083299431297609210e+08
2.180822123845329585e-01 1.963508722033380866e+08
2.282560116517592663e-01 1.815998285750544369e+08
2.389044309734965343e-01 1.769085520237340629e+08
2.500496119499697190e-01 1.571747238315763772e+08
2.617147291138638421e-01 1.517211328326821327e+08
2.739240381178740802e-01 1.441327611667576432e+08
2.867029261702632170e-01 1.346183586251825094e+08
3.000779648232989039e-01 1.253743468494387418e+08
3.140769652243355914e-01 1.202874732641916573e+08
3.287290359444262067e-01 1.139607292672488242e+08
3.440646435047088891e-01 1.039824466602938473e+08
3.601156757264223351e-01 1.002667544625649452e+08
3.769155080362766030e-01 9.145737094170510769e+07
3.944990728650497602e-01 8.596430643942414224e+07
4.129029322837124427e-01 7.803250411776648462e+07
4.321653540281166217e-01 7.555097273763902485e+07
4.523263910703274604e-01 6.995805331180194020e+07
4.734279649020536884e-01 6.889421775490523875e+07
4.955139527033520785e-01 6.260405490293730050e+07
5.186302785778565960e-01 5.925968030559881032e+07
5.428250090442419129e-01 5.476613097943857312e+07
5.681484529824789576e-01 5.043113881282893568e+07
5.946532662427046478e-01 4.884182509470653534e+07
6.223945611342215356e-01 4.478921286726578325e+07
6.514300210222929710e-01 4.200779696545770019e+07
6.818200202710160696e-01 3.982373256602736562e+07
7.136277497816758686e-01 3.761971797735937685e+07
7.469193483876155337e-01 3.467125448453830183e+07
7.817640403788362891e-01 3.259326516031241789e+07
8.182342794422867716e-01 3.081528150420392305e+07
8.564058993171398404e-01 2.844609212298507243e+07
8.963582714783228100e-01 2.618310337895569950e+07
9.381744701761730587e-01 2.498310305294033512e+07
9.819414451753946116e-01 2.307403457892309874e+07
1.027750202552496051e+00 2.156199331835002080e+07
1.075695993927647365e+00 2.020460423154126480e+07
1.125878514524432994e+00 1.886192245674605668e+07
1.178402110469330522e+00 1.753678762565721199e+07
1.233375995761962995e+00 1.637487124125217274e+07
1.290914479367274659e+00 1.512078950487834401e+07
1.351137202901832923e+00 1.392763833085556515e+07
1.414169389408483246e+00 1.290156862786319479e+07
1.480142103736643344e+00 1.183137716929974034e+07
1.549192525069651882e+00 1.078449859140632674e+07
1.621464232165851449e+00 1.001441623838016018e+07
1.697107501906508942e+00 9.204457662152834237e+06
1.776279621771362560e+00 8.276905933616019785e+06
1.859145216891527452e+00 7.605994996835428290e+06
1.945876592359817581e+00 6.852445324711589143e+06
2.036654091510258002e+00 6.275323221652938984e+06
2.131666470911770972e+00 5.772028700351120904e+06
2.231111292855769257e+00 5.286612883963927627e+06
2.335195336153773393e+00 4.783142518265318125e+06
2.444135026099235386e+00 4.389652422084651887e+06
2.558156884487600369e+00 4.000122219200830907e+06
2.677498000630348152e+00 3.646400548674166203e+06
2.802406524342412553e+00 3.345830994797776919e+06
2.933142181928062087e+00 3.014412123757305089e+06
