3.069976816238139533e-02 1.132311610512642115e+08
3.213194951921637121e-02 4.937915190958791226e+07
3.363094387046929729e-02 8.613299681348147988e+07
3.519986812322865172e-02 3.756096337748491019e+07
3.684198459207260745e-02 3.275873223586658388e+07
3.856070778250449138e-02 1.142795148508275151e+08
4.035961149084377197e-02 9.967013578283225000e+07
4.224243623533543990e-02 4.346532300946170837e+07
4.421309703392971302e-02 1.895413967182826996e+07
4.627569154490460829e-02 6.612371164277002960e+07
4.843450858725836805e-02 4.325201547807323188e+07
5.069403705858849252e-02 3.772296797814665735e+07
5.305897526900069106e-02 4.386744346093416214e+07
5.553424071045594268e-02 8.608145890906442702e+07
5.812498028186940946e-02 5.005262593925113976e+07
6.083658099122266766e-02 5.092839733492438495e+07
6.367468115694234487e-02 6.345308165145657212e+07
6.664518213183667772e-02 7.194387930175627768e+07
6.975426057396794111e-02 4.826772828943040967e+07
7.300838128997587384e-02 5.893531713604336977e+07
7.641431067755764805e-02 6.975823739778676629e+07
7.997913079505601652e-02 6.404138311826127023e+07
8.371025408741054885e-02 5.585515633244057000e+07
8.761543879909236554e-02 6.820237897155307233e+07
9.170280510607109470e-02 4.673706547750878334e+07
9.598085200035742781e-02 7.411007304409562051e+07
1.004584749622301765e-01 6.625344626144888997e+07
1.051449844568940195e-01 6.060125027805754542e+07
1.100501252940287722e-01 8.358263304730117321e+07
1.151840968904851020e-01 5.789091618891732395e+07
1.205575744782594882e-01 7.012518818605238199e+07
1.261817313018468445e-01 5.219603735494451970e+07
1.320682618511266337e-01 5.334530214697878808e+07
1.382294061780912076e-01 6.886053817026261985e+07
1.446779753479788821e-01 4.707364420269580930e+07
1.514273780777332656e-01 6.088694643579595536e+07
1.584916486171791816e-01 6.092509692900447547e+07
1.658854759308886484e-01 5.206769376967580616e+07
1.736242342414167639e-01 5.678173328548450023e+07
1.817240149974163610e-01 6.256685494102852792e+07
1.902016603331038169e-01 5.435189178849393874e+07
1.990747980886495849e-01 5.074606569477104396e+07
2.083618784643124222e-01 5.860190434667604417e+07
2.180822123845329585e-01 5.744697430465998501e+07
2.282560116517592663e-01 5.738210108349341154e+07
2.389044309734965343e-01 6.007388102121061087e+07
2.500496119499697190e-01 6.077181900682277232e+07
2.617147291138638421e-01 5.981573496815324575e+07
2.739240381178740802e-01 5.765901206367392093e+07
2.867029261702632170e-01 5.847416564135374129e+07
3.000779648232989039e-01 5.630995927264244109e+07
3.140769652243355914e-01 5.447552481441546232e+07
3.287290359444262067e-01 5.666708107459706813e+07
3.440646435047088891e-01 5.588477797381104529e+07
3.601156757264223351e-01 5.275317621802295744e+07
3.769155080362766030e-01 5.193566906264235079e+07
3.944990728650497602e-01 5.208447503891993314e+07
4.129029322837124427e-01 5.180081069148779660e+07
4.321653540281166217e-01 5.648489785147627443e+07
4.523263910703274604e-01 4.698739275186246634e+07
4.734279649020536884e-01 4.272293455950326473e+07
4.955139527033520785e-01 3.785551786182012409e+07
5.186302785778565960e-01 3.622940312395269424e+07
5.428250090442419129e-01 3.133105008193524554e+07
5.681484529824789576e-01 2.921402581933664903e+07
5.946532662427046478e-01 2.655374166317984089e+07
6.223945611342215356e-01 2.388106948012628779e+07
6.514300210222929710e-01 2.305284395694746450e+07
6.818200202710160696e-01 1.971417546337883919e+07
7.136277497816758686e-01 1.738670209082486108e+07
7.469193483876155337e-01 1.519613418024444766e+07
7.817640403788362891e-01 1.366633779784354568e+07
8.182342794422867716e-01 1.185455496064945497e+07
8.564058993171398404e-01 1.061740942741165869e+07
8.963582714783228100e-01 9.867034729305602610e+06
9.381744701761730587e-01 8.728009783427832648e+06
9.819414451753946116e-01 8.345369602330626920e+06
1.027750202552496051e+00 7.808318237800003961e+06
1.075695993927647365e+00 7.102251073224437423e+06
1.125878514524432994e+00 6.613996486515869386e+06
1.178402110469330522e+00 5.779394802991104312e+06
1.233375995761962995e+00 5.117058986139392480e+06
1.290914479367274659e+00 4.580038717320788652e+06
1.351137202901832923e+00 4.007564432595220860e+06
1.414169389408483246e+00 3.498608445102152880e+06
1.480142103736643344e+00 3.068232920254527126e+06
1.549192525069651882e+00 2.868260802956559695e+06
1.621464232165851449e+00 2.614004838541666046e+06
1.697107501906508942e+00 2.334593467984633520e+06
1.776279621771362560e+00 2.214363772646859754e+06
1.859145216891527452e+00 2.053023667016982101e+06
1.945876592359817581e+00 1.809371297515199520e+06
2.036654091510258002e+00 1.668624365011296002e+06
2.131666470911770972e+00 1.493408908990303287e+06
2.231111292855769257e+00 1.373625740847855806e+06
2.335195336153773393e+00 1.258720988870216999e+06
2.444135026099235386e+00 1.132366296373434598e+06
2.558156884487600369e+00 1.068874204598557670e+06
2.677498000630348152e+00 1.000246897028461564e+06
2.802406524342412553e+00 9.445258956547394628e+05
2.933142181928062087e+00 8.862995477155478438e+05
