3.069976816238139533e-02 5.079095496264437437e+08
3.213194951921637121e-02 4.998821615827226043e+08
3.363094387046929729e-02 6.166092035252274275e+08
3.519986812322865172e-02 5.233330437680441737e+08
3.684198459207260745e-02 4.425067155335615873e+08
3.856070778250449138e-02 9.282091065295169353e+08
4.035961149084377197e-02 6.910241158525141478e+08
4.224243623533543990e-02 6.201194430248851776e+08
4.421309703392971302e-02 7.475567275320234299e+08
4.627569154490460829e-02 8.407133649308301210e+08
4.843450858725836805e-02 5.845804664160428047e+08
5.069403705858849252e-02 5.707689888796236515e+08
5.305897526900069106e-02 5.498698703787312508e+08
5.553424071045594268e-02 7.744762865839475393e+08
5.812498028186940946e-02 6.062024289635999203e+08
6.083658099122266766e-02 6.083259531294243336e+08
6.367468115694234487e-02 6.712325493519780636e+08
6.664518213183667772e-02 6.379259095190849304e+08
6.975426057396794111e-02 6.852025978248381615e+08
7.300838128997587384e-02 7.199543907690181732e+08
7.641431067755764805e-02 7.294082909388782978e+08
7.997913079505601652e-02 7.715558521057143211e+08
8.371025408741054885e-02 6.419917108836930990e+08
8.761543879909236554e-02 6.021678942408297062e+08
9.170280510607109470e-02 5.359889037922633886e+08
9.598085200035742781e-02 5.315811113888611197e+08
1.004584749622301765e-01 5.438495516008081436e+08
1.051449844568940195e-01 5.283321453408459425e+08
1.100501252940287722e-01 5.164933271310359240e+08
1.151840968904851020e-01 4.902787024054480791e+08
1.205575744782594882e-01 4.781816070274557471e+08
1.261817313018468445e-01 4.877435642015569806e+08
1.320682618511266337e-01 4.661559914788754582e+08
1.382294061780912076e-01 4.054769922376901507e+08
1.446779753479788821e-01 4.183791671128867269e+08
1.514273780777332656e-01 4.189527408783413172e+08
1.584916486171791816e-01 3.767672623596448302e+08
1.658854759308886484e-01 3.735204500746744275e+08
1.736242342414167639e-01 3.848278042594075799e+08
1.817240149974163610e-01 3.390770839156938195e+08
1.902016603331038169e-01 3.476855965097475052e+08
1.990747980886495849e-01 3.202527198428589106e+08
2.083618784643124222e-01 3.014763345321405530e+08
2.180822123845329585e-01 2.739890178023084402e+08
2.282560116517592663e-01 2.588893526280395389e+08
2.389044309734965343e-01 2.581723114120511115e+08
2.500496119499697190e-01 2.309774497604572475e+08
2.617147291138638421e-01 2.181104638469743729e+08
2.739240381178740802e-01 1.983466951207412481e+08
2.867029261702632170e-01 1.832667496551546752e+08
3.000779648232989039e-01 1.849986621475189030e+08
3.140769652243355914e-01 1.673069677219623029e+08
3.287290359444262067e-01 1.591643826282624900e+08
3.440646435047088891e-01 1.488938474210590124e+08
3.601156757264223351e-01 1.323901800230058581e+08
3.769155080362766030e-01 1.233474832497024983e+08
3.944990728650497602e-01 1.150717861755724996e+08
4.129029322837124427e-01 1.047799365589911789e+08
4.321653540281166217e-01 9.746188356285542250e+07
4.523263910703274604e-01 9.113381292448107898e+07
4.734279649020536884e-01 8.278647589321923256e+07
4.955139527033520785e-01 7.849838983694709837e+07
5.186302785778565960e-01 7.214028468097417057e+07
5.428250090442419129e-01 6.805198818116250634e+07
5.681484529824789576e-01 6.119258254547047615e+07
5.946532662427046478e-01 5.911636566137742251e+07
6.223945611342215356e-01 5.504021185917473584e+07
6.514300210222929710e-01 5.100976063359246403e+07
6.818200202710160696e-01 4.688612566509318352e+07
7.136277497816758686e-01 4.217285575175222009e+07
7.469193483876155337e-01 3.890440885374570638e+07
7.817640403788362891e-01 3.549899281753342599e+07
8.182342794422867716e-01 3.191517844904317334e+07
8.564058993171398404e-01 2.946911230996447802e+07
8.963582714783228100e-01 2.714212446976097301e+07
9.381744701761730587e-01 2.552206430483592674e+07
9.819414451753946116e-01 2.343979926298399642e+07
1.027750202552496051e+00 2.195472450607214868e+07
1.075695993927647365e+00 2.006336309371507168e+07
1.125878514524432994e+00 1.844278541136904433e+07
1.178402110469330522e+00 1.712194122032235935e+07
1.233375995761962995e+00 1.565772701447398402e+07
1.290914479367274659e+00 1.410570957323857211e+07
1.351137202901832923e+00 1.288897341453516297e+07
1.414169389408483246e+00 1.135321176150561310e+07
1.480142103736643344e+00 1.038993947437836230e+07
1.549192525069651882e+00 9.288976670421840623e+06
1.621464232165851449e+00 8.462925515107385814e+06
1.697107501906508942e+00 7.764021588433886878e+06
1.776279621771362560e+00 7.204257732762549073e+06
1.859145216891527452e+00 6.752342930998931639e+06
1.945876592359817581e+00 6.191675727922318503e+06
2.036654091510258002e+00 5.754431204904597253e+06
2.131666470911770972e+00 5.312067812841863371e+06
2.231111292855769257e+00 4.804318965576715767e+06
2.335195336153773393e+00 4.326973641938769259e+06
2.444135026099235386e+00 3.877214730322671589e+06
2.558156884487600369e+00 3.508714444900884293e+06
2.677498000630348152e+00 3.194189181058597751e+06
2.802406524342412553e+00 2.850687011435845401e+06
2.933142181928062087e+00 2.630608780488690361e+06
