3.069976816238139533e-02 1.134468343749118567e+09
3.213194951921637121e-02 1.305964807924088955e+09
3.363094387046929729e-02 1.153996661211120129e+09
3.519986812322865172e-02 1.331075622984643698e+09
3.684198459207260745e-02 1.139403225507055998e+09
3.856070778250449138e-02 1.253203815503164768e+09
4.035961149084377197e-02 9.657837151176617146e+08
4.224243623533543990e-02 1.094395180480552912e+09
4.421309703392971302e-02 8.780659813518099785e+08
4.627569154490460829e-02 9.026293236500260830e+08
4.843450858725836805e-02 1.103314035686088562e+09
5.069403705858849252e-02 9.426491144989595413e+08
5.305897526900069106e-02 1.029485623331920624e+09
5.553424071045594268e-02 8.926414817801625729e+08
5.812498028186940946e-02 8.524044124423152208e+08
6.083658099122266766e-02 7.463701631154637337e+08
6.367468115694234487e-02 8.982412948292646408e+08
6.664518213183667772e-02 8.048768994167313576e+08
6.975426057396794111e-02 7.766295415829592943e+08
7.300838128997587384e-02 7.648221616280698776e+08
7.641431067755764805e-02 6.857568502402108908e+08
7.997913079505601652e-02 5.706285062505384684e+08
8.371025408741054885e-02 5.829250553818385601e+08
8.761543879909236554e-02 5.248230370593273640e+08
9.170280510607109470e-02 6.129675899340605736e+08
9.598085200035742781e-02 5.038062617021845579e+08
1.004584749622301765e-01 4.953796784227185249e+08
1.051449844568940195e-01 4.553630797648010254e+08
1.100501252940287722e-01 4.449503852537699938e+08
1.151840968904851020e-01 4.269374149507915378e+08
1.205575744782594882e-01 3.928238884457409382e+08
1.261817313018468445e-01 4.166836786066856980e+08
1.320682618511266337e-01 3.507295017210270166e+08
1.382294061780912076e-01 3.551215456126506925e+08
1.446779753479788821e-01 3.049124445680851936e+08
1.514273780777332656e-01 3.293472670500015020e+08
1.584916486171791816e-01 2.988224115014770031e+08
1.658854759308886484e-01 2.777860700520436764e+08
1.736242342414167639e-01 2.799940208585704565e+08
1.817240149974163610e-01 2.565967989868020415e+08
1.902016603331038169e-01 2.394612336775495112e+08
1.990747980886495849e-01 2.242609360397843719e+08
2.083618784643124222e-01 2.100929159867375195e+08
2.180822123845329585e-01 1.937608699533919990e+08
2.282560116517592663e-01 1.942866623053041697e+08
2.389044309734965343e-01 1.751606676044276655e+08
2.500496119499697190e-01 1.692833530220656991e+08
2.617147291138638421e-01 1.559591727094759345e+08
2.739240381178740802e-01 1.484220253423267603e+08
2.867029261702632170e-01 1.329091719892892092e+08
3.000779648232989039e-01 1.321870296166940033e+08
3.140769652243355914e-01 1.241951986406527758e+08
3.287290359444262067e-01 1.197043700598412007e+08
3.440646435047088891e-01 1.097920363180929720e+08
3.601156757264223351e-01 1.029632512947911173e+08
3.769155080362766030e-01 9.823058856039381027e+07
3.944990728650497602e-01 9.221303653735432029e+07
4.129029322837124427e-01 8.562710659460559487e+07
4.321653540281166217e-01 8.042456426369789243e+07
4.523263910703274604e-01 7.525840679472778738e+07
4.734279649020536884e-01 7.336716614939039946e+07
4.955139527033520785e-01 6.770799661828716099e+07
5.186302785778565960e-01 6.512700285387280583e+07
5.428250090442419129e-01 5.988121775915405899e+07
5.681484529824789576e-01 5.770492088643120229e+07
5.946532662427046478e-01 5.288652784899606556e+07
6.223945611342215356e-01 5.066918287766724080e+07
6.514300210222929710e-01 4.742627838719068468e+07
6.818200202710160696e-01 4.359324799966249615e+07
7.136277497816758686e-01 4.057732578863979131e+07
7.469193483876155337e-01 3.743488097722300142e+07
7.817640403788362891e-01 3.490037782684835792e+07
8.182342794422867716e-01 3.256045195811609924e+07
8.564058993171398404e-01 3.132119211191807687e+07
8.963582714783228100e-01 2.934491329063177854e+07
9.381744701761730587e-01 2.743342451199316606e+07
9.819414451753946116e-01 2.468308718270989880e+07
1.027750202552496051e+00 2.310210666774008051e+07
1.075695993927647365e+00 2.148727986852470785e+07
1.125878514524432994e+00 2.008616124157989770e+07
1.178402110469330522e+00 1.858596310375508294e+07
1.233375995761962995e+00 1.703414011047793552e+07
1.290914479367274659e+00 1.567443232227847725e+07
1.351137202901832923e+00 1.466976810443325341e+07
1.414169389408483246e+00 1.375615792190072313e+07
1.480142103736643344e+00 1.262725602943557501e+07
1.549192525069651882e+00 1.158819611746844836e+07
1.621464232165851449e+00 1.076137810141875967e+07
1.697107501906508942e+00 9.752861960930982605e+06
1.776279621771362560e+00 8.946550999315418303e+06
1.859145216891527452e+00 8.065949826026961207e+06
1.945876592359817581e+00 7.404704571343756281e+06
2.036654091510258002e+00 6.756681303837845102e+06
2.131666470911770972e+00 6.118675932232357562e+06
2.231111292855769257e+00 5.566018993605663069e+06
2.335195336153773393e+00 5.098294717585726641e+06
2.444135026099235386e+00 4.745685476225980558e+06
2.558156884487600369e+00 4.281862123892051168e+06
2.677498000630348152e+00 3.905236534012988210e+06
2.802406524342412553e+00 3.597487359824012034e+06
2.933142181928062087e+00 3.199595047880808823e+06
