3.069976816238139533e-02 1.089100455402074814e+09
3.213194951921637121e-02 8.559763911316437721e+08
3.363094387046929729e-02 1.167117978529977322e+09
3.519986812322865172e-02 9.523190838945088387e+08
3.684198459207260745e-02 5.485695812725372314e+08
3.856070778250449138e-02 7.923747487880668640e+08
4.035961149084377197e-02 1.018653767318379760e+09
4.224243623533543990e-02 7.469213385527979136e+08
4.421309703392971302e-02 7.304840424621323347e+08
4.627569154490460829e-02 8.227803943675115108e+08
4.843450858725836805e-02 9.194482966609592438e+08
5.069403705858849252e-02 7.584341815359482765e+08
5.305897526900069106e-02 7.438761866781929731e+08
5.553424071045594268e-02 9.182027493564991951e+08
5.812498028186940946e-02 7.807513275422810316e+08
6.083658099122266766e-02 6.596667603620592356e+08
6.367468115694234487e-02 6.256805571810541153e+08
6.664518213183667772e-02 6.191455111103341579e+08
6.975426057396794111e-02 6.729267596633090973e+08
7.300838128997587384e-02 5.049488113140734434e+08
7.641431067755764805e-02 6.972615235511288643e+08
7.997913079505601652e-02 5.863626245637984276e+08
8.371025408741054885e-02 5.364785410352498889e+08
8.761543879909236554e-02 5.194915113795955181e+08
9.170280510607109470e-02 5.315423434953516126e+08
9.598085200035742781e-02 5.248849135834639072e+08
1.004584749622301765e-01 5.032968959507935643e+08
1.051449844568940195e-01 4.685214847226225138e+08
1.100501252940287722e-01 4.376327822662305236e+08
1.151840968904851020e-01 4.022219271370843649e+08
1.205575744782594882e-01 4.187791655485405922e+08
1.261817313018468445e-01 3.864954107041611671e+08
1.320682618511266337e-01 3.414731130324330330e+08
1.382294061780912076e-01 3.575471025065478086e+08
1.446779753479788821e-01 3.143049390382921696e+08
1.514273780777332656e-01 2.989099345296049714e+08
1.584916486171791816e-01 2.748171619377701283e+08
1.658854759308886484e-01 2.666257840168752968e+08
1.736242342414167639e-01 2.482409489686603844e+08
1.817240149974163610e-01 2.452052064238172472e+08
1.902016603331038169e-01 2.233962773858100176e+08
1.990747980886495849e-01 2.079040694481367171e+08
2.083618784643124222e-01 1.995994603719082773e+08
2.180822123845329585e-01 1.901365672161256373e+08
2.282560116517592663e-01 1.784986194354439080e+08
2.389044309734965343e-01 1.664587912304107249e+08
2.500496119499697190e-01 1.582957806374065280e+08
2.617147291138638421e-01 1.469227526862183809e+08
2.739240381178740802e-01 1.416972120168379247e+08
2.867029261702632170e-01 1.314688130187512487e+08
3.000779648232989039e-01 1.294345892856292874e+08
3.140769652243355914e-01 1.157866931555198878e+08
3.287290359444262067e-01 1.054435305266108811e+08
3.440646435047088891e-01 1.023092648401172459e+08
3.601156757264223351e-01 9.661352102529801428e+07
3.769155080362766030e-01 9.475674760539072752e+07
3.944990728650497602e-01 8.472341367920204997e+07
4.129029322837124427e-01 7.829117472002165020e+07
4.321653540281166217e-01 7.413289648295159638e+07
4.523263910703274604e-01 6.890891096690723300e+07
4.734279649020536884e-01 6.386040219193138927e+07
4.955139527033520785e-01 6.249150445894325525e+07
5.186302785778565960e-01 5.844563367253226787e+07
5.428250090442419129e-01 5.358262776267654449e+07
5.681484529824789576e-01 5.161543992559451610e+07
5.946532662427046478e-01 4.762440923331058770e+07
6.223945611342215356e-01 4.515465038028467447e+07
6.514300210222929710e-01 4.199072894981303811e+07
6.818200202710160696e-01 3.949179078795002401e+07
7.136277497816758686e-01 3.733946524761217833e+07
7.469193483876155337e-01 3.473344425462043285e+07
7.817640403788362891e-01 3.288860776795124263e+07
8.182342794422867716e-01 3.027079359278602898e+07
8.564058993171398404e-01 2.809432894129211828e+07
8.963582714783228100e-01 2.681717763748494536e+07
9.381744701761730587e-01 2.516243542791983858e+07
9.819414451753946116e-01 2.321492958700595796e+07
1.027750202552496051e+00 2.152033274778080732e+07
1.075695993927647365e+00 2.028728485657897964e+07
1.125878514524432994e+00 1.903934509659422562e+07
1.178402110469330522e+00 1.748473538417787477e+07
1.233375995761962995e+00 1.650900609294100478e+07
1.290914479367274659e+00 1.541013648692514189e+07
1.351137202901832923e+00 1.408803831263361312e+07
1.414169389408483246e+00 1.294730184837674722e+07
1.480142103736643344e+00 1.192230160321604460e+07
1.549192525069651882e+00 1.077326942326014116e+07
1.621464232165851449e+00 9.991641425554927438e+06
1.697107501906508942e+00 9.204285745289832354e+06
1.776279621771362560e+00 8.328260238440166228e+06
1.859145216891527452e+00 7.568522967964482494e+06
1.945876592359817581e+00 6.943410838969782926e+06
2.036654091510258002e+00 6.352621365385477431e+06
2.131666470911770972e+00 5.704216196818399243e+06
2.231111292855769257e+00 5.240875878781487234e+06
2.335195336153773393e+00 4.734935113189108670e+06
2.444135026099235386e+00 4.356075452910279855e+06
2.558156884487600369e+00 3.989205940607065335e+06
2.677498000630348152e+00 3.739198678355070297e+06
2.802406524342412553e+00 3.377890453915013466e+06
2.933142181928062087e+00 3.067834509173432365e+06
