3.069976816238139533e-02 1.212734139263330936e+09
3.213194951921637121e-02 1.127018528443612337e+09
3.363094387046929729e-02 1.406742901830542564e+09
3.519986812322865172e-02 9.509127213305151463e+08
3.684198459207260745e-02 6.282996519131519794e+08
3.856070778250449138e-02 1.159725168795054913e+09
4.035961149084377197e-02 9.415215154096091986e+08
4.224243623533543990e-02 9.137246636419115067e+08
4.421309703392971302e-02 8.383063793228315115e+08
4.627569154490460829e-02 8.882945406575496197e+08
4.843450858725836805e-02 7.850448474461462498e+08
5.069403705858849252e-02 8.509904622407491207e+08
5.305897526900069106e-02 6.798669300801839828e+08
5.553424071045594268e-02 7.148989267482132912e+08
5.812498028186940946e-02 7.161645088601708412e+08
6.083658099122266766e-02 7.625225536202154160e+08
6.367468115694234487e-02 6.215490143260322809e+08
6.664518213183667772e-02 6.632313717299860716e+08
6.975426057396794111e-02 6.735510217091758251e+08
7.300838128997587384e-02 6.531584357366056442e+08
7.641431067755764805e-02 5.680272257297085524e+08
7.997913079505601652e-02 5.776592766292328835e+08
8.371025408741054885e-02 5.509449032526715994e+08
8.761543879909236554e-02 5.072859362859261036e+08
9.170280510607109470e-02 5.018873015323711038e+08
9.598085200035742781e-02 4.618596547440034151e+08
1.004584749622301765e-01 4.287038563859413862e+08
1.051449844568940195e-01 3.885427934162971377e+08
1.100501252940287722e-01 4.569201782064269185e+08
1.151840968904851020e-01 4.171012262676897049e+08
1.205575744782594882e-01 3.315257700892746449e+08
1.261817313018468445e-01 3.580473151844407916e+08
1.320682618511266337e-01 2.994438584402729273e+08
1.382294061780912076e-01 3.124941720680500865e+08
1.446779753479788821e-01 2.884713506253166199e+08
1.514273780777332656e-01 2.554118001832306385e+08
1.584916486171791816e-01 2.484429741708257794e+08
1.658854759308886484e-01 2.445870364076460898e+08
1.736242342414167639e-01 2.304992387161043882e+08
1.817240149974163610e-01 2.272112920250566304e+08
1.902016603331038169e-01 2.242474772388159037e+08
1.990747980886495849e-01 2.112647288993422091e+08
2.083618784643124222e-01 2.045122983772008717e+08
2.180822123845329585e-01 1.955310598478379548e+08
2.282560116517592663e-01 1.815698676230686307e+08
2.389044309734965343e-01 1.602512259343987405e+08
2.500496119499697190e-01 1.621425506257886887e+08
2.617147291138638421e-01 1.536210275983295143e+08
2.739240381178740802e-01 1.464292530232051313e+08
2.867029261702632170e-01 1.335461899904515445e+08
3.000779648232989039e-01 1.276734040400817543e+08
3.140769652243355914e-01 1.302995297963275164e+08
3.287290359444262067e-01 1.196856944254250377e+08
3.440646435047088891e-01 1.165061291387200207e+08
3.601156757264223351e-01 1.073882408568657637e+08
3.769155080362766030e-01 9.708407725739517808e+07
3.944990728650497602e-01 9.025310796232849360e+07
4.129029322837124427e-01 8.709239950096686184e+07
4.321653540281166217e-01 8.248241712026737630e+07
4.523263910703274604e-01 7.545817266805629432e+07
4.734279649020536884e-01 7.189223809177805483e+07
4.955139527033520785e-01 6.862155052559605241e+07
5.186302785778565960e-01 6.505763704446773231e+07
5.428250090442419129e-01 6.106930107721473277e+07
5.681484529824789576e-01 5.852329433036057651e+07
5.946532662427046478e-01 5.385971462809441239e+07
6.223945611342215356e-01 5.020368510568136722e+07
6.514300210222929710e-01 4.764713216013042629e+07
6.818200202710160696e-01 4.343162194257656485e+07
7.136277497816758686e-01 4.030074447512579709e+07
7.469193483876155337e-01 3.757593760799058527e+07
7.817640403788362891e-01 3.460219106419241428e+07
8.182342794422867716e-01 3.201362043702385202e+07
8.564058993171398404e-01 2.869644830043568462e+07
8.963582714783228100e-01 2.633724889341193810e+07
9.381744701761730587e-01 2.376851172455425933e+07
9.819414451753946116e-01 2.193377173686907440e+07
1.027750202552496051e+00 2.005745144617630541e+07
1.075695993927647365e+00 1.850927270280416310e+07
1.125878514524432994e+00 1.675462760995146818e+07
1.178402110469330522e+00 1.565565272805365548e+07
1.233375995761962995e+00 1.465320438470182195e+07
1.290914479367274659e+00 1.373022504334931448e+07
1.351137202901832923e+00 1.296574142828618176e+07
1.414169389408483246e+00 1.222290116923451424e+07
1.480142103736643344e+00 1.137462126745025627e+07
1.549192525069651882e+00 1.072675046529549360e+07
1.621464232165851449e+00 9.991661280857250094e+06
1.697107501906508942e+00 9.166989288237685338e+06
1.776279621771362560e+00 8.543178666049322113e+06
1.859145216891527452e+00 7.739890163497067988e+06
1.945876592359817581e+00 7.013263870997571386e+06
2.036654091510258002e+00 6.052961474258898757e+06
2.131666470911770972e+00 5.175524787291978486e+06
2.231111292855769257e+00 4.671288144893218763e+06
2.335195336153773393e+00 4.187516186787382700e+06
2.444135026099235386e+00 3.847427642192645930e+06
2.558156884487600369e+00 3.611842540047131944e+06
2.677498000630348152e+00 3.303587566564281005e+06
2.802406524342412553e+00 3.150539073672878090e+06
2.933142181928062087e+00 2.994169883158136625e+06
