3.069976816238139533e-02 2.605887094442458451e+08
3.213194951921637121e-02 5.770893935804755688e+08
3.363094387046929729e-02 4.344063810874777436e+08
3.519986812322865172e-02 1.599998166544107795e+08
3.684198459207260745e-02 3.351105580246232748e+08
3.856070778250449138e-02 4.316691991714073420e+08
4.035961149084377197e-02 2.876283044739767313e+08
4.224243623533543990e-02 2.641254543521878719e+08
4.421309703392971302e-02 2.569866777887426913e+08
4.627569154490460829e-02 1.090164448252653480e+08
4.843450858725836805e-02 2.143826783849399090e+08
5.069403705858849252e-02 1.918990670480229557e+08
5.305897526900069106e-02 1.047378417794509530e+08
5.553424071045594268e-02 1.645492841006637514e+08
5.812498028186940946e-02 9.547239285244902968e+07
6.083658099122266766e-02 1.732893770391700864e+08
6.367468115694234487e-02 9.914003982928460836e+07
6.664518213183667772e-02 7.115982200245939195e+07
6.975426057396794111e-02 1.240143779613016099e+08
7.300838128997587384e-02 8.111799470536862314e+07
7.641431067755764805e-02 8.425616019359762967e+07
7.997913079505601652e-02 6.068961157588046789e+07
8.371025408741054885e-02 8.123097915398614109e+07
8.761543879909236554e-02 7.729992285824754834e+07
9.170280510607109470e-02 7.674392563547790051e+07
9.598085200035742781e-02 7.920005871431818604e+07
1.004584749622301765e-01 6.942188499098873138e+07
1.051449844568940195e-01 5.471966289886876941e+07
1.100501252940287722e-01 5.855165146880687773e+07
1.151840968904851020e-01 4.267949042330122739e+07
1.205575744782594882e-01 4.889303877179663628e+07
1.261817313018468445e-01 4.541843431865924597e+07
1.320682618511266337e-01 2.996017401748701558e+07
1.382294061780912076e-01 2.939653117902785540e+07
1.446779753479788821e-01 2.912593459043906629e+07
1.514273780777332656e-01 2.522707222512603551e+07
1.584916486171791816e-01 1.667426612666060589e+07
1.658854759308886484e-01 1.487936251703684032e+07
1.736242342414167639e-01 1.210694234300626442e+07
1.817240149974163610e-01 1.238161171473693103e+07
1.902016603331038169e-01 8.764563616920180619e+06
1.990747980886495849e-01 9.777512591216115281e+06
2.083618784643124222e-01 7.722005842129090801e+06
2.180822123845329585e-01 4.419088392487674952e+06
2.282560116517592663e-01 5.863844935544440523e+06
2.389044309734965343e-01 5.473389219650840387e+06
2.500496119499697190e-01 5.601428937579406425e+06
2.617147291138638421e-01 4.746333368628948927e+06
2.739240381178740802e-01 4.880513927817858756e+06
2.867029261702632170e-01 4.469540762673172168e+06
3.000779648232989039e-01 3.112175773298541084e+06
3.140769652243355914e-01 3.083702368977777660e+06
3.287290359444262067e-01 3.428339788612422533e+06
3.440646435047088891e-01 3.535958722495399415e+06
3.601156757264223351e-01 2.997519391887257807e+06
3.769155080362766030e-01 2.603780053646748886e+06
3.944990728650497602e-01 2.355480507598154247e+06
4.129029322837124427e-01 2.190054230263285339e+06
4.321653540281166217e-01 2.257143376823402476e+06
4.523263910703274604e-01 2.310746442566618323e+06
4.734279649020536884e-01 1.898591804305636557e+06
4.955139527033520785e-01 1.734193077249902766e+06
5.186302785778565960e-01 2.017224418805153109e+06
5.428250090442419129e-01 1.849127567535092589e+06
5.681484529824789576e-01 1.613447993455776246e+06
5.946532662427046478e-01 1.601724016912778839e+06
6.223945611342215356e-01 1.622619197658298537e+06
6.514300210222929710e-01 1.586549581626234343e+06
6.818200202710160696e-01 1.530349832699317252e+06
7.136277497816758686e-01 1.548108958093197085e+06
7.469193483876155337e-01 1.808388155451960629e+06
7.817640403788362891e-01 2.062167261773509672e+06
8.182342794422867716e-01 1.771117044932821998e+06
8.564058993171398404e-01 1.513967460140232928e+06
8.963582714783228100e-01 1.488710836983933579e+06
9.381744701761730587e-01 1.368223541196975857e+06
9.819414451753946116e-01 1.324505098014575429e+06
1.027750202552496051e+00 1.312269921998806996e+06
1.075695993927647365e+00 1.298234351211814908e+06
1.125878514524432994e+00 1.269986218189509818e+06
1.178402110469330522e+00 1.301012128464400070e+06
1.233375995761962995e+00 1.265993205813595327e+06
1.290914479367274659e+00 1.322612994250237942e+06
1.351137202901832923e+00 1.566767777420797851e+06
1.414169389408483246e+00 1.898178346598542761e+06
1.480142103736643344e+00 1.678701302031048108e+06
1.549192525069651882e+00 1.406185033537611365e+06
1.621464232165851449e+00 1.260257831261724001e+06
1.697107501906508942e+00 1.203221573339611758e+06
1.776279621771362560e+00 1.138756532308154041e+06
1.859145216891527452e+00 1.117584968942943029e+06
1.945876592359817581e+00 9.441839227892046329e+05
2.036654091510258002e+00 9.291836047786684940e+05
2.131666470911770972e+00 8.701761305357812671e+05
2.231111292855769257e+00 7.636389156718505546e+05
2.335195336153773393e+00 7.264737548171285307e+05
2.444135026099235386e+00 6.748886388343079016e+05
2.558156884487600369e+00 6.453631633844549069e+05
2.677498000630348152e+00 6.265679663816883694e+05
2.802406524342412553e+00 5.935906014056609711e+05
2.933142181928062087e+00 5.858493217427177588e+05
