3.069976816238139533e-02 9.654203268594913483e+08
3.213194951921637121e-02 8.760684383055545092e+08
3.363094387046929729e-02 1.169692900953480959e+09
3.519986812322865172e-02 9.804722275110070705e+08
3.684198459207260745e-02 1.042265849551107645e+09
3.856070778250449138e-02 7.542379195087575912e+08
4.035961149084377197e-02 8.337329945301203728e+08
4.224243623533543990e-02 9.492666353394925594e+08
4.421309703392971302e-02 8.686385695435411930e+08
4.627569154490460829e-02 7.572600284740258455e+08
4.843450858725836805e-02 6.835113887454116344e+08
5.069403705858849252e-02 8.703193461210829020e+08
5.305897526900069106e-02 7.180493957145012617e+08
5.553424071045594268e-02 7.878728485221374035e+08
5.812498028186940946e-02 7.690638680582897663e+08
6.083658099122266766e-02 8.366005117232029438e+08
6.367468115694234487e-02 7.222822785010298491e+08
6.664518213183667772e-02 6.979365193957254887e+08
6.975426057396794111e-02 6.485143612044694424e+08
7.300838128997587384e-02 6.347772467783308029e+08
7.641431067755764805e-02 6.437060249442284107e+08
7.997913079505601652e-02 5.740224677980573177e+08
8.371025408741054885e-02 5.604176299436976910e+08
8.761543879909236554e-02 5.311441036795096993e+08
9.170280510607109470e-02 5.380400852939099073e+08
9.598085200035742781e-02 5.656489756762158871e+08
1.004584749622301765e-01 4.606273615132751465e+08
1.051449844568940195e-01 5.339823532745665312e+08
1.100501252940287722e-01 4.689298416042932868e+08
1.151840968904851020e-01 4.402175074740806818e+08
1.205575744782594882e-01 3.965380078645381331e+08
1.261817313018468445e-01 3.905202402741101980e+08
1.320682618511266337e-01 3.664482941869395375e+08
1.382294061780912076e-01 3.513246435092718601e+08
1.446779753479788821e-01 3.441336389289460778e+08
1.514273780777332656e-01 3.233625794365251660e+08
1.584916486171791816e-01 2.873027667936363220e+08
1.658854759308886484e-01 2.637242979828513563e+08
1.736242342414167639e-01 2.800916898817713857e+08
1.817240149974163610e-01 2.551415600831728280e+08
1.902016603331038169e-01 2.496937251043173373e+08
1.990747980886495849e-01 2.614430534697657228e+08
2.083618784643124222e-01 2.192525316270562708e+08
2.180822123845329585e-01 2.078446218971026242e+08
2.282560116517592663e-01 1.921132255862862468e+08
2.389044309734965343e-01 1.835968027946447730e+08
2.500496119499697190e-01 1.648477705447784066e+08
2.617147291138638421e-01 1.530251905489116907e+08
2.739240381178740802e-01 1.428791400912859142e+08
2.867029261702632170e-01 1.406601871847991645e+08
3.000779648232989039e-01 1.310851355939309895e+08
3.140769652243355914e-01 1.243113052454196811e+08
3.287290359444262067e-01 1.175668917634969950e+08
3.440646435047088891e-01 1.109713644019293934e+08
3.601156757264223351e-01 1.060799946827054471e+08
3.769155080362766030e-01 1.000929231259269863e+08
3.944990728650497602e-01 9.213366377485173941e+07
4.129029322837124427e-01 9.075099372669087350e+07
4.321653540281166217e-01 8.214581889045405388e+07
4.523263910703274604e-01 7.944379313702496886e+07
4.734279649020536884e-01 7.062164215171071887e+07
4.955139527033520785e-01 6.775216860627362132e+07
5.186302785778565960e-01 6.269843842938346416e+07
5.428250090442419129e-01 5.727073904925058782e+07
5.681484529824789576e-01 5.456442309217764437e+07
5.946532662427046478e-01 5.081437778676746041e+07
6.223945611342215356e-01 4.763041035580204427e+07
6.514300210222929710e-01 4.402639599522973597e+07
6.818200202710160696e-01 4.121846290156765282e+07
7.136277497816758686e-01 3.891243386931224167e+07
7.469193483876155337e-01 3.695074645586396754e+07
7.817640403788362891e-01 3.445201547159218788e+07
8.182342794422867716e-01 3.198341720354027674e+07
8.564058993171398404e-01 2.985955227156154439e+07
8.963582714783228100e-01 2.749441277216265351e+07
9.381744701761730587e-01 2.605324981355153397e+07
9.819414451753946116e-01 2.396920965065920353e+07
1.027750202552496051e+00 2.188455100904920325e+07
1.075695993927647365e+00 1.983701076116975769e+07
1.125878514524432994e+00 1.820901114259317517e+07
1.178402110469330522e+00 1.673189406571596675e+07
1.233375995761962995e+00 1.554856569295673817e+07
1.290914479367274659e+00 1.462743431495628692e+07
1.351137202901832923e+00 1.419424114713481255e+07
1.414169389408483246e+00 1.334945374874269404e+07
1.480142103736643344e+00 1.260752762417710572e+07
1.549192525069651882e+00 1.165959807078519277e+07
1.621464232165851449e+00 1.098461347944242693e+07
1.697107501906508942e+00 9.832249358698364347e+06
1.776279621771362560e+00 8.679877261346602812e+06
1.859145216891527452e+00 7.820321572924537584e+06
1.945876592359817581e+00 6.929642169852835126e+06
2.036654091510258002e+00 6.310644170157161541e+06
2.131666470911770972e+00 5.818202854541014880e+06
2.231111292855769257e+00 5.283741785230591893e+06
2.335195336153773393e+00 4.937971975789438002e+06
2.444135026099235386e+00 4.447970543384371325e+06
2.558156884487600369e+00 4.023716388909314293e+06
2.677498000630348152e+00 3.664778788742240518e+06
2.802406524342412553e+00 3.318259969156671781e+06
2.933142181928062087e+00 3.003345788946100045e+06
