3.069976816238139533e-02 8.822258187454314232e+08
3.213194951921637121e-02 1.096793907795507669e+09
3.363094387046929729e-02 1.060971022251912117e+09
3.519986812322865172e-02 8.896482344564056396e+08
3.684198459207260745e-02 8.679362226236221790e+08
3.856070778250449138e-02 8.113084564331778288e+08
4.035961149084377197e-02 7.210072899289462566e+08
4.224243623533543990e-02 8.655675305795367956e+08
4.421309703392971302e-02 8.104484508787319660e+08
4.627569154490460829e-02 6.718336877646702528e+08
4.843450858725836805e-02 7.543607051228294373e+08
5.069403705858849252e-02 7.092171183042995930e+08
5.305897526900069106e-02 7.599208895842640400e+08
5.553424071045594268e-02 6.808231485142172575e+08
5.812498028186940946e-02 5.884394030119080544e+08
6.083658099122266766e-02 6.655276534089590311e+08
6.367468115694234487e-02 6.556739136737856865e+08
6.664518213183667772e-02 5.607637956090017557e+08
6.975426057396794111e-02 5.804098296962584257e+08
7.300838128997587384e-02 6.523904239138672352e+08
7.641431067755764805e-02 6.285519816601490974e+08
7.997913079505601652e-02 7.014453498460271358e+08
8.371025408741054885e-02 5.897178446210142374e+08
8.761543879909236554e-02 5.629317332330068350e+08
9.170280510607109470e-02 5.389370773737829924e+08
9.598085200035742781e-02 4.431554637352919579e+08
1.004584749622301765e-01 5.094739374404436350e+08
1.051449844568940195e-01 4.478056172441130877e+08
1.100501252940287722e-01 4.459458281433642507e+08
1.151840968904851020e-01 4.037628454373290539e+08
1.205575744782594882e-01 4.196950376820777655e+08
1.261817313018468445e-01 4.124757591296398640e+08
1.320682618511266337e-01 3.710403856009896398e+08
1.382294061780912076e-01 3.332289815724880695e+08
1.446779753479788821e-01 3.162101368352165818e+08
1.514273780777332656e-01 2.890482149023863077e+08
1.584916486171791816e-01 2.834306996255050302e+08
1.658854759308886484e-01 2.576158763994340599e+08
1.736242342414167639e-01 2.525989151825999022e+08
1.817240149974163610e-01 2.523488024302485883e+08
1.902016603331038169e-01 2.353626684785124063e+08
1.990747980886495849e-01 2.129237095781728327e+08
2.083618784643124222e-01 2.022707156311618686e+08
2.180822123845329585e-01 2.040071724588287771e+08
2.282560116517592663e-01 1.866661506681340933e+08
2.389044309734965343e-01 1.760777333929543197e+08
2.500496119499697190e-01 1.712796884513727725e+08
2.617147291138638421e-01 1.516232766177538931e+08
2.739240381178740802e-01 1.479237544103006423e+08
2.867029261702632170e-01 1.362035987835216522e+08
3.000779648232989039e-01 1.289340602735198140e+08
3.140769652243355914e-01 1.160371702864695191e+08
3.287290359444262067e-01 1.126906291742746532e+08
3.440646435047088891e-01 1.056699785791785419e+08
3.601156757264223351e-01 9.670791658708719909e+07
3.769155080362766030e-01 9.483333339612784982e+07
3.944990728650497602e-01 8.876358015402612090e+07
4.129029322837124427e-01 8.357282164514979720e+07
4.321653540281166217e-01 7.749251526309923828e+07
4.523263910703274604e-01 7.240974960205414891e+07
4.734279649020536884e-01 6.632000899139105529e+07
4.955139527033520785e-01 6.457151092889998853e+07
5.186302785778565960e-01 6.142174954057151079e+07
5.428250090442419129e-01 5.588104809990040958e+07
5.681484529824789576e-01 5.382879221112851053e+07
5.946532662427046478e-01 5.022553496885257214e+07
6.223945611342215356e-01 4.865712531520031393e+07
6.514300210222929710e-01 4.401932516282510012e+07
6.818200202710160696e-01 4.182998730275617540e+07
7.136277497816758686e-01 3.879161568879716098e+07
7.469193483876155337e-01 3.655681730410128087e+07
7.817640403788362891e-01 3.432537203066121787e+07
8.182342794422867716e-01 3.169927187560552731e+07
8.564058993171398404e-01 2.976735513850239664e+07
8.963582714783228100e-01 2.770882831334152073e+07
9.381744701761730587e-01 2.596670444123993069e+07
9.819414451753946116e-01 2.405676372926780581e+07
1.027750202552496051e+00 2.254049441876766086e+07
1.075695993927647365e+00 2.093388893722372130e+07
1.125878514524432994e+00 1.959973780609025434e+07
1.178402110469330522e+00 1.820450141503465548e+07
1.233375995761962995e+00 1.724717688728704676e+07
1.290914479367274659e+00 1.598037187569788098e+07
1.351137202901832923e+00 1.478095910586284474e+07
1.414169389408483246e+00 1.363979993046241254e+07
1.480142103736643344e+00 1.268806260219820216e+07
1.549192525069651882e+00 1.163096994830380008e+07
1.621464232165851449e+00 1.070856878395290300e+07
1.697107501906508942e+00 9.741880750537566841e+06
1.776279621771362560e+00 8.693032499771405011e+06
1.859145216891527452e+00 7.832091356818881817e+06
1.945876592359817581e+00 7.168759296115052886e+06
2.036654091510258002e+00 6.409196152337950654e+06
2.131666470911770972e+00 5.902282097128483467e+06
2.231111292855769257e+00 5.400648228668505326e+06
2.335195336153773393e+00 4.900689997053850442e+06
2.444135026099235386e+00 4.509635807225144468e+06
2.558156884487600369e+00 4.104192877982498612e+06
2.677498000630348152e+00 3.729271304127773270e+06
2.802406524342412553e+00 3.415146533479485195e+06
2.933142181928062087e+00 3.125516555028410163e+06
