3.069976816238139533e-02 3.113399796202763319e+08
3.213194951921637121e-02 2.189415245373145342e+08
3.363094387046929729e-02 3.741278931587401032e+08
3.519986812322865172e-02 1.781070531257466078e+08
3.684198459207260745e-02 2.542458590359107852e+08
3.856070778250449138e-02 2.589823526390334368e+08
4.035961149084377197e-02 2.216262385099835396e+08
4.224243623533543990e-02 2.943111626271231174e+08
4.421309703392971302e-02 4.215583440639001131e+08
4.627569154490460829e-02 2.118158325030462742e+08
4.843450858725836805e-02 3.714871125890749693e+08
5.069403705858849252e-02 3.343966766953480840e+08
5.305897526900069106e-02 2.586117920732821822e+08
5.553424071045594268e-02 2.335925155382576883e+08
5.812498028186940946e-02 3.310274502879673243e+08
6.083658099122266766e-02 2.826100383229894042e+08
6.367468115694234487e-02 3.613066735552478433e+08
6.664518213183667772e-02 3.113902285626829267e+08
6.975426057396794111e-02 2.854815698022102714e+08
7.300838128997587384e-02 3.217355552562066317e+08
7.641431067755764805e-02 3.207382225666091442e+08
7.997913079505601652e-02 3.019181897393448353e+08
8.371025408741054885e-02 3.390301726013105512e+08
8.761543879909236554e-02 2.654952011904437542e+08
9.170280510607109470e-02 2.819449346242724657e+08
9.598085200035742781e-02 2.625593997735780478e+08
1.004584749622301765e-01 2.561184475405195355e+08
1.051449844568940195e-01 2.339494482328094244e+08
1.100501252940287722e-01 2.606910125925019681e+08
1.151840968904851020e-01 2.437767279211421907e+08
1.205575744782594882e-01 2.609781766246760190e+08
1.261817313018468445e-01 2.366583490266422629e+08
1.320682618511266337e-01 2.576166542429017425e+08
1.382294061780912076e-01 2.248777484215640426e+08
1.446779753479788821e-01 2.206340735767978132e+08
1.514273780777332656e-01 2.313173873701416254e+08
1.584916486171791816e-01 2.342126203781703115e+08
1.658854759308886484e-01 2.094698164329279363e+08
1.736242342414167639e-01 2.098327004688591957e+08
1.817240149974163610e-01 2.141259641531864703e+08
1.902016603331038169e-01 2.214338197756304741e+08
1.990747980886495849e-01 2.180058971591322720e+08
2.083618784643124222e-01 2.164886712661045492e+08
2.180822123845329585e-01 2.064808590754610300e+08
2.282560116517592663e-01 1.972691626555987000e+08
2.389044309734965343e-01 1.867741071719646454e+08
2.500496119499697190e-01 1.816159591285359561e+08
2.617147291138638421e-01 1.748444478240855336e+08
2.739240381178740802e-01 1.793650755746986866e+08
2.867029261702632170e-01 1.618897949062260985e+08
3.000779648232989039e-01 1.586496308577055931e+08
3.140769652243355914e-01 1.448932421214455962e+08
3.287290359444262067e-01 1.426090739539865851e+08
3.440646435047088891e-01 1.342372504677180350e+08
3.601156757264223351e-01 1.264349592957132012e+08
3.769155080362766030e-01 1.174713086155503392e+08
3.944990728650497602e-01 1.121555567094646096e+08
4.129029322837124427e-01 1.054772798889903724e+08
4.321653540281166217e-01 9.799770090332154930e+07
4.523263910703274604e-01 9.200025505165228248e+07
4.734279649020536884e-01 8.743633617185634375e+07
4.955139527033520785e-01 7.989875522163929045e+07
5.186302785778565960e-01 7.207497100924062729e+07
5.428250090442419129e-01 6.755554411415362358e+07
5.681484529824789576e-01 6.396709727298855782e+07
5.946532662427046478e-01 5.886784612401658297e+07
6.223945611342215356e-01 5.474427583962497115e+07
6.514300210222929710e-01 5.098001235795934498e+07
6.818200202710160696e-01 4.685167414445311576e+07
7.136277497816758686e-01 4.283343963231730461e+07
7.469193483876155337e-01 3.967062658544684201e+07
7.817640403788362891e-01 3.556222647081566602e+07
8.182342794422867716e-01 3.168877397704689205e+07
8.564058993171398404e-01 2.818346945662489161e+07
8.963582714783228100e-01 2.563654880745841563e+07
9.381744701761730587e-01 2.327754629030361399e+07
9.819414451753946116e-01 2.137905333505312353e+07
1.027750202552496051e+00 1.991737660340629891e+07
1.075695993927647365e+00 1.847082056567430869e+07
1.125878514524432994e+00 1.685233912346115708e+07
1.178402110469330522e+00 1.576204867932675406e+07
1.233375995761962995e+00 1.445418510564608499e+07
1.290914479367274659e+00 1.338488019677870348e+07
1.351137202901832923e+00 1.252842130280254036e+07
1.414169389408483246e+00 1.152992678382145055e+07
1.480142103736643344e+00 1.067264376036823355e+07
1.549192525069651882e+00 9.983183803130796179e+06
1.621464232165851449e+00 9.354423714631017298e+06
1.697107501906508942e+00 8.711362636642774567e+06
1.776279621771362560e+00 8.067093077900192700e+06
1.859145216891527452e+00 7.763554383229373954e+06
1.945876592359817581e+00 7.302592200434340164e+06
2.036654091510258002e+00 6.732828165755153634e+06
2.131666470911770972e+00 6.191936527121112682e+06
2.231111292855769257e+00 5.814688591852778569e+06
2.335195336153773393e+00 5.352620685754663311e+06
2.444135026099235386e+00 4.927858991431347094e+06
2.558156884487600369e+00 4.499783321289338171e+06
2.677498000630348152e+00 4.162906951530794613e+06
2.802406524342412553e+00 3.772376292284358758e+06
2.933142181928062087e+00 3.323543791441215202e+06
