3.069976816238139533e-02 1.155422295950341225e+09
3.213194951921637121e-02 1.687787374331201315e+09
3.363094387046929729e-02 1.466634081501919746e+09
3.519986812322865172e-02 1.334410520395397425e+09
3.684198459207260745e-02 1.330712093024580479e+09
3.856070778250449138e-02 1.226262167044782162e+09
4.035961149084377197e-02 9.285714413732650280e+08
4.224243623533543990e-02 1.465231869163343906e+09
4.421309703392971302e-02 9.147552733272607327e+08
4.627569154490460829e-02 1.358157659267101765e+09
4.843450858725836805e-02 1.050226592027790308e+09
5.069403705858849252e-02 1.002914015531616807e+09
5.305897526900069106e-02 9.769267950134652853e+08
5.553424071045594268e-02 8.680136360900905132e+08
5.812498028186940946e-02 1.074340940752938986e+09
6.083658099122266766e-02 8.258085062879927158e+08
6.367468115694234487e-02 7.844931355770301819e+08
6.664518213183667772e-02 7.598707681573626995e+08
6.975426057396794111e-02 6.839864330651022196e+08
7.300838128997587384e-02 7.209397668298230171e+08
7.641431067755764805e-02 6.458712503901103735e+08
7.997913079505601652e-02 6.495125669621042013e+08
8.371025408741054885e-02 7.084913071551986933e+08
8.761543879909236554e-02 6.401747688075692654e+08
9.170280510607109470e-02 5.750687049383091927e+08
9.598085200035742781e-02 5.352581369925869107e+08
1.004584749622301765e-01 5.364228484429881573e+08
1.051449844568940195e-01 5.067322632167803645e+08
1.100501252940287722e-01 4.948515221471344829e+08
1.151840968904851020e-01 4.504863044304845333e+08
1.205575744782594882e-01 4.247855725685157776e+08
1.261817313018468445e-01 4.080910845945526958e+08
1.320682618511266337e-01 4.295238565374340415e+08
1.382294061780912076e-01 3.895427099459422827e+08
1.446779753479788821e-01 3.711889864406744838e+08
1.514273780777332656e-01 3.442312635468316674e+08
1.584916486171791816e-01 3.056370816473392844e+08
1.658854759308886484e-01 2.999885077141369581e+08
1.736242342414167639e-01 2.789544420221960545e+08
1.817240149974163610e-01 2.582915577511549890e+08
1.902016603331038169e-01 2.441499718631942272e+08
1.990747980886495849e-01 2.325811384567033052e+08
2.083618784643124222e-01 2.105615841913317144e+08
2.180822123845329585e-01 2.149514021035789549e+08
2.282560116517592663e-01 2.016051934799073637e+08
2.389044309734965343e-01 1.986672850733543932e+08
2.500496119499697190e-01 1.778318709351532161e+08
2.617147291138638421e-01 1.676247162411454022e+08
2.739240381178740802e-01 1.537162257139521241e+08
2.867029261702632170e-01 1.444929823376723528e+08
3.000779648232989039e-01 1.347750452362972498e+08
3.140769652243355914e-01 1.257351071758088768e+08
3.287290359444262067e-01 1.181525948421927392e+08
3.440646435047088891e-01 1.063542943700154275e+08
3.601156757264223351e-01 1.064071818146220595e+08
3.769155080362766030e-01 9.680950289315268397e+07
3.944990728650497602e-01 9.358421238179285824e+07
4.129029322837124427e-01 8.764315024155172706e+07
4.321653540281166217e-01 8.297031192109885812e+07
4.523263910703274604e-01 7.616095821001023054e+07
4.734279649020536884e-01 7.324770017194071412e+07
4.955139527033520785e-01 6.837035403321102262e+07
5.186302785778565960e-01 6.513576256847578287e+07
5.428250090442419129e-01 6.252046517940483242e+07
5.681484529824789576e-01 5.708939639091981947e+07
5.946532662427046478e-01 5.396893620561970770e+07
6.223945611342215356e-01 4.900860725521349907e+07
6.514300210222929710e-01 4.523771401743575931e+07
6.818200202710160696e-01 4.248804860562717170e+07
7.136277497816758686e-01 4.081461997972623259e+07
7.469193483876155337e-01 3.900113514578295499e+07
7.817640403788362891e-01 3.554641768512021005e+07
8.182342794422867716e-01 3.350604501580453664e+07
8.564058993171398404e-01 3.098294985605300590e+07
8.963582714783228100e-01 2.891373745654808357e+07
9.381744701761730587e-01 2.659822754472571984e+07
9.819414451753946116e-01 2.493423846360527724e+07
1.027750202552496051e+00 2.313319799039056525e+07
1.075695993927647365e+00 2.146523577256797254e+07
1.125878514524432994e+00 2.014153795455749333e+07
1.178402110469330522e+00 1.899956052902900428e+07
1.233375995761962995e+00 1.789811641983713210e+07
1.290914479367274659e+00 1.690766738387634978e+07
1.351137202901832923e+00 1.542065544225348160e+07
1.414169389408483246e+00 1.447537248792728409e+07
1.480142103736643344e+00 1.320917621191769652e+07
1.549192525069651882e+00 1.210900735591842048e+07
1.621464232165851449e+00 1.094037730279817991e+07
1.697107501906508942e+00 1.006570392940925620e+07
1.776279621771362560e+00 9.194243155920118093e+06
1.859145216891527452e+00 8.509969428118396550e+06
1.945876592359817581e+00 7.513686092207855545e+06
2.036654091510258002e+00 6.870394630618598312e+06
2.131666470911770972e+00 6.196566672321118414e+06
2.231111292855769257e+00 5.714657265193931758e+06
2.335195336153773393e+00 5.166376917787216604e+06
2.444135026099235386e+00 4.611977418162347749e+06
2.558156884487600369e+00 4.240898391498233192e+06
2.677498000630348152e+00 3.805474597208914813e+06
2.802406524342412553e+00 3.489219188843858894e+06
2.933142181928062087e+00 3.166829527300232556e+06
