3.069976816238139533e-02 9.328515738552637100e+08
3.213194951921637121e-02 7.755070062584590912e+08
3.363094387046929729e-02 6.924443300909675360e+08
3.519986812322865172e-02 7.683490499550985098e+08
3.684198459207260745e-02 7.696369406952816248e+08
3.856070778250449138e-02 8.231598967990853786e+08
4.035961149084377197e-02 6.348744241385713816e+08
4.224243623533543990e-02 9.566960708346902132e+08
4.421309703392971302e-02 8.205135998866618872e+08
4.627569154490460829e-02 6.578875519684946537e+08
4.843450858725836805e-02 6.826695457131724358e+08
5.069403705858849252e-02 8.386958592879555225e+08
5.305897526900069106e-02 6.768424880965228081e+08
5.553424071045594268e-02 6.884264188351851702e+08
5.812498028186940946e-02 6.087960504946691990e+08
6.083658099122266766e-02 7.423955162364932299e+08
6.367468115694234487e-02 6.209926941171821356e+08
6.664518213183667772e-02 5.656244136941612959e+08
6.975426057396794111e-02 6.115813620950697660e+08
7.300838128997587384e-02 5.341635819603395462e+08
7.641431067755764805e-02 5.752395715129818916e+08
7.997913079505601652e-02 5.939209401854321957e+08
8.371025408741054885e-02 6.395084751732494831e+08
8.761543879909236554e-02 4.807452399630795121e+08
9.170280510607109470e-02 5.355900027123408914e+08
9.598085200035742781e-02 4.637413355351911187e+08
1.004584749622301765e-01 4.893208059270089865e+08
1.051449844568940195e-01 4.638951601483041048e+08
1.100501252940287722e-01 4.433555228912998438e+08
1.151840968904851020e-01 3.808975980380536318e+08
1.205575744782594882e-01 4.071473562003548741e+08
1.261817313018468445e-01 3.872594398715081215e+08
1.320682618511266337e-01 3.554737291771191359e+08
1.382294061780912076e-01 3.365650236801096797e+08
1.446779753479788821e-01 3.111429732454491258e+08
1.514273780777332656e-01 3.205700982746808529e+08
1.584916486171791816e-01 3.058924978407296538e+08
1.658854759308886484e-01 2.863714778888847232e+08
1.736242342414167639e-01 2.672203666463511586e+08
1.817240149974163610e-01 2.499914020478989780e+08
1.902016603331038169e-01 2.219312032498424053e+08
1.990747980886495849e-01 2.253385026321718693e+08
2.083618784643124222e-01 2.058134283606363833e+08
2.180822123845329585e-01 1.922940195079990625e+08
2.282560116517592663e-01 1.785862231118408740e+08
2.389044309734965343e-01 1.740322656604954004e+08
2.500496119499697190e-01 1.589461338566452563e+08
2.617147291138638421e-01 1.473151397566616833e+08
2.739240381178740802e-01 1.404508200698672533e+08
2.867029261702632170e-01 1.336687264373730868e+08
3.000779648232989039e-01 1.250263743528190553e+08
3.140769652243355914e-01 1.186081138409001380e+08
3.287290359444262067e-01 1.138254161041420400e+08
3.440646435047088891e-01 1.038157384706859589e+08
3.601156757264223351e-01 1.029555287421769500e+08
3.769155080362766030e-01 9.513269924901738763e+07
3.944990728650497602e-01 8.626305723448203504e+07
4.129029322837124427e-01 8.215242995843006670e+07
4.321653540281166217e-01 7.589389827909518778e+07
4.523263910703274604e-01 7.044288341466084123e+07
4.734279649020536884e-01 6.982619204377056658e+07
4.955139527033520785e-01 6.346550455844719708e+07
5.186302785778565960e-01 6.075195689821561426e+07
5.428250090442419129e-01 5.647051793994621933e+07
5.681484529824789576e-01 5.307596820490499586e+07
5.946532662427046478e-01 4.929981515614064038e+07
6.223945611342215356e-01 4.630510945279417932e+07
6.514300210222929710e-01 4.434912456469711661e+07
6.818200202710160696e-01 4.147692543168445677e+07
7.136277497816758686e-01 3.851888918404829502e+07
7.469193483876155337e-01 3.644225592176536471e+07
7.817640403788362891e-01 3.419580657407478243e+07
8.182342794422867716e-01 3.163135578707323968e+07
8.564058993171398404e-01 3.055821691366945207e+07
8.963582714783228100e-01 2.861071975652285665e+07
9.381744701761730587e-01 2.688528547209247947e+07
9.819414451753946116e-01 2.539349152444943041e+07
1.027750202552496051e+00 2.389060315646940097e+07
1.075695993927647365e+00 2.196898394840693474e+07
1.125878514524432994e+00 2.013521050539465249e+07
1.178402110469330522e+00 1.880007970049535111e+07
1.233375995761962995e+00 1.767063569407316297e+07
1.290914479367274659e+00 1.643994013407905959e+07
1.351137202901832923e+00 1.505775107015926391e+07
1.414169389408483246e+00 1.395753530241689458e+07
1.480142103736643344e+00 1.300967666002631560e+07
1.549192525069651882e+00 1.207443826645602472e+07
1.621464232165851449e+00 1.111587477743786387e+07
1.697107501906508942e+00 1.009290757986679114e+07
1.776279621771362560e+00 9.276158257928730920e+06
1.859145216891527452e+00 8.356162663897748105e+06
1.945876592359817581e+00 7.458322347901463509e+06
2.036654091510258002e+00 6.769360156494436786e+06
2.131666470911770972e+00 6.137363816028683446e+06
2.231111292855769257e+00 5.579316767663787119e+06
2.335195336153773393e+00 5.102030884658624418e+06
2.444135026099235386e+00 4.621688829695379362e+06
2.558156884487600369e+00 4.285459722991659306e+06
2.677498000630348152e+00 3.886002959872340318e+06
2.802406524342412553e+00 3.565077752543318085e+06
2.933142181928062087e+00 3.268324704546845518e+06
