3.069976816238139533e-02 7.905472063533856869e+08
3.213194951921637121e-02 9.571966256012744904e+08
3.363094387046929729e-02 8.348308542114801407e+08
3.519986812322865172e-02 7.388728924680864811e+08
3.684198459207260745e-02 1.018246386287735939e+09
3.856070778250449138e-02 9.605970278856999874e+08
4.035961149084377197e-02 6.832015680667979717e+08
4.224243623533543990e-02 7.484267607977496386e+08
4.421309703392971302e-02 8.169542087891527414e+08
4.627569154490460829e-02 6.411783781244837046e+08
4.843450858725836805e-02 6.241157694288390875e+08
5.069403705858849252e-02 5.304431313789394498e+08
5.305897526900069106e-02 6.635982100949259996e+08
5.553424071045594268e-02 6.580761579137235880e+08
5.812498028186940946e-02 6.320449476447820663e+08
6.083658099122266766e-02 7.730340786982321739e+08
6.367468115694234487e-02 6.758450395931681395e+08
6.664518213183667772e-02 6.064524262810689211e+08
6.975426057396794111e-02 6.025827628248850107e+08
7.300838128997587384e-02 6.409386826627434492e+08
7.641431067755764805e-02 6.719284418310580254e+08
7.997913079505601652e-02 4.832445836745789051e+08
8.371025408741054885e-02 5.807826177289175987e+08
8.761543879909236554e-02 5.522439032015727758e+08
9.170280510607109470e-02 4.526148628677335382e+08
9.598085200035742781e-02 5.378550791075766087e+08
1.004584749622301765e-01 4.467314042864578962e+08
1.051449844568940195e-01 4.142760808641981483e+08
1.100501252940287722e-01 4.088169390153124332e+08
1.151840968904851020e-01 4.059042487942689657e+08
1.205575744782594882e-01 3.766091394306278229e+08
1.261817313018468445e-01 3.481193903466029763e+08
1.320682618511266337e-01 3.690707243343559504e+08
1.382294061780912076e-01 3.333218072275693417e+08
1.446779753479788821e-01 3.057296590927301049e+08
1.514273780777332656e-01 2.979477305276021361e+08
1.584916486171791816e-01 2.803937416974822283e+08
1.658854759308886484e-01 2.647795831051210165e+08
1.736242342414167639e-01 2.442143977660779655e+08
1.817240149974163610e-01 2.513374284928606153e+08
1.902016603331038169e-01 2.322836036388660371e+08
1.990747980886495849e-01 2.121977719874043167e+08
2.083618784643124222e-01 2.000730105740581751e+08
2.180822123845329585e-01 1.981242109179901481e+08
2.282560116517592663e-01 1.849111420383919477e+08
2.389044309734965343e-01 1.692215792503254414e+08
2.500496119499697190e-01 1.572538408100420535e+08
2.617147291138638421e-01 1.514551754905467927e+08
2.739240381178740802e-01 1.397488970586003065e+08
2.867029261702632170e-01 1.358803282526674867e+08
3.000779648232989039e-01 1.340506182776485085e+08
3.140769652243355914e-01 1.160388090521908551e+08
3.287290359444262067e-01 1.081089428333485872e+08
3.440646435047088891e-01 1.057796435381258130e+08
3.601156757264223351e-01 9.814661099073006213e+07
3.769155080362766030e-01 9.294249898123300076e+07
3.944990728650497602e-01 8.979330832466268539e+07
4.129029322837124427e-01 8.207153065681725740e+07
4.321653540281166217e-01 7.671782887883354723e+07
4.523263910703274604e-01 7.194871020345899463e+07
4.734279649020536884e-01 6.790870802803528309e+07
4.955139527033520785e-01 6.363016044649885595e+07
5.186302785778565960e-01 5.999139540650265664e+07
5.428250090442419129e-01 5.711458141378735006e+07
5.681484529824789576e-01 5.235191651831507683e+07
5.946532662427046478e-01 4.989286293202742934e+07
6.223945611342215356e-01 4.586386147501850128e+07
6.514300210222929710e-01 4.426566303368224204e+07
6.818200202710160696e-01 4.110615862704387307e+07
7.136277497816758686e-01 3.878920273539160937e+07
7.469193483876155337e-01 3.646201465555047244e+07
7.817640403788362891e-01 3.415491060042192787e+07
8.182342794422867716e-01 3.207792401131028682e+07
8.564058993171398404e-01 3.006398187099754810e+07
8.963582714783228100e-01 2.796304381483278051e+07
9.381744701761730587e-01 2.628360892635974288e+07
9.819414451753946116e-01 2.431257408128631115e+07
1.027750202552496051e+00 2.318242788391718641e+07
1.075695993927647365e+00 2.149378813635638356e+07
1.125878514524432994e+00 2.044168101627077535e+07
1.178402110469330522e+00 1.935584483700173721e+07
1.233375995761962995e+00 1.785837475995209813e+07
1.290914479367274659e+00 1.666045212896766886e+07
1.351137202901832923e+00 1.560936872895910218e+07
1.414169389408483246e+00 1.423376548557793535e+07
1.480142103736643344e+00 1.319522930547898263e+07
1.549192525069651882e+00 1.223178178587487154e+07
1.621464232165851449e+00 1.135177251382418908e+07
1.697107501906508942e+00 1.032296349754673988e+07
1.776279621771362560e+00 9.399371487200500444e+06
1.859145216891527452e+00 8.512041142577838153e+06
1.945876592359817581e+00 7.665333579274772666e+06
2.036654091510258002e+00 6.828070399911703542e+06
2.131666470911770972e+00 6.163371127435578965e+06
2.231111292855769257e+00 5.573030933037734590e+06
2.335195336153773393e+00 5.040374773280141875e+06
2.444135026099235386e+00 4.617265966681026854e+06
2.558156884487600369e+00 4.198417074555498548e+06
2.677498000630348152e+00 3.847777112438513432e+06
2.802406524342412553e+00 3.533189955518575851e+06
2.933142181928062087e+00 3.278197624049429316e+06
