3.069976816238139533e-02 1.214065572649871111e+09
3.213194951921637121e-02 1.171467167090850830e+09
3.363094387046929729e-02 9.163279678770205975e+08
3.519986812322865172e-02 8.901316778383698463e+08
3.684198459207260745e-02 8.734889431669985056e+08
3.856070778250449138e-02 1.106210560227121830e+09
4.035961149084377197e-02 1.275735164498712540e+09
4.224243623533543990e-02 1.343831211458774090e+09
4.421309703392971302e-02 1.030639766740412116e+09
4.627569154490460829e-02 9.399835732592244148e+08
4.843450858725836805e-02 1.053573953520874262e+09
5.069403705858849252e-02 8.755394696418339014e+08
5.305897526900069106e-02 8.836745647217786312e+08
5.553424071045594268e-02 8.195052187862739563e+08
5.812498028186940946e-02 7.249060892361680269e+08
6.083658099122266766e-02 8.339084181469762325e+08
6.367468115694234487e-02 7.957385891978130341e+08
6.664518213183667772e-02 8.066344725238034725e+08
6.975426057396794111e-02 6.543425845445103645e+08
7.300838128997587384e-02 7.498994056813750267e+08
7.641431067755764805e-02 8.328621112996903658e+08
7.997913079505601652e-02 6.559244442478740215e+08
8.371025408741054885e-02 6.082103627400295734e+08
8.761543879909236554e-02 5.944141337908154726e+08
9.170280510607109470e-02 6.120993571621501446e+08
9.598085200035742781e-02 5.264571100219172239e+08
1.004584749622301765e-01 5.606621758192800283e+08
1.051449844568940195e-01 4.578884362889469266e+08
1.100501252940287722e-01 5.167614388029397130e+08
1.151840968904851020e-01 4.551495949953638315e+08
1.205575744782594882e-01 4.583383310834842920e+08
1.261817313018468445e-01 3.816914525787833333e+08
1.320682618511266337e-01 3.718220174058218002e+08
1.382294061780912076e-01 3.590107323152241707e+08
1.446779753479788821e-01 3.334327819994916320e+08
1.514273780777332656e-01 3.080580397832714319e+08
1.584916486171791816e-01 3.026234861806074381e+08
1.658854759308886484e-01 2.993274726141410470e+08
1.736242342414167639e-01 2.616089376297758222e+08
1.817240149974163610e-01 2.620082775813532770e+08
1.902016603331038169e-01 2.332896854336800277e+08
1.990747980886495849e-01 2.355458348140590191e+08
2.083618784643124222e-01 2.147293790842812955e+08
2.180822123845329585e-01 2.030609431835481822e+08
2.282560116517592663e-01 1.944409702688414454e+08
2.389044309734965343e-01 1.789622514049286842e+08
2.500496119499697190e-01 1.643564633556947112e+08
2.617147291138638421e-01 1.559622975181063414e+08
2.739240381178740802e-01 1.443755955571873486e+08
2.867029261702632170e-01 1.346467687752870321e+08
3.000779648232989039e-01 1.268814441841514856e+08
3.140769652243355914e-01 1.207313050999707580e+08
3.287290359444262067e-01 1.138572180734733492e+08
3.440646435047088891e-01 1.043976879561147988e+08
3.601156757264223351e-01 9.959487644655287266e+07
3.769155080362766030e-01 9.184121605927796662e+07
3.944990728650497602e-01 8.934906308750534058e+07
4.129029322837124427e-01 8.285958101538814604e+07
4.321653540281166217e-01 7.780684918810872734e+07
4.523263910703274604e-01 7.404288166185730696e+07
4.734279649020536884e-01 6.579995562589428574e+07
4.955139527033520785e-01 6.371892587253998220e+07
5.186302785778565960e-01 6.024257388534324616e+07
5.428250090442419129e-01 5.770658423183792830e+07
5.681484529824789576e-01 5.387368467141209543e+07
5.946532662427046478e-01 5.073061478839653730e+07
6.223945611342215356e-01 4.779031924848164618e+07
6.514300210222929710e-01 4.400788961925873905e+07
6.818200202710160696e-01 4.136013999819783121e+07
7.136277497816758686e-01 3.923517623584144562e+07
7.469193483876155337e-01 3.645874270625317097e+07
7.817640403788362891e-01 3.401880556952104717e+07
8.182342794422867716e-01 3.227815964134849235e+07
8.564058993171398404e-01 2.977791130778042600e+07
8.963582714783228100e-01 2.792968351442024484e+07
9.381744701761730587e-01 2.605243901549014077e+07
9.819414451753946116e-01 2.429449484970313683e+07
1.027750202552496051e+00 2.275886963989660889e+07
1.075695993927647365e+00 2.085923722115281597e+07
1.125878514524432994e+00 1.919534212182521448e+07
1.178402110469330522e+00 1.769808003638612479e+07
1.233375995761962995e+00 1.653436776799967140e+07
1.290914479367274659e+00 1.508423382386716083e+07
1.351137202901832923e+00 1.410477354761232436e+07
1.414169389408483246e+00 1.280560996063277312e+07
1.480142103736643344e+00 1.194166710954760015e+07
1.549192525069651882e+00 1.092588886378103495e+07
1.621464232165851449e+00 1.005381453328654915e+07
1.697107501906508942e+00 9.181981710652479902e+06
1.776279621771362560e+00 8.401865261457944289e+06
1.859145216891527452e+00 7.777045230759819038e+06
1.945876592359817581e+00 7.024346293656863272e+06
2.036654091510258002e+00 6.581408133819128387e+06
2.131666470911770972e+00 6.170318758092253469e+06
2.231111292855769257e+00 5.615489047203234397e+06
2.335195336153773393e+00 5.153669811841444112e+06
2.444135026099235386e+00 4.663436538566357456e+06
2.558156884487600369e+00 4.211962902453378774e+06
2.677498000630348152e+00 3.835538772409208585e+06
2.802406524342412553e+00 3.536200786960823461e+06
2.933142181928062087e+00 3.275582374512508977e+06
