3.069976816238139533e-02 1.285739641041666746e+09
3.213194951921637121e-02 1.171664755527002811e+09
3.363094387046929729e-02 1.791550377292247772e+09
3.519986812322865172e-02 9.983923709504537582e+08
3.684198459207260745e-02 9.807845741454479694e+08
3.856070778250449138e-02 1.010171620898633122e+09
4.035961149084377197e-02 1.213171738584144354e+09
4.224243623533543990e-02 1.369881700120840788e+09
4.421309703392971302e-02 1.128898589239348650e+09
4.627569154490460829e-02 9.751493059031168222e+08
4.843450858725836805e-02 8.871082171783682108e+08
5.069403705858849252e-02 8.788903024739286900e+08
5.305897526900069106e-02 8.136743987699964046e+08
5.553424071045594268e-02 8.192658436264889240e+08
5.812498028186940946e-02 8.040595035832666159e+08
6.083658099122266766e-02 8.252246877148051262e+08
6.367468115694234487e-02 6.998148606159458160e+08
6.664518213183667772e-02 7.034744793718725443e+08
6.975426057396794111e-02 7.390314757523459196e+08
7.300838128997587384e-02 6.358441701146593094e+08
7.641431067755764805e-02 7.481185774602965117e+08
7.997913079505601652e-02 5.876334582138574123e+08
8.371025408741054885e-02 5.042801777306305170e+08
8.761543879909236554e-02 6.251624785254445076e+08
9.170280510607109470e-02 4.904067425254028440e+08
9.598085200035742781e-02 5.018023207411379218e+08
1.004584749622301765e-01 4.947919339413922429e+08
1.051449844568940195e-01 4.648386922863957882e+08
1.100501252940287722e-01 4.409629862542369962e+08
1.151840968904851020e-01 4.390271721662085056e+08
1.205575744782594882e-01 3.959662732560125589e+08
1.261817313018468445e-01 3.823042849560518265e+08
1.320682618511266337e-01 3.629867308472935557e+08
1.382294061780912076e-01 3.618653272885938287e+08
1.446779753479788821e-01 3.594844601429215670e+08
1.514273780777332656e-01 3.388281386914952397e+08
1.584916486171791816e-01 2.942881317448234558e+08
1.658854759308886484e-01 2.937686620660802722e+08
1.736242342414167639e-01 2.693729826929661036e+08
1.817240149974163610e-01 2.586781168594145775e+08
1.902016603331038169e-01 2.324985164298952520e+08
1.990747980886495849e-01 2.338693845974938869e+08
2.083618784643124222e-01 2.302198201132515669e+08
2.180822123845329585e-01 2.054093373020675778e+08
2.282560116517592663e-01 1.940529014449454248e+08
2.389044309734965343e-01 1.763478262147858441e+08
2.500496119499697190e-01 1.756193235425736606e+08
2.617147291138638421e-01 1.580961633298340142e+08
2.739240381178740802e-01 1.510501964880296290e+08
2.867029261702632170e-01 1.356006855701093972e+08
3.000779648232989039e-01 1.261312377877246290e+08
3.140769652243355914e-01 1.217413895381838381e+08
3.287290359444262067e-01 1.170506705187081397e+08
3.440646435047088891e-01 1.065078771991501600e+08
3.601156757264223351e-01 1.029748091227400601e+08
3.769155080362766030e-01 9.663120052551564574e+07
3.944990728650497602e-01 8.832953534662199020e+07
4.129029322837124427e-01 8.370833716413912177e+07
4.321653540281166217e-01 7.784917881285881996e+07
4.523263910703274604e-01 7.326710697990390658e+07
4.734279649020536884e-01 6.872839238957579434e+07
4.955139527033520785e-01 6.443721981293973327e+07
5.186302785778565960e-01 6.196757812436479330e+07
5.428250090442419129e-01 5.740144689187632501e+07
5.681484529824789576e-01 5.465536818225179613e+07
5.946532662427046478e-01 5.138911334130930901e+07
6.223945611342215356e-01 4.659316980073980242e+07
6.514300210222929710e-01 4.427684687353204191e+07
6.818200202710160696e-01 4.127093202428884059e+07
7.136277497816758686e-01 3.940889780592909455e+07
7.469193483876155337e-01 3.595245588878273964e+07
7.817640403788362891e-01 3.407371817477111518e+07
8.182342794422867716e-01 3.290679949143269658e+07
8.564058993171398404e-01 3.063002039607278630e+07
8.963582714783228100e-01 2.865394428129827604e+07
9.381744701761730587e-01 2.673211629507292062e+07
9.819414451753946116e-01 2.480129676890712976e+07
1.027750202552496051e+00 2.307561848666963726e+07
1.075695993927647365e+00 2.188673621446166188e+07
1.125878514524432994e+00 2.017939282417634130e+07
1.178402110469330522e+00 1.872186296293177456e+07
1.233375995761962995e+00 1.783349472499452531e+07
1.290914479367274659e+00 1.639155004487319477e+07
1.351137202901832923e+00 1.513056880490387417e+07
1.414169389408483246e+00 1.400329079092559405e+07
1.480142103736643344e+00 1.280083923823554441e+07
1.549192525069651882e+00 1.177088597072285041e+07
1.621464232165851449e+00 1.088094037822297961e+07
1.697107501906508942e+00 9.990618990770041943e+06
1.776279621771362560e+00 9.315140312257844955e+06
1.859145216891527452e+00 8.461463734360836446e+06
1.945876592359817581e+00 7.761144177057966590e+06
2.036654091510258002e+00 7.014630359970148653e+06
2.131666470911770972e+00 6.312544628484341316e+06
2.231111292855769257e+00 5.703591207529049367e+06
2.335195336153773393e+00 5.109962954635187984e+06
2.444135026099235386e+00 4.688495986730778590e+06
2.558156884487600369e+00 4.295625072712511756e+06
2.677498000630348152e+00 3.930907625153443776e+06
2.802406524342412553e+00 3.564594545413926244e+06
2.933142181928062087e+00 3.293815718297237996e+06
