3.069976816238139533e-02 1.506726910594732761e+09
3.213194951921637121e-02 1.280326442044354439e+09
3.363094387046929729e-02 1.155507912406774759e+09
3.519986812322865172e-02 1.080367188503723145e+09
3.684198459207260745e-02 9.102540744186407328e+08
3.856070778250449138e-02 1.270785606028623581e+09
4.035961149084377197e-02 1.084105675159414053e+09
4.224243623533543990e-02 1.138444876177340269e+09
4.421309703392971302e-02 1.051779101297848225e+09
4.627569154490460829e-02 8.067370236148936749e+08
4.843450858725836805e-02 9.308388610902730227e+08
5.069403705858849252e-02 1.018751375617134094e+09
5.305897526900069106e-02 1.033940491591007113e+09
5.553424071045594268e-02 8.065484155480942726e+08
5.812498028186940946e-02 8.762085686644371748e+08
6.083658099122266766e-02 8.720813298421790600e+08
6.367468115694234487e-02 8.376064044908862114e+08
6.664518213183667772e-02 8.539650391731203794e+08
6.975426057396794111e-02 7.956502881319618225e+08
7.300838128997587384e-02 7.486068384543582201e+08
7.641431067755764805e-02 7.201090099814718962e+08
7.997913079505601652e-02 6.491663806165531874e+08
8.371025408741054885e-02 5.801845913674170971e+08
8.761543879909236554e-02 5.844623096432132721e+08
9.170280510607109470e-02 6.125602175999492407e+08
9.598085200035742781e-02 5.731864018509542942e+08
1.004584749622301765e-01 5.190170463343154788e+08
1.051449844568940195e-01 5.313035958052382469e+08
1.100501252940287722e-01 4.706518008410712481e+08
1.151840968904851020e-01 4.708728709123263955e+08
1.205575744782594882e-01 4.181961853740022182e+08
1.261817313018468445e-01 4.456098901659693122e+08
1.320682618511266337e-01 4.065152762078559399e+08
1.382294061780912076e-01 3.674751114405273199e+08
1.446779753479788821e-01 3.380942659237982035e+08
1.514273780777332656e-01 3.450232498019539118e+08
1.584916486171791816e-01 3.321681149738558531e+08
1.658854759308886484e-01 2.819655008401079774e+08
1.736242342414167639e-01 2.742604609792554379e+08
1.817240149974163610e-01 2.582895714197529554e+08
1.902016603331038169e-01 2.767900193377196193e+08
1.990747980886495849e-01 2.413546218633059561e+08
2.083618784643124222e-01 2.350966959582793713e+08
2.180822123845329585e-01 2.212750339851871133e+08
2.282560116517592663e-01 2.162778052393150330e+08
2.389044309734965343e-01 1.998204668451317549e+08
2.500496119499697190e-01 1.797159696674009264e+08
2.617147291138638421e-01 1.702508031784867346e+08
2.739240381178740802e-01 1.628039926956183314e+08
2.867029261702632170e-01 1.497927463529018164e+08
3.000779648232989039e-01 1.440002194573815167e+08
3.140769652243355914e-01 1.307662306071182489e+08
3.287290359444262067e-01 1.262444117202518582e+08
3.440646435047088891e-01 1.189176454740493894e+08
3.601156757264223351e-01 1.143200684171476662e+08
3.769155080362766030e-01 1.025599696548377275e+08
3.944990728650497602e-01 9.672047460816580057e+07
4.129029322837124427e-01 9.109967293583410978e+07
4.321653540281166217e-01 8.269399368284752965e+07
4.523263910703274604e-01 7.785170105496266484e+07
4.734279649020536884e-01 7.199440265574343503e+07
4.955139527033520785e-01 7.115858820869080722e+07
5.186302785778565960e-01 6.593049623236056417e+07
5.428250090442419129e-01 6.291546624943311512e+07
5.681484529824789576e-01 6.009532067309115082e+07
5.946532662427046478e-01 5.469163387402062863e+07
6.223945611342215356e-01 5.164747132470055670e+07
6.514300210222929710e-01 4.758111016053506732e+07
6.818200202710160696e-01 4.536603002479260415e+07
7.136277497816758686e-01 4.323034445019907504e+07
7.469193483876155337e-01 3.997296259543445706e+07
7.817640403788362891e-01 3.750129530793482810e+07
8.182342794422867716e-01 3.489337902698084712e+07
8.564058993171398404e-01 3.189192511754544824e+07
8.963582714783228100e-01 2.967974716956892237e+07
9.381744701761730587e-01 2.747180848164361715e+07
9.819414451753946116e-01 2.512629019234435633e+07
1.027750202552496051e+00 2.402001700674673170e+07
1.075695993927647365e+00 2.194955901749130711e+07
1.125878514524432994e+00 2.056621286893266812e+07
1.178402110469330522e+00 1.877508041091773286e+07
1.233375995761962995e+00 1.715919456204274297e+07
1.290914479367274659e+00 1.557697463001102023e+07
1.351137202901832923e+00 1.427589346228942648e+07
1.414169389408483246e+00 1.318837707079555839e+07
1.480142103736643344e+00 1.204079930625215545e+07
1.549192525069651882e+00 1.108505270652655140e+07
1.621464232165851449e+00 1.021686000169737637e+07
1.697107501906508942e+00 9.295163703814553097e+06
1.776279621771362560e+00 8.440844295952808112e+06
1.859145216891527452e+00 7.627026775202960707e+06
1.945876592359817581e+00 6.927529841157048009e+06
2.036654091510258002e+00 6.212604223961505108e+06
2.131666470911770972e+00 5.673329360566708259e+06
2.231111292855769257e+00 5.205507112144730985e+06
2.335195336153773393e+00 4.834341633806223050e+06
2.444135026099235386e+00 4.472945576322179288e+06
2.558156884487600369e+00 4.029446944795515388e+06
2.677498000630348152e+00 3.602707929399572778e+06
2.802406524342412553e+00 3.184048580366189126e+06
2.933142181928062087e+00 2.886228554376190528e+06
