3.069976816238139533e-02 7.444690374868253469e+08
3.213194951921637121e-02 8.079863442178654671e+08
3.363094387046929729e-02 9.386591706334111691e+08
3.519986812322865172e-02 1.023488788411576509e+09
3.684198459207260745e-02 7.906695001008484364e+08
3.856070778250449138e-02 8.534968256579053402e+08
4.035961149084377197e-02 8.039838192733896971e+08
4.224243623533543990e-02 5.760964837963056564e+08
4.421309703392971302e-02 9.463498739576504230e+08
4.627569154490460829e-02 7.826833725851569176e+08
4.843450858725836805e-02 8.677316809391995668e+08
5.069403705858849252e-02 6.954346803573230505e+08
5.305897526900069106e-02 7.097981881570187807e+08
5.553424071045594268e-02 8.721399344387644529e+08
5.812498028186940946e-02 6.818108435671772957e+08
6.083658099122266766e-02 5.521212192078971863e+08
6.367468115694234487e-02 5.181989369419647455e+08
6.664518213183667772e-02 5.761079001523438692e+08
6.975426057396794111e-02 6.253505118796583414e+08
7.300838128997587384e-02 6.707311126760017872e+08
7.641431067755764805e-02 6.537967157945823669e+08
7.997913079505601652e-02 5.397693675766608715e+08
8.371025408741054885e-02 5.035252356918578148e+08
8.761543879909236554e-02 5.129763133563569188e+08
9.170280510607109470e-02 5.071705350877525806e+08
9.598085200035742781e-02 4.848710365973593593e+08
1.004584749622301765e-01 4.560228858989500999e+08
1.051449844568940195e-01 4.629505127656241655e+08
1.100501252940287722e-01 4.602612999561601281e+08
1.151840968904851020e-01 4.092489088812798858e+08
1.205575744782594882e-01 3.895050124645097852e+08
1.261817313018468445e-01 3.670351082485103607e+08
1.320682618511266337e-01 3.384691124266963005e+08
1.382294061780912076e-01 3.753147578457716703e+08
1.446779753479788821e-01 3.183574308632748127e+08
1.514273780777332656e-01 3.156578481155566573e+08
1.584916486171791816e-01 2.972666408801829815e+08
1.658854759308886484e-01 2.666063793030155599e+08
1.736242342414167639e-01 2.729282832272049785e+08
1.817240149974163610e-01 2.576633816136998236e+08
1.902016603331038169e-01 2.351029650057416260e+08
1.990747980886495849e-01 2.291021091258831620e+08
2.083618784643124222e-01 2.086202236135516763e+08
2.180822123845329585e-01 1.908776778604781628e+08
2.282560116517592663e-01 1.822653156050987840e+08
2.389044309734965343e-01 1.755217323465225995e+08
2.500496119499697190e-01 1.602676062959443331e+08
2.617147291138638421e-01 1.580821625379192531e+08
2.739240381178740802e-01 1.377316180410712063e+08
2.867029261702632170e-01 1.350444756304005086e+08
3.000779648232989039e-01 1.257770640047760904e+08
3.140769652243355914e-01 1.230950174231369048e+08
3.287290359444262067e-01 1.146617469766818285e+08
3.440646435047088891e-01 1.042967672404426336e+08
3.601156757264223351e-01 9.843256610778205097e+07
3.769155080362766030e-01 9.184747208416016400e+07
3.944990728650497602e-01 8.643040149379338324e+07
4.129029322837124427e-01 8.376941578096860647e+07
4.321653540281166217e-01 7.648076105835346878e+07
4.523263910703274604e-01 7.101225927149857581e+07
4.734279649020536884e-01 6.703337406424319744e+07
4.955139527033520785e-01 6.306264753875964880e+07
5.186302785778565960e-01 6.048913408969343454e+07
5.428250090442419129e-01 5.646941330097991973e+07
5.681484529824789576e-01 5.297866708823959529e+07
5.946532662427046478e-01 4.883109691499875486e+07
6.223945611342215356e-01 4.599373826446402818e+07
6.514300210222929710e-01 4.456434655154377222e+07
6.818200202710160696e-01 4.246751743010788411e+07
7.136277497816758686e-01 3.846067133095984906e+07
7.469193483876155337e-01 3.698963216450753063e+07
7.817640403788362891e-01 3.504320721951206028e+07
8.182342794422867716e-01 3.248919127244098112e+07
8.564058993171398404e-01 3.093656575345400348e+07
8.963582714783228100e-01 2.885624657443682849e+07
9.381744701761730587e-01 2.703598160892308131e+07
9.819414451753946116e-01 2.477988281086817384e+07
1.027750202552496051e+00 2.337670501810169220e+07
1.075695993927647365e+00 2.167064780774100870e+07
1.125878514524432994e+00 2.049235833346233144e+07
1.178402110469330522e+00 1.892183797284827381e+07
1.233375995761962995e+00 1.760920558471823856e+07
1.290914479367274659e+00 1.628919004414151981e+07
1.351137202901832923e+00 1.525611734393629432e+07
1.414169389408483246e+00 1.413910824824035354e+07
1.480142103736643344e+00 1.307117366592346318e+07
1.549192525069651882e+00 1.218953842489632405e+07
1.621464232165851449e+00 1.127399760444788262e+07
1.697107501906508942e+00 1.030697960483770631e+07
1.776279621771362560e+00 9.263406699314588681e+06
1.859145216891527452e+00 8.363948692687537521e+06
1.945876592359817581e+00 7.467754726576903835e+06
2.036654091510258002e+00 6.738433340490437113e+06
2.131666470911770972e+00 6.058683752799384296e+06
2.231111292855769257e+00 5.590427118047947064e+06
2.335195336153773393e+00 5.099582503012125380e+06
2.444135026099235386e+00 4.644766946966963820e+06
2.558156884487600369e+00 4.257441048981615342e+06
2.677498000630348152e+00 3.920124934507248923e+06
2.802406524342412553e+00 3.560847143066953868e+06
2.933142181928062087e+00 3.284954983696362004e+06
