3.069976816238139533e-02 9.222427733831416368e+08
3.213194951921637121e-02 1.075409308513688803e+09
3.363094387046929729e-02 9.724658199192456007e+08
3.519986812322865172e-02 8.348402842110314369e+08
3.684198459207260745e-02 7.369518761872816086e+08
3.856070778250449138e-02 7.429104235678305626e+08
4.035961149084377197e-02 9.034241241402356625e+08
4.224243623533543990e-02 6.913420538152706623e+08
4.421309703392971302e-02 6.914717084752984047e+08
4.627569154490460829e-02 9.002324096606671810e+08
4.843450858725836805e-02 6.985252746101357937e+08
5.069403705858849252e-02 8.137136344193346500e+08
5.305897526900069106e-02 7.382490656203100681e+08
5.553424071045594268e-02 6.245739025554887056e+08
5.812498028186940946e-02 8.277781465004330873e+08
6.083658099122266766e-02 5.889548770624029636e+08
6.367468115694234487e-02 6.657305881187229156e+08
6.664518213183667772e-02 7.480820101046512127e+08
6.975426057396794111e-02 6.154178375905132294e+08
7.300838128997587384e-02 6.245028880810097456e+08
7.641431067755764805e-02 5.936003043951829672e+08
7.997913079505601652e-02 5.778854155374271870e+08
8.371025408741054885e-02 6.476628510908838511e+08
8.761543879909236554e-02 5.008987106654573083e+08
9.170280510607109470e-02 4.890776403834160566e+08
9.598085200035742781e-02 4.416508102887362242e+08
1.004584749622301765e-01 4.724928650904780626e+08
1.051449844568940195e-01 4.542113715580292344e+08
1.100501252940287722e-01 4.261167663283677101e+08
1.151840968904851020e-01 4.088433815554571152e+08
1.205575744782594882e-01 3.946187839826293588e+08
1.261817313018468445e-01 4.142060883152712584e+08
1.320682618511266337e-01 3.472587935003896952e+08
1.382294061780912076e-01 3.361760171396011710e+08
1.446779753479788821e-01 2.990529539739035368e+08
1.514273780777332656e-01 2.991789931813935637e+08
1.584916486171791816e-01 2.809794232651753426e+08
1.658854759308886484e-01 2.591468257549987733e+08
1.736242342414167639e-01 2.526286785121293366e+08
1.817240149974163610e-01 2.443823241286082268e+08
1.902016603331038169e-01 2.294124681248628199e+08
1.990747980886495849e-01 2.124300322162693739e+08
2.083618784643124222e-01 2.030351312916439772e+08
2.180822123845329585e-01 1.896589856467275620e+08
2.282560116517592663e-01 1.789683304914399385e+08
2.389044309734965343e-01 1.698111318241084814e+08
2.500496119499697190e-01 1.608981882981995046e+08
2.617147291138638421e-01 1.524193554872411191e+08
2.739240381178740802e-01 1.434765625519011915e+08
2.867029261702632170e-01 1.345724885305827558e+08
3.000779648232989039e-01 1.256186562065782100e+08
3.140769652243355914e-01 1.176200554208443314e+08
3.287290359444262067e-01 1.118054109746834487e+08
3.440646435047088891e-01 1.007209800798287988e+08
3.601156757264223351e-01 1.014108723493624926e+08
3.769155080362766030e-01 9.265583470413222909e+07
3.944990728650497602e-01 8.690680000635233521e+07
4.129029322837124427e-01 8.094900622725908458e+07
4.321653540281166217e-01 7.649656429582247138e+07
4.523263910703274604e-01 6.985794606104093790e+07
4.734279649020536884e-01 6.663763233076559007e+07
4.955139527033520785e-01 6.489408763265883178e+07
5.186302785778565960e-01 6.065809594928885996e+07
5.428250090442419129e-01 5.563269035952415317e+07
5.681484529824789576e-01 5.367164746990242600e+07
5.946532662427046478e-01 4.987311411447104812e+07
6.223945611342215356e-01 4.729648520646119863e+07
6.514300210222929710e-01 4.396484864555517584e+07
6.818200202710160696e-01 4.193690630832940340e+07
7.136277497816758686e-01 4.010069826070512086e+07
7.469193483876155337e-01 3.713208009563033283e+07
7.817640403788362891e-01 3.501469627588616312e+07
8.182342794422867716e-01 3.255240280232103541e+07
8.564058993171398404e-01 3.061274047974597663e+07
8.963582714783228100e-01 2.815821670936714113e+07
9.381744701761730587e-01 2.688060306027029082e+07
9.819414451753946116e-01 2.467897476463843510e+07
1.027750202552496051e+00 2.311194025597858056e+07
1.075695993927647365e+00 2.154741690713120252e+07
1.125878514524432994e+00 2.004935889249840751e+07
1.178402110469330522e+00 1.867686816548887640e+07
1.233375995761962995e+00 1.762817159509200975e+07
1.290914479367274659e+00 1.641762221017167531e+07
1.351137202901832923e+00 1.510993500559368543e+07
1.414169389408483246e+00 1.403306737017408386e+07
1.480142103736643344e+00 1.270929585692244954e+07
1.549192525069651882e+00 1.161542034271118790e+07
1.621464232165851449e+00 1.035015738315105066e+07
1.697107501906508942e+00 9.408361015880765393e+06
1.776279621771362560e+00 8.606001446671625599e+06
1.859145216891527452e+00 7.744156651974819601e+06
1.945876592359817581e+00 7.101638365183943883e+06
2.036654091510258002e+00 6.540779985023364425e+06
2.131666470911770972e+00 5.908450629791878164e+06
2.231111292855769257e+00 5.406609525430217385e+06
2.335195336153773393e+00 4.920399237126513384e+06
2.444135026099235386e+00 4.503627745256202295e+06
2.558156884487600369e+00 4.115152815701971762e+06
2.677498000630348152e+00 3.771404960235847160e+06
2.802406524342412553e+00 3.453625148437103722e+06
2.933142181928062087e+00 3.182705273047063965e+06
