3.069976816238139533e-02 1.202183780037004709e+09
3.213194951921637121e-02 1.191165201465478897e+09
3.363094387046929729e-02 1.140333427036705017e+09
3.519986812322865172e-02 7.517358366826400757e+08
3.684198459207260745e-02 6.532727484835222960e+08
3.856070778250449138e-02 8.084319917003264427e+08
4.035961149084377197e-02 6.277520692931123972e+08
4.224243623533543990e-02 7.338959064201020002e+08
4.421309703392971302e-02 9.051403779467785358e+08
4.627569154490460829e-02 9.227186829491447210e+08
4.843450858725836805e-02 7.306603744069138765e+08
5.069403705858849252e-02 5.727948917759156227e+08
5.305897526900069106e-02 8.341129318044034243e+08
5.553424071045594268e-02 6.147096180864385366e+08
5.812498028186940946e-02 7.135599627502624989e+08
6.083658099122266766e-02 6.894470603512521982e+08
6.367468115694234487e-02 8.003872458345857859e+08
6.664518213183667772e-02 6.166304188400939703e+08
6.975426057396794111e-02 6.287974287967141867e+08
7.300838128997587384e-02 5.890430542899496555e+08
7.641431067755764805e-02 4.968144534625639915e+08
7.997913079505601652e-02 5.590818267670432329e+08
8.371025408741054885e-02 4.905629954572751522e+08
8.761543879909236554e-02 5.183685670248719454e+08
9.170280510607109470e-02 5.133318696402698755e+08
9.598085200035742781e-02 4.619936009350122213e+08
1.004584749622301765e-01 4.452565154639534354e+08
1.051449844568940195e-01 4.384705040096058846e+08
1.100501252940287722e-01 4.404229207284414768e+08
1.151840968904851020e-01 4.259938791371973753e+08
1.205575744782594882e-01 3.514953509220083952e+08
1.261817313018468445e-01 3.756011068324695230e+08
1.320682618511266337e-01 3.606426556404328346e+08
1.382294061780912076e-01 3.350702721639434099e+08
1.446779753479788821e-01 2.994881265232352614e+08
1.514273780777332656e-01 3.161159636914038658e+08
1.584916486171791816e-01 2.858782309112131596e+08
1.658854759308886484e-01 2.703809651531105042e+08
1.736242342414167639e-01 2.417781217051922381e+08
1.817240149974163610e-01 2.491987346173113585e+08
1.902016603331038169e-01 2.271069588563049436e+08
1.990747980886495849e-01 2.162889786966085434e+08
2.083618784643124222e-01 1.953040807853983641e+08
2.180822123845329585e-01 1.885684629020857513e+08
2.282560116517592663e-01 1.858244931188120842e+08
2.389044309734965343e-01 1.675987846572788060e+08
2.500496119499697190e-01 1.579637198741687834e+08
2.617147291138638421e-01 1.477583506180790067e+08
2.739240381178740802e-01 1.405093919312838018e+08
2.867029261702632170e-01 1.371172966175161898e+08
3.000779648232989039e-01 1.283404982271408737e+08
3.140769652243355914e-01 1.200315733024060875e+08
3.287290359444262067e-01 1.108526705778285563e+08
3.440646435047088891e-01 1.081338238667266518e+08
3.601156757264223351e-01 9.510101780626793206e+07
3.769155080362766030e-01 8.924670884267009795e+07
3.944990728650497602e-01 8.290914272618372738e+07
4.129029322837124427e-01 8.047482729081387818e+07
4.321653540281166217e-01 7.300156520622219145e+07
4.523263910703274604e-01 6.959921340731535852e+07
4.734279649020536884e-01 6.751713418377962708e+07
4.955139527033520785e-01 6.297450662120730430e+07
5.186302785778565960e-01 5.824276716904720664e+07
5.428250090442419129e-01 5.503505534885999560e+07
5.681484529824789576e-01 5.171659497937987745e+07
5.946532662427046478e-01 4.922503549267112464e+07
6.223945611342215356e-01 4.567519287094376981e+07
6.514300210222929710e-01 4.347666132724334300e+07
6.818200202710160696e-01 4.060302152510089427e+07
7.136277497816758686e-01 3.792534569445960224e+07
7.469193483876155337e-01 3.540206434261168540e+07
7.817640403788362891e-01 3.270382776114826277e+07
8.182342794422867716e-01 3.126635478536550701e+07
8.564058993171398404e-01 2.804556440368052199e+07
8.963582714783228100e-01 2.720828052874185890e+07
9.381744701761730587e-01 2.516430942357154191e+07
9.819414451753946116e-01 2.341287469315490499e+07
1.027750202552496051e+00 2.181070348313663155e+07
1.075695993927647365e+00 2.063639980267552286e+07
1.125878514524432994e+00 1.930556429251259193e+07
1.178402110469330522e+00 1.779788356592294574e+07
1.233375995761962995e+00 1.692404229020528495e+07
1.290914479367274659e+00 1.542560145912908576e+07
1.351137202901832923e+00 1.426638446132459119e+07
1.414169389408483246e+00 1.310106904205731302e+07
1.480142103736643344e+00 1.187240478872662038e+07
1.549192525069651882e+00 1.081425072705234773e+07
1.621464232165851449e+00 9.958623960460076109e+06
1.697107501906508942e+00 9.107806963327873498e+06
1.776279621771362560e+00 8.254293359362770803e+06
1.859145216891527452e+00 7.615347471594667993e+06
1.945876592359817581e+00 6.919213881720872596e+06
2.036654091510258002e+00 6.282740090261248872e+06
2.131666470911770972e+00 5.828193161265973933e+06
2.231111292855769257e+00 5.311176180040793493e+06
2.335195336153773393e+00 4.822925396191677079e+06
2.444135026099235386e+00 4.411604520226816647e+06
2.558156884487600369e+00 4.036373455865962896e+06
2.677498000630348152e+00 3.681388297646435443e+06
2.802406524342412553e+00 3.402242443834922276e+06
2.933142181928062087e+00 3.144868746281764936e+06
