3.069976816238139533e-02 1.093056025031178951e+09
3.213194951921637121e-02 6.385755511728391647e+08
3.363094387046929729e-02 9.787063683024768829e+08
3.519986812322865172e-02 7.100514223917839527e+08
3.684198459207260745e-02 6.300398082117723227e+08
3.856070778250449138e-02 3.919987759544559121e+08
4.035961149084377197e-02 7.064875048852304220e+08
4.224243623533543990e-02 6.748734307652832270e+08
4.421309703392971302e-02 6.701066833047610521e+08
4.627569154490460829e-02 6.196120771301844120e+08
4.843450858725836805e-02 6.482716707880225182e+08
5.069403705858849252e-02 6.238915779060692787e+08
5.305897526900069106e-02 6.473174018434728384e+08
5.553424071045594268e-02 5.210865695178089142e+08
5.812498028186940946e-02 6.430084877875393629e+08
6.083658099122266766e-02 4.618522472227675915e+08
6.367468115694234487e-02 4.680232473677855730e+08
6.664518213183667772e-02 4.385003479544075131e+08
6.975426057396794111e-02 4.063788938904033899e+08
7.300838128997587384e-02 4.019695706014202237e+08
7.641431067755764805e-02 3.710910097236648202e+08
7.997913079505601652e-02 3.884740627747022510e+08
8.371025408741054885e-02 3.568991545430647135e+08
8.761543879909236554e-02 3.279274454919342399e+08
9.170280510607109470e-02 3.458036678663260937e+08
9.598085200035742781e-02 3.474586719322246313e+08
1.004584749622301765e-01 3.077102603900796771e+08
1.051449844568940195e-01 2.973026630561181307e+08
1.100501252940287722e-01 2.629953677837847471e+08
1.151840968904851020e-01 2.796285780557284951e+08
1.205575744782594882e-01 2.788086808565450907e+08
1.261817313018468445e-01 2.421568705152920485e+08
1.320682618511266337e-01 2.531408002833013833e+08
1.382294061780912076e-01 2.069006126310890317e+08
1.446779753479788821e-01 2.179228803332380950e+08
1.514273780777332656e-01 2.039535799116615951e+08
1.584916486171791816e-01 1.989103475792508125e+08
1.658854759308886484e-01 1.790109257156982124e+08
1.736242342414167639e-01 1.752374990705811977e+08
1.817240149974163610e-01 1.558254518815256357e+08
1.902016603331038169e-01 1.568068384465084374e+08
1.990747980886495849e-01 1.426753439678497910e+08
2.083618784643124222e-01 1.401833361597421169e+08
2.180822123845329585e-01 1.279460329716871530e+08
2.282560116517592663e-01 1.163518381315305680e+08
2.389044309734965343e-01 1.111188678008216769e+08
2.500496119499697190e-01 9.903543378493244946e+07
2.617147291138638421e-01 9.163921712959484756e+07
2.739240381178740802e-01 8.574700816333504021e+07
2.867029261702632170e-01 7.816766186598280072e+07
3.000779648232989039e-01 7.192102625483563542e+07
3.140769652243355914e-01 7.088067649590557814e+07
3.287290359444262067e-01 6.039688366032283008e+07
3.440646435047088891e-01 5.572162060032965243e+07
3.601156757264223351e-01 5.027259473487016559e+07
3.769155080362766030e-01 4.525984380271835625e+07
3.944990728650497602e-01 4.220549536977296323e+07
4.129029322837124427e-01 3.743132014313973486e+07
4.321653540281166217e-01 3.419682780263757706e+07
4.523263910703274604e-01 3.105689046754707769e+07
4.734279649020536884e-01 2.986849961743787304e+07
4.955139527033520785e-01 2.822574260032171756e+07
5.186302785778565960e-01 2.637888651624905691e+07
5.428250090442419129e-01 2.596618432513940707e+07
5.681484529824789576e-01 2.510860076082592458e+07
5.946532662427046478e-01 2.360703997211254388e+07
6.223945611342215356e-01 2.265599766934920102e+07
6.514300210222929710e-01 2.058366246787447110e+07
6.818200202710160696e-01 2.014671420342734084e+07
7.136277497816758686e-01 1.868167340747116879e+07
7.469193483876155337e-01 1.788405160340751335e+07
7.817640403788362891e-01 1.739434657438968495e+07
8.182342794422867716e-01 1.609929379598011449e+07
8.564058993171398404e-01 1.432373772080283239e+07
8.963582714783228100e-01 1.301212169486819580e+07
9.381744701761730587e-01 1.131236111425285041e+07
9.819414451753946116e-01 1.014684781868333742e+07
1.027750202552496051e+00 8.997793012845410034e+06
1.075695993927647365e+00 7.708152168226933107e+06
1.125878514524432994e+00 6.711874617361393757e+06
1.178402110469330522e+00 5.705368081195679493e+06
1.233375995761962995e+00 5.279124010317493230e+06
1.290914479367274659e+00 4.635804966291847639e+06
1.351137202901832923e+00 4.125604051700936630e+06
1.414169389408483246e+00 3.735526873964013997e+06
1.480142103736643344e+00 3.386975183546175249e+06
1.549192525069651882e+00 3.020466287871040870e+06
1.621464232165851449e+00 2.699927093644497916e+06
1.697107501906508942e+00 2.411753422428139485e+06
1.776279621771362560e+00 2.201347137855974026e+06
1.859145216891527452e+00 2.085919549794949358e+06
1.945876592359817581e+00 1.965778597304586554e+06
2.036654091510258002e+00 1.765737587548942305e+06
2.131666470911770972e+00 1.650448899431868689e+06
2.231111292855769257e+00 1.514279823136157356e+06
2.335195336153773393e+00 1.404479872411578661e+06
2.444135026099235386e+00 1.279487685536082834e+06
2.558156884487600369e+00 1.102615355969132157e+06
2.677498000630348152e+00 9.918990731296623126e+05
2.802406524342412553e+00 9.358713525251140818e+05
2.933142181928062087e+00 8.729076028509067837e+05
