3.069976816238139533e-02 1.266381708711882591e+09
3.213194951921637121e-02 9.302268204875220060e+08
3.363094387046929729e-02 6.864851638334209919e+08
3.519986812322865172e-02 9.583561873944950104e+08
3.684198459207260745e-02 8.758308721142858267e+08
3.856070778250449138e-02 8.101880157440149784e+08
4.035961149084377197e-02 6.075576916793520451e+08
4.224243623533543990e-02 7.610066492019484043e+08
4.421309703392971302e-02 8.767020619348443747e+08
4.627569154490460829e-02 8.660655921697084904e+08
4.843450858725836805e-02 6.999362485247445107e+08
5.069403705858849252e-02 7.243090770311951637e+08
5.305897526900069106e-02 7.426076282989571095e+08
5.553424071045594268e-02 6.900341127680500746e+08
5.812498028186940946e-02 6.723883923595769405e+08
6.083658099122266766e-02 6.032900530988621712e+08
6.367468115694234487e-02 6.067543058068463802e+08
6.664518213183667772e-02 7.061702590312626362e+08
6.975426057396794111e-02 5.426728685864893198e+08
7.300838128997587384e-02 5.520694177729970217e+08
7.641431067755764805e-02 5.584929839666504860e+08
7.997913079505601652e-02 5.975076663485263586e+08
8.371025408741054885e-02 4.878462851607746482e+08
8.761543879909236554e-02 5.162556534516677856e+08
9.170280510607109470e-02 5.305420274630573392e+08
9.598085200035742781e-02 4.936238932985733747e+08
1.004584749622301765e-01 4.775119447873461246e+08
1.051449844568940195e-01 5.005328994167499542e+08
1.100501252940287722e-01 4.101877617788858414e+08
1.151840968904851020e-01 4.381135947914841771e+08
1.205575744782594882e-01 4.097811155046814680e+08
1.261817313018468445e-01 3.554585893999066353e+08
1.320682618511266337e-01 3.701727955316895247e+08
1.382294061780912076e-01 3.606703911601489782e+08
1.446779753479788821e-01 3.266960321624640226e+08
1.514273780777332656e-01 3.161670873503096700e+08
1.584916486171791816e-01 2.642020625871205926e+08
1.658854759308886484e-01 2.617177709289514720e+08
1.736242342414167639e-01 2.756124938123881817e+08
1.817240149974163610e-01 2.479278262964702249e+08
1.902016603331038169e-01 2.221230503312477469e+08
1.990747980886495849e-01 2.185941871791483164e+08
2.083618784643124222e-01 2.171715045474019647e+08
2.180822123845329585e-01 1.926927527825365067e+08
2.282560116517592663e-01 1.775830874110299945e+08
2.389044309734965343e-01 1.733365860739091337e+08
2.500496119499697190e-01 1.547414667348347902e+08
2.617147291138638421e-01 1.520796065810266435e+08
2.739240381178740802e-01 1.422964697214783728e+08
2.867029261702632170e-01 1.372022732449587882e+08
3.000779648232989039e-01 1.283376801360779405e+08
3.140769652243355914e-01 1.224291964508000314e+08
3.287290359444262067e-01 1.100032139415650964e+08
3.440646435047088891e-01 1.024459710935939848e+08
3.601156757264223351e-01 9.930690339805428684e+07
3.769155080362766030e-01 9.335300884302119911e+07
3.944990728650497602e-01 8.669328994378405809e+07
4.129029322837124427e-01 8.286245049067509174e+07
4.321653540281166217e-01 7.812303502181789279e+07
4.523263910703274604e-01 7.077245278768722713e+07
4.734279649020536884e-01 6.751609379559426010e+07
4.955139527033520785e-01 6.413062915533315390e+07
5.186302785778565960e-01 5.946506759208574146e+07
5.428250090442419129e-01 5.579146764838393033e+07
5.681484529824789576e-01 5.145935223011410236e+07
5.946532662427046478e-01 4.881683587860509753e+07
6.223945611342215356e-01 4.626852405620341748e+07
6.514300210222929710e-01 4.374568027113291621e+07
6.818200202710160696e-01 4.135768685277876258e+07
7.136277497816758686e-01 3.862190908229263127e+07
7.469193483876155337e-01 3.532655442232657224e+07
7.817640403788362891e-01 3.275933371102276072e+07
8.182342794422867716e-01 3.074647365819455311e+07
8.564058993171398404e-01 2.892458147089321911e+07
8.963582714783228100e-01 2.653785811925539747e+07
9.381744701761730587e-01 2.524503664541583136e+07
9.819414451753946116e-01 2.357624965704686940e+07
1.027750202552496051e+00 2.195801107809824497e+07
1.075695993927647365e+00 2.093509502544088662e+07
1.125878514524432994e+00 1.952204296359409392e+07
1.178402110469330522e+00 1.817268462860889733e+07
1.233375995761962995e+00 1.680918162675501406e+07
1.290914479367274659e+00 1.570015921443258598e+07
1.351137202901832923e+00 1.452282115359234251e+07
1.414169389408483246e+00 1.312044768673560955e+07
1.480142103736643344e+00 1.208604460141833127e+07
1.549192525069651882e+00 1.098884267113694362e+07
1.621464232165851449e+00 9.907678741162518039e+06
1.697107501906508942e+00 9.228086326860906556e+06
1.776279621771362560e+00 8.392261085554227233e+06
1.859145216891527452e+00 7.666768125060246326e+06
1.945876592359817581e+00 7.040028002791039646e+06
2.036654091510258002e+00 6.404004548242391087e+06
2.131666470911770972e+00 5.857533292459041812e+06
2.231111292855769257e+00 5.382670844920656644e+06
2.335195336153773393e+00 4.893150339052528143e+06
2.444135026099235386e+00 4.496625932121015154e+06
2.558156884487600369e+00 4.109043713296103757e+06
2.677498000630348152e+00 3.689983457806731574e+06
2.802406524342412553e+00 3.373322394843984395e+06
2.933142181928062087e+00 3.091143968741588295e+06
