3.069976816238139533e-02 6.904725480857508183e+08
3.213194951921637121e-02 7.226448532401144505e+08
3.363094387046929729e-02 7.939273835083692074e+08
3.519986812322865172e-02 6.629744026492304802e+08
3.684198459207260745e-02 6.353472546691900492e+08
3.856070778250449138e-02 6.286883477605125904e+08
4.035961149084377197e-02 4.865079171005833745e+08
4.224243623533543990e-02 5.877986805993962288e+08
4.421309703392971302e-02 6.489694446667512655e+08
4.627569154490460829e-02 5.244304684400125742e+08
4.843450858725836805e-02 3.941968811616351008e+08
5.069403705858849252e-02 4.679858875198759437e+08
5.305897526900069106e-02 4.799539188018581867e+08
5.553424071045594268e-02 3.539598885977674723e+08
5.812498028186940946e-02 3.524507161888077855e+08
6.083658099122266766e-02 3.630229248413090706e+08
6.367468115694234487e-02 3.137869590590867400e+08
6.664518213183667772e-02 2.657366699198866785e+08
6.975426057396794111e-02 3.053699738013625741e+08
7.300838128997587384e-02 2.767884540184301138e+08
7.641431067755764805e-02 3.022393383967708349e+08
7.997913079505601652e-02 3.114525408653017879e+08
8.371025408741054885e-02 2.828379279147423506e+08
8.761543879909236554e-02 2.385569097475530505e+08
9.170280510607109470e-02 2.488765272941505909e+08
9.598085200035742781e-02 2.617034585141718984e+08
1.004584749622301765e-01 2.532575225043835938e+08
1.051449844568940195e-01 2.196787406727088690e+08
1.100501252940287722e-01 2.266382650199421942e+08
1.151840968904851020e-01 1.968305307649597228e+08
1.205575744782594882e-01 2.083876186893021762e+08
1.261817313018468445e-01 1.724320974178095460e+08
1.320682618511266337e-01 1.707859637115497589e+08
1.382294061780912076e-01 1.843415549296963513e+08
1.446779753479788821e-01 1.610706977655513287e+08
1.514273780777332656e-01 1.436340027609256208e+08
1.584916486171791816e-01 1.235013984389699996e+08
1.658854759308886484e-01 1.242409233616141975e+08
1.736242342414167639e-01 1.164882609027911723e+08
1.817240149974163610e-01 1.079862599968032837e+08
1.902016603331038169e-01 1.114560817527860403e+08
1.990747980886495849e-01 9.419385144709067047e+07
2.083618784643124222e-01 9.129589829875001311e+07
2.180822123845329585e-01 8.047457878237234056e+07
2.282560116517592663e-01 7.982620376582889259e+07
2.389044309734965343e-01 6.843061820687174797e+07
2.500496119499697190e-01 6.528067158021209389e+07
2.617147291138638421e-01 6.237719132744132727e+07
2.739240381178740802e-01 5.114416346542368084e+07
2.867029261702632170e-01 4.626842170413520932e+07
3.000779648232989039e-01 4.634762379757575691e+07
3.140769652243355914e-01 4.163295882292897254e+07
3.287290359444262067e-01 3.732413217042889446e+07
3.440646435047088891e-01 3.546018965413442999e+07
3.601156757264223351e-01 2.920843457492412999e+07
3.769155080362766030e-01 2.623959482384539768e+07
3.944990728650497602e-01 2.692370733828572556e+07
4.129029322837124427e-01 2.276592989046218991e+07
4.321653540281166217e-01 2.269687686838060990e+07
4.523263910703274604e-01 2.017984979208740592e+07
4.734279649020536884e-01 1.989782042490143329e+07
4.955139527033520785e-01 1.839216583881514147e+07
5.186302785778565960e-01 1.723246259947885200e+07
5.428250090442419129e-01 1.617244938572178781e+07
5.681484529824789576e-01 1.555878122339612804e+07
5.946532662427046478e-01 1.401481248663615249e+07
6.223945611342215356e-01 1.260730119715482183e+07
6.514300210222929710e-01 1.158082641218859516e+07
6.818200202710160696e-01 1.112588152105316706e+07
7.136277497816758686e-01 1.024338841099327244e+07
7.469193483876155337e-01 9.372494143827350810e+06
7.817640403788362891e-01 9.043636860045401379e+06
8.182342794422867716e-01 8.985385749343505129e+06
8.564058993171398404e-01 8.614694209469087422e+06
8.963582714783228100e-01 7.924634937639414333e+06
9.381744701761730587e-01 7.337911759287258610e+06
9.819414451753946116e-01 6.290464025957225822e+06
1.027750202552496051e+00 5.895389659248974174e+06
1.075695993927647365e+00 5.495962389503271319e+06
1.125878514524432994e+00 5.124721434792303480e+06
1.178402110469330522e+00 4.518406381583248265e+06
1.233375995761962995e+00 3.937418671827592887e+06
1.290914479367274659e+00 3.329366556991016958e+06
1.351137202901832923e+00 2.866393238938746043e+06
1.414169389408483246e+00 2.615378310673760716e+06
1.480142103736643344e+00 2.318085785302460659e+06
1.549192525069651882e+00 2.216833846777379978e+06
1.621464232165851449e+00 1.910523364294087281e+06
1.697107501906508942e+00 1.665614294692404568e+06
1.776279621771362560e+00 1.473632671520991251e+06
1.859145216891527452e+00 1.273530048742227256e+06
1.945876592359817581e+00 1.031383136608486297e+06
2.036654091510258002e+00 8.627683697040578118e+05
2.131666470911770972e+00 7.683541308223933447e+05
2.231111292855769257e+00 6.652492531276704976e+05
2.335195336153773393e+00 5.771960271758050658e+05
2.444135026099235386e+00 5.543950821791465860e+05
2.558156884487600369e+00 5.402621243718052283e+05
2.677498000630348152e+00 5.175329588414006284e+05
2.802406524342412553e+00 4.209004217025997932e+05
2.933142181928062087e+00 3.699888043411443941e+05
