3.069976816238139533e-02 6.646990822731583118e+08
3.213194951921637121e-02 7.846323599048100710e+08
3.363094387046929729e-02 8.419291403443800211e+08
3.519986812322865172e-02 7.742637700227620602e+08
3.684198459207260745e-02 7.366767582203892469e+08
3.856070778250449138e-02 8.656581738759589195e+08
4.035961149084377197e-02 5.990503319439157248e+08
4.224243623533543990e-02 6.144568372020857334e+08
4.421309703392971302e-02 7.693840922836145163e+08
4.627569154490460829e-02 7.135525101819263697e+08
4.843450858725836805e-02 8.083951447734978199e+08
5.069403705858849252e-02 7.990961701843383312e+08
5.305897526900069106e-02 6.955039378445188999e+08
5.553424071045594268e-02 7.270354324519050121e+08
5.812498028186940946e-02 7.383024139792696238e+08
6.083658099122266766e-02 6.484649572623727322e+08
6.367468115694234487e-02 5.977530772464849949e+08
6.664518213183667772e-02 6.590582847055647373e+08
6.975426057396794111e-02 5.712176506771900654e+08
7.300838128997587384e-02 5.684479525558331013e+08
7.641431067755764805e-02 5.324035058052479029e+08
7.997913079505601652e-02 5.093804068564302921e+08
8.371025408741054885e-02 4.998800394986893535e+08
8.761543879909236554e-02 5.290619794983379841e+08
9.170280510607109470e-02 5.657671507552610636e+08
9.598085200035742781e-02 4.944735848005271554e+08
1.004584749622301765e-01 4.702721379176759124e+08
1.051449844568940195e-01 4.478130092513898611e+08
1.100501252940287722e-01 3.944231452422265410e+08
1.151840968904851020e-01 3.978833626300221682e+08
1.205575744782594882e-01 3.684560536760376692e+08
1.261817313018468445e-01 3.617560393213338256e+08
1.320682618511266337e-01 3.578383179904971719e+08
1.382294061780912076e-01 3.285139080896465182e+08
1.446779753479788821e-01 3.110169488751653433e+08
1.514273780777332656e-01 2.961401206402928233e+08
1.584916486171791816e-01 2.698232342007997036e+08
1.658854759308886484e-01 2.828441150961939096e+08
1.736242342414167639e-01 2.611769191937400401e+08
1.817240149974163610e-01 2.363850533375595212e+08
1.902016603331038169e-01 2.400888196266652644e+08
1.990747980886495849e-01 2.153224840751743615e+08
2.083618784643124222e-01 2.075673695548528433e+08
2.180822123845329585e-01 1.865517311080209613e+08
2.282560116517592663e-01 1.882782831992635727e+08
2.389044309734965343e-01 1.763706417528263927e+08
2.500496119499697190e-01 1.565488155067495406e+08
2.617147291138638421e-01 1.504799069855620563e+08
2.739240381178740802e-01 1.442444444375582635e+08
2.867029261702632170e-01 1.348081117441125214e+08
3.000779648232989039e-01 1.299487977719928175e+08
3.140769652243355914e-01 1.195808675091462731e+08
3.287290359444262067e-01 1.104611648237483650e+08
3.440646435047088891e-01 1.064165708543045074e+08
3.601156757264223351e-01 9.701919465525843203e+07
3.769155080362766030e-01 9.316919326570029557e+07
3.944990728650497602e-01 8.512285524663305283e+07
4.129029322837124427e-01 8.055046535772919655e+07
4.321653540281166217e-01 7.466670589681583643e+07
4.523263910703274604e-01 7.134164311477740109e+07
4.734279649020536884e-01 6.648253980195356160e+07
4.955139527033520785e-01 6.285758259575018287e+07
5.186302785778565960e-01 5.906293258751867712e+07
5.428250090442419129e-01 5.623936581922431290e+07
5.681484529824789576e-01 5.275358197769407183e+07
5.946532662427046478e-01 4.997236538829559833e+07
6.223945611342215356e-01 4.684931514002975821e+07
6.514300210222929710e-01 4.370268107036149502e+07
6.818200202710160696e-01 4.171268432086282969e+07
7.136277497816758686e-01 3.883587993344858289e+07
7.469193483876155337e-01 3.594921191597913206e+07
7.817640403788362891e-01 3.409658338192071021e+07
8.182342794422867716e-01 3.229758839052730054e+07
8.564058993171398404e-01 3.010940552672170848e+07
8.963582714783228100e-01 2.768251687462903932e+07
9.381744701761730587e-01 2.632034586800516397e+07
9.819414451753946116e-01 2.484070559659786522e+07
1.027750202552496051e+00 2.324128752898823470e+07
1.075695993927647365e+00 2.162969035051425174e+07
1.125878514524432994e+00 2.041788985892982036e+07
1.178402110469330522e+00 1.891332276029706374e+07
1.233375995761962995e+00 1.772368295651514456e+07
1.290914479367274659e+00 1.682267574046125263e+07
1.351137202901832923e+00 1.535650416785394587e+07
1.414169389408483246e+00 1.412959960535836779e+07
1.480142103736643344e+00 1.319107055661886185e+07
1.549192525069651882e+00 1.198381145265923440e+07
1.621464232165851449e+00 1.106205589863459766e+07
1.697107501906508942e+00 1.004635199432919361e+07
1.776279621771362560e+00 9.236009940056713298e+06
1.859145216891527452e+00 8.340701961679974571e+06
1.945876592359817581e+00 7.518638291376502253e+06
2.036654091510258002e+00 6.640956103626219556e+06
2.131666470911770972e+00 6.040058092545995489e+06
2.231111292855769257e+00 5.492502270523281768e+06
2.335195336153773393e+00 5.049005595449204557e+06
2.444135026099235386e+00 4.606379273578464985e+06
2.558156884487600369e+00 4.194336023700772785e+06
2.677498000630348152e+00 3.867439583988765720e+06
2.802406524342412553e+00 3.531889484345217701e+06
2.933142181928062087e+00 3.240391185716736596e+06
