3.069976816238139533e-02 1.412366447721196413e+09
3.213194951921637121e-02 7.567365783261650801e+08
3.363094387046929729e-02 1.377011817360744238e+09
3.519986812322865172e-02 1.022197253166104078e+09
3.684198459207260745e-02 8.326153446547398567e+08
3.856070778250449138e-02 6.265830230084936619e+08
4.035961149084377197e-02 7.780468768669639826e+08
4.224243623533543990e-02 9.814678855332278013e+08
4.421309703392971302e-02 9.176753173976979256e+08
4.627569154490460829e-02 8.468463812532854080e+08
4.843450858725836805e-02 7.435828435013835430e+08
5.069403705858849252e-02 7.978805444649981260e+08
5.305897526900069106e-02 8.179738512950693369e+08
5.553424071045594268e-02 7.724023448861749172e+08
5.812498028186940946e-02 8.979219352653620243e+08
6.083658099122266766e-02 7.201170431578836441e+08
6.367468115694234487e-02 6.454168955891256332e+08
6.664518213183667772e-02 6.146216913378565311e+08
6.975426057396794111e-02 6.596938596292396784e+08
7.300838128997587384e-02 5.592560402943742275e+08
7.641431067755764805e-02 6.475467562596852779e+08
7.997913079505601652e-02 5.603771907257359028e+08
8.371025408741054885e-02 5.300072781136928797e+08
8.761543879909236554e-02 5.664574679556092024e+08
9.170280510607109470e-02 5.286150145905550122e+08
9.598085200035742781e-02 5.233546072923070192e+08
1.004584749622301765e-01 5.224428850315962434e+08
1.051449844568940195e-01 4.792476602501673698e+08
1.100501252940287722e-01 4.179494731788250804e+08
1.151840968904851020e-01 3.939954679569970965e+08
1.205575744782594882e-01 3.781547674041859508e+08
1.261817313018468445e-01 3.579107762535272837e+08
1.320682618511266337e-01 3.504613853366277218e+08
1.382294061780912076e-01 3.393278135087742209e+08
1.446779753479788821e-01 3.237316339098240733e+08
1.514273780777332656e-01 3.126343986564608812e+08
1.584916486171791816e-01 2.934999295577033162e+08
1.658854759308886484e-01 2.754161585925701857e+08
1.736242342414167639e-01 2.664007920293776393e+08
1.817240149974163610e-01 2.369373642913328707e+08
1.902016603331038169e-01 2.386568943724791706e+08
1.990747980886495849e-01 2.136996551975445747e+08
2.083618784643124222e-01 2.085766611569211781e+08
2.180822123845329585e-01 1.977226383917675018e+08
2.282560116517592663e-01 1.823881187418374717e+08
2.389044309734965343e-01 1.711309243770363629e+08
2.500496119499697190e-01 1.663030857044913769e+08
2.617147291138638421e-01 1.601960801656000018e+08
2.739240381178740802e-01 1.439842694194270372e+08
2.867029261702632170e-01 1.390657602036044598e+08
3.000779648232989039e-01 1.295800041648378968e+08
3.140769652243355914e-01 1.188757623826881945e+08
3.287290359444262067e-01 1.109740259223299026e+08
3.440646435047088891e-01 1.054996214550451487e+08
3.601156757264223351e-01 1.004588986945152432e+08
3.769155080362766030e-01 9.035873346299262345e+07
3.944990728650497602e-01 8.746258654587359726e+07
4.129029322837124427e-01 8.530943403290590644e+07
4.321653540281166217e-01 7.905663647441226244e+07
4.523263910703274604e-01 7.314458451372510195e+07
4.734279649020536884e-01 6.748988590219806135e+07
4.955139527033520785e-01 6.340450140845656395e+07
5.186302785778565960e-01 5.866586813337109983e+07
5.428250090442419129e-01 5.454710897228947282e+07
5.681484529824789576e-01 5.308275166856461763e+07
5.946532662427046478e-01 4.935077515499962866e+07
6.223945611342215356e-01 4.584504966733781248e+07
6.514300210222929710e-01 4.408473745971886069e+07
6.818200202710160696e-01 4.072630465206220746e+07
7.136277497816758686e-01 3.899046792735081911e+07
7.469193483876155337e-01 3.600726286370929331e+07
7.817640403788362891e-01 3.355027936963456497e+07
8.182342794422867716e-01 3.115039211135358736e+07
8.564058993171398404e-01 2.929825533514820039e+07
8.963582714783228100e-01 2.693267661437137425e+07
9.381744701761730587e-01 2.512260300086434186e+07
9.819414451753946116e-01 2.376783116506089270e+07
1.027750202552496051e+00 2.185519469054730982e+07
1.075695993927647365e+00 2.041058327340624109e+07
1.125878514524432994e+00 1.890579103968682140e+07
1.178402110469330522e+00 1.761862077422363311e+07
1.233375995761962995e+00 1.630596862023747526e+07
1.290914479367274659e+00 1.493304471561137773e+07
1.351137202901832923e+00 1.377061103560258448e+07
1.414169389408483246e+00 1.267393720753818005e+07
1.480142103736643344e+00 1.161129831380436011e+07
1.549192525069651882e+00 1.077162344676908664e+07
1.621464232165851449e+00 1.003534422303541563e+07
1.697107501906508942e+00 9.029450486144063994e+06
1.776279621771362560e+00 8.322433295609527268e+06
1.859145216891527452e+00 7.564334633546732366e+06
1.945876592359817581e+00 6.905291496829303913e+06
2.036654091510258002e+00 6.345027507161075249e+06
2.131666470911770972e+00 5.856796358563205227e+06
2.231111292855769257e+00 5.366727215182962827e+06
2.335195336153773393e+00 4.893001768478557467e+06
2.444135026099235386e+00 4.454247102572097443e+06
2.558156884487600369e+00 4.063464853393411729e+06
2.677498000630348152e+00 3.711644678684230894e+06
2.802406524342412553e+00 3.415606560000867117e+06
2.933142181928062087e+00 3.147796403569665737e+06
