3.069976816238139533e-02 4.445111914832320213e+08
3.213194951921637121e-02 1.913954428147181273e+08
3.363094387046929729e-02 4.129729594232960939e+08
3.519986812322865172e-02 2.444268036154297292e+08
3.684198459207260745e-02 3.257237371731613874e+08
3.856070778250449138e-02 2.096459746515406966e+08
4.035961149084377197e-02 4.179835617573847175e+08
4.224243623533543990e-02 3.089467348003118634e+08
4.421309703392971302e-02 3.702475259846348763e+08
4.627569154490460829e-02 2.958397611847391725e+08
4.843450858725836805e-02 3.269728304861295223e+08
5.069403705858849252e-02 3.664491894593622684e+08
5.305897526900069106e-02 2.658005569618768692e+08
5.553424071045594268e-02 3.139169602893257141e+08
5.812498028186940946e-02 3.082533249948087931e+08
6.083658099122266766e-02 4.158766584592916369e+08
6.367468115694234487e-02 2.930175792134675980e+08
6.664518213183667772e-02 2.677017755143490434e+08
6.975426057396794111e-02 3.225910312251204252e+08
7.300838128997587384e-02 4.402691658868428469e+08
7.641431067755764805e-02 4.697439356394872665e+08
7.997913079505601652e-02 5.370411577079010010e+08
8.371025408741054885e-02 3.681262421289020181e+08
8.761543879909236554e-02 3.865066513338919878e+08
9.170280510607109470e-02 2.904682452976365089e+08
9.598085200035742781e-02 2.821954951363362074e+08
1.004584749622301765e-01 2.413062041108770370e+08
1.051449844568940195e-01 2.751389028295398355e+08
1.100501252940287722e-01 2.682089643494544327e+08
1.151840968904851020e-01 2.118965637118623257e+08
1.205575744782594882e-01 2.206898803115934432e+08
1.261817313018468445e-01 2.468839066232417822e+08
1.320682618511266337e-01 2.346814933924798071e+08
1.382294061780912076e-01 1.866514952378285527e+08
1.446779753479788821e-01 2.082794905454240441e+08
1.514273780777332656e-01 1.891996514123754799e+08
1.584916486171791816e-01 1.942126059672197700e+08
1.658854759308886484e-01 1.764603730954388082e+08
1.736242342414167639e-01 1.771204837088268101e+08
1.817240149974163610e-01 1.768450985590141714e+08
1.902016603331038169e-01 1.599586653929337263e+08
1.990747980886495849e-01 1.611763344383479655e+08
2.083618784643124222e-01 1.414916693971675932e+08
2.180822123845329585e-01 1.433199460883930624e+08
2.282560116517592663e-01 1.301029166483729929e+08
2.389044309734965343e-01 1.264666588572633713e+08
2.500496119499697190e-01 1.178675198776092082e+08
2.617147291138638421e-01 1.184069993474161774e+08
2.739240381178740802e-01 1.062079389333576858e+08
2.867029261702632170e-01 9.999318280119796097e+07
3.000779648232989039e-01 9.785831818302410841e+07
3.140769652243355914e-01 9.489370913766829669e+07
3.287290359444262067e-01 8.788280016491171718e+07
3.440646435047088891e-01 8.332200281533677876e+07
3.601156757264223351e-01 7.851919384809033573e+07
3.769155080362766030e-01 7.044807320286075771e+07
3.944990728650497602e-01 6.979716965662212670e+07
4.129029322837124427e-01 6.727570408385612071e+07
4.321653540281166217e-01 6.294170641011667997e+07
4.523263910703274604e-01 6.268906801676881313e+07
4.734279649020536884e-01 5.845560842419607937e+07
4.955139527033520785e-01 5.588632173212873191e+07
5.186302785778565960e-01 5.317440296224516630e+07
5.428250090442419129e-01 5.093824291325170547e+07
5.681484529824789576e-01 4.909466255786927044e+07
5.946532662427046478e-01 4.643308329189698398e+07
6.223945611342215356e-01 4.413205630867900699e+07
6.514300210222929710e-01 4.188606938715696335e+07
6.818200202710160696e-01 4.066484182922276109e+07
7.136277497816758686e-01 3.909050275236216933e+07
7.469193483876155337e-01 3.732574921103613079e+07
7.817640403788362891e-01 3.615374419940340519e+07
8.182342794422867716e-01 3.474712241349132359e+07
8.564058993171398404e-01 3.345685153504406661e+07
8.963582714783228100e-01 3.188104425892435759e+07
9.381744701761730587e-01 2.980145818471532315e+07
9.819414451753946116e-01 2.669535655466601998e+07
1.027750202552496051e+00 2.494538769367008656e+07
1.075695993927647365e+00 2.253682716285601631e+07
1.125878514524432994e+00 2.080653056314666569e+07
1.178402110469330522e+00 1.911484290291363373e+07
1.233375995761962995e+00 1.786780037990524620e+07
1.290914479367274659e+00 1.679795770921097323e+07
1.351137202901832923e+00 1.556884213331325911e+07
1.414169389408483246e+00 1.460327312685544416e+07
1.480142103736643344e+00 1.367375931705980375e+07
1.549192525069651882e+00 1.264337132981280051e+07
1.621464232165851449e+00 1.151882574175806716e+07
1.697107501906508942e+00 1.066325540558594093e+07
1.776279621771362560e+00 9.712741502443304285e+06
1.859145216891527452e+00 8.878155497307643294e+06
1.945876592359817581e+00 8.195813592738167383e+06
2.036654091510258002e+00 7.492751070071801543e+06
2.131666470911770972e+00 6.664548571147155017e+06
2.231111292855769257e+00 5.939957724350745790e+06
2.335195336153773393e+00 5.216818726370728575e+06
2.444135026099235386e+00 4.564609393230003305e+06
2.558156884487600369e+00 3.957759134768572636e+06
2.677498000630348152e+00 3.452288766565642785e+06
2.802406524342412553e+00 2.995731615078441799e+06
2.933142181928062087e+00 2.559659825504482258e+06
