3.069976816238139533e-02 1.610060511634483576e+09
3.213194951921637121e-02 1.257386047064756155e+09
3.363094387046929729e-02 1.217561978109152555e+09
3.519986812322865172e-02 1.303107934797020435e+09
3.684198459207260745e-02 1.008924023210089922e+09
3.856070778250449138e-02 9.714729994073443413e+08
4.035961149084377197e-02 7.814320467470507622e+08
4.224243623533543990e-02 8.886957190001266003e+08
4.421309703392971302e-02 9.381149363488483429e+08
4.627569154490460829e-02 1.079706652368723869e+09
4.843450858725836805e-02 8.528644769127026796e+08
5.069403705858849252e-02 1.017214299104820251e+09
5.305897526900069106e-02 8.914506770994737148e+08
5.553424071045594268e-02 7.218324520456181765e+08
5.812498028186940946e-02 8.608839878778452873e+08
6.083658099122266766e-02 8.422207825567305088e+08
6.367468115694234487e-02 7.299037691897279024e+08
6.664518213183667772e-02 7.480155912206523418e+08
6.975426057396794111e-02 7.954812132760930061e+08
7.300838128997587384e-02 7.298709203343515396e+08
7.641431067755764805e-02 8.282232603627035618e+08
7.997913079505601652e-02 7.147351602561450005e+08
8.371025408741054885e-02 6.811215827703081369e+08
8.761543879909236554e-02 6.654559061179862022e+08
9.170280510607109470e-02 5.697360363485286236e+08
9.598085200035742781e-02 4.944259130761973262e+08
1.004584749622301765e-01 4.091353557282453179e+08
1.051449844568940195e-01 4.849240100940031409e+08
1.100501252940287722e-01 4.904870981537529230e+08
1.151840968904851020e-01 4.503000061105987430e+08
1.205575744782594882e-01 4.130556679411866665e+08
1.261817313018468445e-01 4.216117440677614212e+08
1.320682618511266337e-01 3.753664152010850906e+08
1.382294061780912076e-01 3.671500168176087737e+08
1.446779753479788821e-01 3.293714859914502501e+08
1.514273780777332656e-01 3.029965528351655006e+08
1.584916486171791816e-01 2.837101694438902140e+08
1.658854759308886484e-01 2.998151105919988155e+08
1.736242342414167639e-01 2.596228083889824748e+08
1.817240149974163610e-01 2.498985808259021044e+08
1.902016603331038169e-01 2.364863949546367526e+08
1.990747980886495849e-01 2.218156683481988311e+08
2.083618784643124222e-01 2.091861404513168633e+08
2.180822123845329585e-01 1.982275997249799371e+08
2.282560116517592663e-01 1.881871292868455052e+08
2.389044309734965343e-01 1.721886220946105421e+08
2.500496119499697190e-01 1.649004570880955458e+08
2.617147291138638421e-01 1.518210370513547957e+08
2.739240381178740802e-01 1.416208757286371589e+08
2.867029261702632170e-01 1.374193970663710535e+08
3.000779648232989039e-01 1.297239561995474994e+08
3.140769652243355914e-01 1.173488383875929564e+08
3.287290359444262067e-01 1.179361119994372278e+08
3.440646435047088891e-01 1.128670267693353295e+08
3.601156757264223351e-01 1.048347490559914559e+08
3.769155080362766030e-01 9.776370248862901330e+07
3.944990728650497602e-01 9.089581546534505486e+07
4.129029322837124427e-01 8.357520925869698822e+07
4.321653540281166217e-01 7.959236758710156381e+07
4.523263910703274604e-01 7.043403443699856102e+07
4.734279649020536884e-01 6.706265491524874419e+07
4.955139527033520785e-01 6.411846790843776613e+07
5.186302785778565960e-01 6.005484951627232134e+07
5.428250090442419129e-01 5.713392836895741522e+07
5.681484529824789576e-01 5.347701344982860237e+07
5.946532662427046478e-01 5.098068869811858237e+07
6.223945611342215356e-01 4.744998357516156137e+07
6.514300210222929710e-01 4.504329735176848620e+07
6.818200202710160696e-01 4.116721237230233103e+07
7.136277497816758686e-01 3.829945402210858464e+07
7.469193483876155337e-01 3.528910989964438975e+07
7.817640403788362891e-01 3.321818788828618824e+07
8.182342794422867716e-01 3.070732859095487371e+07
8.564058993171398404e-01 2.867574186619902402e+07
8.963582714783228100e-01 2.721415507651262358e+07
9.381744701761730587e-01 2.507251013100052252e+07
9.819414451753946116e-01 2.372769464154826477e+07
1.027750202552496051e+00 2.180614836404217407e+07
1.075695993927647365e+00 2.047119963565164804e+07
1.125878514524432994e+00 1.877216755932052433e+07
1.178402110469330522e+00 1.728463327039542422e+07
1.233375995761962995e+00 1.601858058181971684e+07
1.290914479367274659e+00 1.482247716251946427e+07
1.351137202901832923e+00 1.351065324394490942e+07
1.414169389408483246e+00 1.245939197618964128e+07
1.480142103736643344e+00 1.121170663066056184e+07
1.549192525069651882e+00 1.064688864569197781e+07
1.621464232165851449e+00 9.808740154804199934e+06
1.697107501906508942e+00 8.948735820288592950e+06
1.776279621771362560e+00 8.202591342407660559e+06
1.859145216891527452e+00 7.411667021201593801e+06
1.945876592359817581e+00 6.779328088171640411e+06
2.036654091510258002e+00 6.109797640959374607e+06
2.131666470911770972e+00 5.531393978916918859e+06
2.231111292855769257e+00 5.005925631366434507e+06
2.335195336153773393e+00 4.560356238155000843e+06
2.444135026099235386e+00 4.158765565357708372e+06
2.558156884487600369e+00 3.847668450238032266e+06
2.677498000630348152e+00 3.561494830903172027e+06
2.802406524342412553e+00 3.280761901586551219e+06
2.933142181928062087e+00 3.075235265050617978e+06
