3.069976816238139533e-02 1.035189078416390538e+09
3.213194951921637121e-02 1.261057656559207439e+09
3.363094387046929729e-02 1.093896825948085785e+09
3.519986812322865172e-02 1.495563173317332029e+09
3.684198459207260745e-02 1.177825319390769482e+09
3.856070778250449138e-02 1.040738681527855158e+09
4.035961149084377197e-02 1.204630018570941925e+09
4.224243623533543990e-02 9.801378596910456419e+08
4.421309703392971302e-02 1.152525696974050283e+09
4.627569154490460829e-02 1.200735551334851980e+09
4.843450858725836805e-02 7.890389812064945698e+08
5.069403705858849252e-02 7.691990333508765697e+08
5.305897526900069106e-02 8.912191475259094238e+08
5.553424071045594268e-02 8.373418304777103662e+08
5.812498028186940946e-02 7.357709701521210670e+08
6.083658099122266766e-02 8.210797772956423759e+08
6.367468115694234487e-02 8.150808154608881474e+08
6.664518213183667772e-02 8.756667961225044727e+08
6.975426057396794111e-02 6.933625877508127689e+08
7.300838128997587384e-02 6.886838750818289518e+08
7.641431067755764805e-02 6.684529745925047398e+08
7.997913079505601652e-02 6.793113280494660139e+08
8.371025408741054885e-02 5.538559535157525539e+08
8.761543879909236554e-02 5.719526122005139589e+08
9.170280510607109470e-02 5.786714628058316708e+08
9.598085200035742781e-02 5.029909637215383053e+08
1.004584749622301765e-01 4.918146553827674389e+08
1.051449844568940195e-01 4.950016173740720749e+08
1.100501252940287722e-01 4.666529488584184647e+08
1.151840968904851020e-01 4.604005583216102719e+08
1.205575744782594882e-01 4.289734940894177556e+08
1.261817313018468445e-01 4.195634297703574896e+08
1.320682618511266337e-01 3.485513645299537778e+08
1.382294061780912076e-01 3.371412184696085453e+08
1.446779753479788821e-01 3.443652376243910193e+08
1.514273780777332656e-01 3.297528933846148252e+08
1.584916486171791816e-01 2.956561637806792259e+08
1.658854759308886484e-01 2.731619779042524695e+08
1.736242342414167639e-01 2.519609271152357459e+08
1.817240149974163610e-01 2.469641108561952710e+08
1.902016603331038169e-01 2.353083696195649505e+08
1.990747980886495849e-01 2.276661721033017635e+08
2.083618784643124222e-01 2.072798230447081923e+08
2.180822123845329585e-01 1.944906306192833781e+08
2.282560116517592663e-01 1.885231685666303933e+08
2.389044309734965343e-01 1.796213822901389301e+08
2.500496119499697190e-01 1.762232468836617470e+08
2.617147291138638421e-01 1.621495709636928439e+08
2.739240381178740802e-01 1.501285506402493417e+08
2.867029261702632170e-01 1.412523389471527040e+08
3.000779648232989039e-01 1.304370118908104002e+08
3.140769652243355914e-01 1.260372636917563230e+08
3.287290359444262067e-01 1.192180837534921765e+08
3.440646435047088891e-01 1.131785480310153365e+08
3.601156757264223351e-01 1.069531653869645149e+08
3.769155080362766030e-01 9.845398466259424388e+07
3.944990728650497602e-01 9.244270330907078087e+07
4.129029322837124427e-01 8.926726550961603224e+07
4.321653540281166217e-01 8.024028316829049587e+07
4.523263910703274604e-01 7.737278568244872987e+07
4.734279649020536884e-01 7.401610115585952997e+07
4.955139527033520785e-01 6.995613774305509031e+07
5.186302785778565960e-01 6.493167806769501418e+07
5.428250090442419129e-01 6.070868406197503209e+07
5.681484529824789576e-01 5.576641023675835133e+07
5.946532662427046478e-01 5.284988936145444214e+07
6.223945611342215356e-01 4.968783037134080380e+07
6.514300210222929710e-01 4.560337452628081292e+07
6.818200202710160696e-01 4.331032734090881795e+07
7.136277497816758686e-01 4.032568519553840905e+07
7.469193483876155337e-01 3.790088823416599631e+07
7.817640403788362891e-01 3.536726020197554678e+07
8.182342794422867716e-01 3.307292699205850065e+07
8.564058993171398404e-01 3.107756032334706187e+07
8.963582714783228100e-01 2.983287039504792914e+07
9.381744701761730587e-01 2.766278505076709390e+07
9.819414451753946116e-01 2.460269562315931544e+07
1.027750202552496051e+00 2.270772874590935186e+07
1.075695993927647365e+00 2.139415059171494842e+07
1.125878514524432994e+00 1.982173790553128347e+07
1.178402110469330522e+00 1.860118498689652234e+07
1.233375995761962995e+00 1.701759549004302546e+07
1.290914479367274659e+00 1.613347928841315024e+07
1.351137202901832923e+00 1.484700856241013855e+07
1.414169389408483246e+00 1.385679154377238825e+07
1.480142103736643344e+00 1.282791163292857073e+07
1.549192525069651882e+00 1.163086470170179568e+07
1.621464232165851449e+00 1.086614180589722469e+07
1.697107501906508942e+00 9.973702240716667846e+06
1.776279621771362560e+00 9.056974482816552743e+06
1.859145216891527452e+00 8.149472349532235414e+06
1.945876592359817581e+00 7.397921462948294356e+06
2.036654091510258002e+00 6.807080367910651490e+06
2.131666470911770972e+00 6.158520703921925277e+06
2.231111292855769257e+00 5.650018533916533925e+06
2.335195336153773393e+00 5.114444019398747943e+06
2.444135026099235386e+00 4.688025038325627334e+06
2.558156884487600369e+00 4.352002574886191636e+06
2.677498000630348152e+00 3.928087594206863083e+06
2.802406524342412553e+00 3.563133460534318350e+06
2.933142181928062087e+00 3.204418685725422576e+06
