3.069976816238139533e-02 1.760956786820910454e+09
3.213194951921637121e-02 1.818761511328726768e+09
3.363094387046929729e-02 1.341574537848289967e+09
3.519986812322865172e-02 1.398698597652199745e+09
3.684198459207260745e-02 1.634990547104302883e+09
3.856070778250449138e-02 1.533597967410062790e+09
4.035961149084377197e-02 1.152889444013177395e+09
4.224243623533543990e-02 1.214236356560078144e+09
4.421309703392971302e-02 1.294333290485228777e+09
4.627569154490460829e-02 1.098731562178324699e+09
4.843450858725836805e-02 1.176121019739135265e+09
5.069403705858849252e-02 9.552689608937155008e+08
5.305897526900069106e-02 9.424779286954358816e+08
5.553424071045594268e-02 9.036463811533668041e+08
5.812498028186940946e-02 9.435806289173249006e+08
6.083658099122266766e-02 1.033036829096869111e+09
6.367468115694234487e-02 9.424968144034259319e+08
6.664518213183667772e-02 8.682358427023353577e+08
6.975426057396794111e-02 8.284928283024469614e+08
7.300838128997587384e-02 9.037023405653691292e+08
7.641431067755764805e-02 7.607090066752742529e+08
7.997913079505601652e-02 7.593743104963974953e+08
8.371025408741054885e-02 7.091452126859350204e+08
8.761543879909236554e-02 7.166180556242914200e+08
9.170280510607109470e-02 6.639249831747399569e+08
9.598085200035742781e-02 6.522202522308262587e+08
1.004584749622301765e-01 8.124834816909998655e+08
1.051449844568940195e-01 6.271948732442358732e+08
1.100501252940287722e-01 5.869380652335624695e+08
1.151840968904851020e-01 5.153374337845089436e+08
1.205575744782594882e-01 5.370583397088766098e+08
1.261817313018468445e-01 4.800502905717812777e+08
1.320682618511266337e-01 4.519285715600203872e+08
1.382294061780912076e-01 4.339139029918627739e+08
1.446779753479788821e-01 4.340988204773762226e+08
1.514273780777332656e-01 3.991583899386194348e+08
1.584916486171791816e-01 3.691928969927595258e+08
1.658854759308886484e-01 3.541476455376095772e+08
1.736242342414167639e-01 3.224010015582310557e+08
1.817240149974163610e-01 2.896281924219669104e+08
1.902016603331038169e-01 2.977440148141070604e+08
1.990747980886495849e-01 2.602197074214534461e+08
2.083618784643124222e-01 2.382995954467947781e+08
2.180822123845329585e-01 2.275742674959442019e+08
2.282560116517592663e-01 2.103096411278507113e+08
2.389044309734965343e-01 1.866488253905986249e+08
2.500496119499697190e-01 1.945500569563540220e+08
2.617147291138638421e-01 1.758487695935617089e+08
2.739240381178740802e-01 1.595654456736170948e+08
2.867029261702632170e-01 1.487521509815910459e+08
3.000779648232989039e-01 1.412797796550160050e+08
3.140769652243355914e-01 1.326371528998186886e+08
3.287290359444262067e-01 1.200105348454423398e+08
3.440646435047088891e-01 1.075291234897691160e+08
3.601156757264223351e-01 1.073671539290757924e+08
3.769155080362766030e-01 9.713526552887755632e+07
3.944990728650497602e-01 9.015657328136980534e+07
4.129029322837124427e-01 8.654867066596525908e+07
4.321653540281166217e-01 8.279240950233690441e+07
4.523263910703274604e-01 7.540711487145434320e+07
4.734279649020536884e-01 7.073599122990377247e+07
4.955139527033520785e-01 6.703510866464985907e+07
5.186302785778565960e-01 6.423490725017227232e+07
5.428250090442419129e-01 6.007193452580571920e+07
5.681484529824789576e-01 5.609045534044918418e+07
5.946532662427046478e-01 5.373152092049656063e+07
6.223945611342215356e-01 4.921621486747168005e+07
6.514300210222929710e-01 4.724422549047708511e+07
6.818200202710160696e-01 4.242774355408757925e+07
7.136277497816758686e-01 4.070536751770544052e+07
7.469193483876155337e-01 3.635801110631275922e+07
7.817640403788362891e-01 3.276449763346492127e+07
8.182342794422867716e-01 3.006655386650871858e+07
8.564058993171398404e-01 2.747723687885693088e+07
8.963582714783228100e-01 2.525831228629252315e+07
9.381744701761730587e-01 2.361715635999273881e+07
9.819414451753946116e-01 2.225252737583342195e+07
1.027750202552496051e+00 2.058395528840918839e+07
1.075695993927647365e+00 1.917845166628849134e+07
1.125878514524432994e+00 1.767115523705756292e+07
1.178402110469330522e+00 1.668197927547003143e+07
1.233375995761962995e+00 1.514074923138330691e+07
1.290914479367274659e+00 1.402253460447405465e+07
1.351137202901832923e+00 1.339261423893226311e+07
1.414169389408483246e+00 1.246514035063672625e+07
1.480142103736643344e+00 1.157428339756728709e+07
1.549192525069651882e+00 1.079050911539123207e+07
1.621464232165851449e+00 1.033133897854124941e+07
1.697107501906508942e+00 9.510111920025650412e+06
1.776279621771362560e+00 8.870596171646783128e+06
1.859145216891527452e+00 8.275673742748172954e+06
1.945876592359817581e+00 7.533199036385336891e+06
2.036654091510258002e+00 7.002484825835202821e+06
2.131666470911770972e+00 6.494820935954880901e+06
2.231111292855769257e+00 5.788213018883560784e+06
2.335195336153773393e+00 5.241060459032073617e+06
2.444135026099235386e+00 4.737789787671208382e+06
2.558156884487600369e+00 4.292502507832884789e+06
2.677498000630348152e+00 3.882225010874945205e+06
2.802406524342412553e+00 3.497432523398376070e+06
2.933142181928062087e+00 3.105501881624247879e+06
