3.069976816238139533e-02 1.244775281871212959e+09
3.213194951921637121e-02 1.219154188463621378e+09
3.363094387046929729e-02 1.417489350316794872e+09
3.519986812322865172e-02 8.243783620895884037e+08
3.684198459207260745e-02 1.211639119020215511e+09
3.856070778250449138e-02 1.101829332293055534e+09
4.035961149084377197e-02 1.011736799153820992e+09
4.224243623533543990e-02 7.962500121001572609e+08
4.421309703392971302e-02 9.470892839905520678e+08
4.627569154490460829e-02 1.025309335028187513e+09
4.843450858725836805e-02 1.019519202527667761e+09
5.069403705858849252e-02 8.226877178395466805e+08
5.305897526900069106e-02 1.002573645279069543e+09
5.553424071045594268e-02 8.197193460817544460e+08
5.812498028186940946e-02 7.463245598130583763e+08
6.083658099122266766e-02 8.849332366049830914e+08
6.367468115694234487e-02 6.794054395629246235e+08
6.664518213183667772e-02 6.871114778477126360e+08
6.975426057396794111e-02 7.410539168138047457e+08
7.300838128997587384e-02 6.112443144935290813e+08
7.641431067755764805e-02 6.235893375394097567e+08
7.997913079505601652e-02 5.943043219336023331e+08
8.371025408741054885e-02 5.799949827977819443e+08
8.761543879909236554e-02 5.059117979896745086e+08
9.170280510607109470e-02 5.056134875316849947e+08
9.598085200035742781e-02 4.987187375461869836e+08
1.004584749622301765e-01 4.858282408892762065e+08
1.051449844568940195e-01 4.803050637887967825e+08
1.100501252940287722e-01 4.324320090880017281e+08
1.151840968904851020e-01 4.382715592075889111e+08
1.205575744782594882e-01 4.087473880356794596e+08
1.261817313018468445e-01 4.102545922452249527e+08
1.320682618511266337e-01 3.729539607192048430e+08
1.382294061780912076e-01 3.489027119789587855e+08
1.446779753479788821e-01 3.188089466607300043e+08
1.514273780777332656e-01 2.940722957344223857e+08
1.584916486171791816e-01 2.870088106175584197e+08
1.658854759308886484e-01 2.801088290196571350e+08
1.736242342414167639e-01 2.623817395462158918e+08
1.817240149974163610e-01 2.585574472530648112e+08
1.902016603331038169e-01 2.297592482501887977e+08
1.990747980886495849e-01 2.173402671370313466e+08
2.083618784643124222e-01 2.077092867631083131e+08
2.180822123845329585e-01 1.882987014405477941e+08
2.282560116517592663e-01 1.951609557978567779e+08
2.389044309734965343e-01 1.714423399539135993e+08
2.500496119499697190e-01 1.661399631041778624e+08
2.617147291138638421e-01 1.502293924791033864e+08
2.739240381178740802e-01 1.484569611878741384e+08
2.867029261702632170e-01 1.397595266908295751e+08
3.000779648232989039e-01 1.318515243096651882e+08
3.140769652243355914e-01 1.230480699232850820e+08
3.287290359444262067e-01 1.184503140746892691e+08
3.440646435047088891e-01 1.083410505560713410e+08
3.601156757264223351e-01 1.014034332484795451e+08
3.769155080362766030e-01 9.628331923178580403e+07
3.944990728650497602e-01 9.734622570823290944e+07
4.129029322837124427e-01 8.942925874963441491e+07
4.321653540281166217e-01 8.469888410167273879e+07
4.523263910703274604e-01 7.994976137822341919e+07
4.734279649020536884e-01 7.250150499604825675e+07
4.955139527033520785e-01 6.692245060474988073e+07
5.186302785778565960e-01 6.246597036155100912e+07
5.428250090442419129e-01 5.879517871396739781e+07
5.681484529824789576e-01 5.518306717296307534e+07
5.946532662427046478e-01 5.160284445660872012e+07
6.223945611342215356e-01 4.905784872962571681e+07
6.514300210222929710e-01 4.605076908782315254e+07
6.818200202710160696e-01 4.303443686584342271e+07
7.136277497816758686e-01 3.983059503759301454e+07
7.469193483876155337e-01 3.680989203466523439e+07
7.817640403788362891e-01 3.393679880478233099e+07
8.182342794422867716e-01 3.182927585384377465e+07
8.564058993171398404e-01 2.903968662932878733e+07
8.963582714783228100e-01 2.743525686756425723e+07
9.381744701761730587e-01 2.554357888403446972e+07
9.819414451753946116e-01 2.350542027577564493e+07
1.027750202552496051e+00 2.199741213552591950e+07
1.075695993927647365e+00 2.036949244173634425e+07
1.125878514524432994e+00 1.894855515321481973e+07
1.178402110469330522e+00 1.706938241337221116e+07
1.233375995761962995e+00 1.584725993336369656e+07
1.290914479367274659e+00 1.472193674396707676e+07
1.351137202901832923e+00 1.369279988524047658e+07
1.414169389408483246e+00 1.289585197669604234e+07
1.480142103736643344e+00 1.163094303406855278e+07
1.549192525069651882e+00 1.056752802509528585e+07
1.621464232165851449e+00 9.558404139818061143e+06
1.697107501906508942e+00 8.506561648006645963e+06
1.776279621771362560e+00 7.743853463297296315e+06
1.859145216891527452e+00 7.137269582498454489e+06
1.945876592359817581e+00 6.529116920237238519e+06
2.036654091510258002e+00 6.051603817546447739e+06
2.131666470911770972e+00 5.564974491290306672e+06
2.231111292855769257e+00 5.090657213270377368e+06
2.335195336153773393e+00 4.600120702103697695e+06
2.444135026099235386e+00 4.120293014078897424e+06
2.558156884487600369e+00 3.703089800009433646e+06
2.677498000630348152e+00 3.298458862058645580e+06
2.802406524342412553e+00 2.992780616385891102e+06
2.933142181928062087e+00 2.739948362297960557e+06
