3.069976816238139533e-02 1.323997468018995762e+09
3.213194951921637121e-02 1.202769721982104778e+09
3.363094387046929729e-02 1.206116772777793884e+09
3.519986812322865172e-02 1.228449169182352543e+09
3.684198459207260745e-02 1.077342890656076908e+09
3.856070778250449138e-02 1.273428765710648298e+09
4.035961149084377197e-02 1.140983137791714668e+09
4.224243623533543990e-02 1.119867903580935001e+09
4.421309703392971302e-02 1.137008260562869310e+09
4.627569154490460829e-02 9.177510817352206707e+08
4.843450858725836805e-02 1.023988769017168641e+09
5.069403705858849252e-02 1.061351109361766696e+09
5.305897526900069106e-02 8.597562428671863079e+08
5.553424071045594268e-02 9.930357785253076553e+08
5.812498028186940946e-02 9.262990622557368279e+08
6.083658099122266766e-02 7.265155988291386366e+08
6.367468115694234487e-02 7.925519041438045502e+08
6.664518213183667772e-02 7.548431549829132557e+08
6.975426057396794111e-02 8.297694205359673500e+08
7.300838128997587384e-02 8.882996781772195101e+08
7.641431067755764805e-02 6.730886960915395021e+08
7.997913079505601652e-02 7.259097418876715899e+08
8.371025408741054885e-02 7.313411227686828375e+08
8.761543879909236554e-02 6.249621398101406097e+08
9.170280510607109470e-02 6.465834754675370455e+08
9.598085200035742781e-02 5.715440291312958002e+08
1.004584749622301765e-01 5.338743302323288918e+08
1.051449844568940195e-01 5.468312988286284208e+08
1.100501252940287722e-01 4.929877805243281126e+08
1.151840968904851020e-01 5.142267075113108158e+08
1.205575744782594882e-01 4.204727401517552137e+08
1.261817313018468445e-01 4.470628164057359695e+08
1.320682618511266337e-01 3.662093942371993661e+08
1.382294061780912076e-01 3.701820618686224818e+08
1.446779753479788821e-01 3.505645564621882439e+08
1.514273780777332656e-01 3.212547471069498062e+08
1.584916486171791816e-01 3.299155630293883085e+08
1.658854759308886484e-01 3.010278060888835788e+08
1.736242342414167639e-01 2.699767541954172850e+08
1.817240149974163610e-01 2.708330586416031122e+08
1.902016603331038169e-01 2.371411731573715210e+08
1.990747980886495849e-01 2.180921364290966094e+08
2.083618784643124222e-01 2.165147593508397937e+08
2.180822123845329585e-01 2.144653928686337471e+08
2.282560116517592663e-01 1.983981259800169170e+08
2.389044309734965343e-01 1.765423765279260576e+08
2.500496119499697190e-01 1.740616302375829220e+08
2.617147291138638421e-01 1.656361753681243360e+08
2.739240381178740802e-01 1.529005774210837781e+08
2.867029261702632170e-01 1.438247152540286183e+08
3.000779648232989039e-01 1.334141426216003597e+08
3.140769652243355914e-01 1.242954366567753255e+08
3.287290359444262067e-01 1.129302197084292322e+08
3.440646435047088891e-01 1.067347543173071593e+08
3.601156757264223351e-01 1.012300159768453091e+08
3.769155080362766030e-01 9.304694646337260306e+07
3.944990728650497602e-01 8.803747336826376617e+07
4.129029322837124427e-01 8.200546702078329027e+07
4.321653540281166217e-01 7.801716326006542146e+07
4.523263910703274604e-01 7.440661953887414932e+07
4.734279649020536884e-01 6.794714093191489577e+07
4.955139527033520785e-01 6.655426280707406253e+07
5.186302785778565960e-01 6.121589879951494932e+07
5.428250090442419129e-01 5.818919065093724430e+07
5.681484529824789576e-01 5.355417036750235409e+07
5.946532662427046478e-01 5.248393709268303961e+07
6.223945611342215356e-01 4.726719004304607958e+07
6.514300210222929710e-01 4.325130004854907840e+07
6.818200202710160696e-01 4.039211597624115646e+07
7.136277497816758686e-01 3.826297043924956769e+07
7.469193483876155337e-01 3.556572303251301497e+07
7.817640403788362891e-01 3.393216872409364581e+07
8.182342794422867716e-01 3.065154196141518280e+07
8.564058993171398404e-01 2.905604111834826693e+07
8.963582714783228100e-01 2.636868114539180696e+07
9.381744701761730587e-01 2.486443198344969377e+07
9.819414451753946116e-01 2.319232715936125815e+07
1.027750202552496051e+00 2.142409221497521549e+07
1.075695993927647365e+00 2.003884357739812136e+07
1.125878514524432994e+00 1.827135152564117312e+07
1.178402110469330522e+00 1.741842090683310479e+07
1.233375995761962995e+00 1.621144071707446314e+07
1.290914479367274659e+00 1.490237812555633485e+07
1.351137202901832923e+00 1.390210972485722788e+07
1.414169389408483246e+00 1.278636939374119788e+07
1.480142103736643344e+00 1.173371970452684537e+07
1.549192525069651882e+00 1.101608672679760866e+07
1.621464232165851449e+00 1.001491404141268134e+07
1.697107501906508942e+00 9.128532128788031638e+06
1.776279621771362560e+00 8.516139501500932500e+06
1.859145216891527452e+00 7.869103182207706384e+06
1.945876592359817581e+00 7.200165966963090003e+06
2.036654091510258002e+00 6.649986780984859914e+06
2.131666470911770972e+00 6.044776175409877673e+06
2.231111292855769257e+00 5.573835193989351392e+06
2.335195336153773393e+00 5.036208312596619129e+06
2.444135026099235386e+00 4.566626619173225947e+06
2.558156884487600369e+00 4.161330871649239678e+06
2.677498000630348152e+00 3.842017021350267343e+06
2.802406524342412553e+00 3.509696797814603895e+06
2.933142181928062087e+00 3.204757021999266464e+06
