3.069976816238139533e-02 1.881393419475471497e+09
3.213194951921637121e-02 1.041492311231242418e+09
3.363094387046929729e-02 1.150578840926791191e+09
3.519986812322865172e-02 1.236644248851148367e+09
3.684198459207260745e-02 1.100530289563451052e+09
3.856070778250449138e-02 9.667200385407874584e+08
4.035961149084377197e-02 1.250922706175839663e+09
4.224243623533543990e-02 1.173784487371652126e+09
4.421309703392971302e-02 1.050629421116696954e+09
4.627569154490460829e-02 1.089961931784619570e+09
4.843450858725836805e-02 1.118763593416469574e+09
5.069403705858849252e-02 9.622903202626153231e+08
5.305897526900069106e-02 9.139118646560050249e+08
5.553424071045594268e-02 7.265733100109701157e+08
5.812498028186940946e-02 8.512938858614940643e+08
6.083658099122266766e-02 8.498389660759075880e+08
6.367468115694234487e-02 8.289723205167372227e+08
6.664518213183667772e-02 7.259110547589279413e+08
6.975426057396794111e-02 7.361225612412512302e+08
7.300838128997587384e-02 7.869671851742852926e+08
7.641431067755764805e-02 7.454595151914812326e+08
7.997913079505601652e-02 6.408580489662641287e+08
8.371025408741054885e-02 6.808847683228057623e+08
8.761543879909236554e-02 6.408033021394020319e+08
9.170280510607109470e-02 6.395422698989058733e+08
9.598085200035742781e-02 5.704782901679570675e+08
1.004584749622301765e-01 5.404640523173757792e+08
1.051449844568940195e-01 5.366201895037230253e+08
1.100501252940287722e-01 4.283721453336102366e+08
1.151840968904851020e-01 4.444775838562263250e+08
1.205575744782594882e-01 4.507437114651811719e+08
1.261817313018468445e-01 4.273380835306266546e+08
1.320682618511266337e-01 4.212315982765202522e+08
1.382294061780912076e-01 3.756557382993896008e+08
1.446779753479788821e-01 3.306100461903070807e+08
1.514273780777332656e-01 3.385204129419860244e+08
1.584916486171791816e-01 3.110923656919013858e+08
1.658854759308886484e-01 3.062877093555307984e+08
1.736242342414167639e-01 2.885595230010835528e+08
1.817240149974163610e-01 2.920732225202133656e+08
1.902016603331038169e-01 2.647803727408145666e+08
1.990747980886495849e-01 2.561736106229475141e+08
2.083618784643124222e-01 2.338352098199245036e+08
2.180822123845329585e-01 2.202845567708730102e+08
2.282560116517592663e-01 2.063780695187671781e+08
2.389044309734965343e-01 1.902757885896797478e+08
2.500496119499697190e-01 1.845802758275865912e+08
2.617147291138638421e-01 1.654908625639683902e+08
2.739240381178740802e-01 1.548754049682539999e+08
2.867029261702632170e-01 1.482258956779137850e+08
3.000779648232989039e-01 1.399730283576574326e+08
3.140769652243355914e-01 1.383466170374553800e+08
3.287290359444262067e-01 1.298164113686510473e+08
3.440646435047088891e-01 1.228560282875660658e+08
3.601156757264223351e-01 1.145210343284642547e+08
3.769155080362766030e-01 1.021083473788273633e+08
3.944990728650497602e-01 9.874467317902688682e+07
4.129029322837124427e-01 9.189187618895399570e+07
4.321653540281166217e-01 8.354866379585920274e+07
4.523263910703274604e-01 7.989477216927047074e+07
4.734279649020536884e-01 7.641478157688555121e+07
4.955139527033520785e-01 7.189084257533687353e+07
5.186302785778565960e-01 6.900244981351031363e+07
5.428250090442419129e-01 6.538179216202450544e+07
5.681484529824789576e-01 6.125869808867964149e+07
5.946532662427046478e-01 5.680980124189653248e+07
6.223945611342215356e-01 5.260539342475841939e+07
6.514300210222929710e-01 4.961089268672677130e+07
6.818200202710160696e-01 4.534351653232601285e+07
7.136277497816758686e-01 4.303432983503348380e+07
7.469193483876155337e-01 3.987403071244402230e+07
7.817640403788362891e-01 3.744026857005295157e+07
8.182342794422867716e-01 3.495365573028166592e+07
8.564058993171398404e-01 3.258341730541901290e+07
8.963582714783228100e-01 3.002332751054863259e+07
9.381744701761730587e-01 2.737284653400660679e+07
9.819414451753946116e-01 2.542605921150375158e+07
1.027750202552496051e+00 2.334981717217174545e+07
1.075695993927647365e+00 2.182414631881465390e+07
1.125878514524432994e+00 2.016269058318898454e+07
1.178402110469330522e+00 1.885146653577086702e+07
1.233375995761962995e+00 1.747769211098885164e+07
1.290914479367274659e+00 1.582937538327419013e+07
1.351137202901832923e+00 1.435428007389466837e+07
1.414169389408483246e+00 1.329476162463189289e+07
1.480142103736643344e+00 1.192575223378950357e+07
1.549192525069651882e+00 1.097566973530225269e+07
1.621464232165851449e+00 1.012528256929903850e+07
1.697107501906508942e+00 9.226195790540527552e+06
1.776279621771362560e+00 8.265430871705328114e+06
1.859145216891527452e+00 7.436623922467787750e+06
1.945876592359817581e+00 6.777442446274550632e+06
2.036654091510258002e+00 6.364070775014388375e+06
2.131666470911770972e+00 5.926006118236168288e+06
2.231111292855769257e+00 5.428787342736005783e+06
2.335195336153773393e+00 4.910774038995047100e+06
2.444135026099235386e+00 4.298965957146156579e+06
2.558156884487600369e+00 3.855803055534224492e+06
2.677498000630348152e+00 3.513987664804402739e+06
2.802406524342412553e+00 3.254605781364913099e+06
2.933142181928062087e+00 3.042938218948413152e+06
