3.069976816238139533e-02 9.482828296348962784e+08
3.213194951921637121e-02 1.089550554492227554e+09
3.363094387046929729e-02 1.104407735030644417e+09
3.519986812322865172e-02 9.990175235573813915e+08
3.684198459207260745e-02 1.027398620368926525e+09
3.856070778250449138e-02 1.042763206777384162e+09
4.035961149084377197e-02 1.028240854269906521e+09
4.224243623533543990e-02 8.581610556706025600e+08
4.421309703392971302e-02 7.743278988090442419e+08
4.627569154490460829e-02 7.674697803598356247e+08
4.843450858725836805e-02 9.251190311530746222e+08
5.069403705858849252e-02 7.552861889601669312e+08
5.305897526900069106e-02 8.597358007265472412e+08
5.553424071045594268e-02 6.321923975561782122e+08
5.812498028186940946e-02 7.204465052977674007e+08
6.083658099122266766e-02 6.611694480167908669e+08
6.367468115694234487e-02 7.246343917549893856e+08
6.664518213183667772e-02 7.603656822277050018e+08
6.975426057396794111e-02 8.389086891055929661e+08
7.300838128997587384e-02 8.208081271952456236e+08
7.641431067755764805e-02 8.307078559143946171e+08
7.997913079505601652e-02 6.746050823367016315e+08
8.371025408741054885e-02 6.157503959420590401e+08
8.761543879909236554e-02 5.718477453409465551e+08
9.170280510607109470e-02 5.687370539125719070e+08
9.598085200035742781e-02 5.395347229928224087e+08
1.004584749622301765e-01 4.928006958388678432e+08
1.051449844568940195e-01 4.715675888475559950e+08
1.100501252940287722e-01 4.173353015845655799e+08
1.151840968904851020e-01 4.629723476062827706e+08
1.205575744782594882e-01 4.031257015125674009e+08
1.261817313018468445e-01 3.810711423401690722e+08
1.320682618511266337e-01 3.515716129048083425e+08
1.382294061780912076e-01 3.176258437426511049e+08
1.446779753479788821e-01 3.496176537762845159e+08
1.514273780777332656e-01 3.108443187448135614e+08
1.584916486171791816e-01 2.863715795322912931e+08
1.658854759308886484e-01 2.668614068370725513e+08
1.736242342414167639e-01 2.581373298664041758e+08
1.817240149974163610e-01 2.377710340941130519e+08
1.902016603331038169e-01 2.382350730573524833e+08
1.990747980886495849e-01 2.197070980048972666e+08
2.083618784643124222e-01 2.055635820352952480e+08
2.180822123845329585e-01 1.941547972076820433e+08
2.282560116517592663e-01 1.815812043028776050e+08
2.389044309734965343e-01 1.698502780425439775e+08
2.500496119499697190e-01 1.571929014540101886e+08
2.617147291138638421e-01 1.464735027424117923e+08
2.739240381178740802e-01 1.384355796564297676e+08
2.867029261702632170e-01 1.315122745624519289e+08
3.000779648232989039e-01 1.247007061650535017e+08
3.140769652243355914e-01 1.166621758594305217e+08
3.287290359444262067e-01 1.084997051455624253e+08
3.440646435047088891e-01 1.014418910844123662e+08
3.601156757264223351e-01 9.416424564110682905e+07
3.769155080362766030e-01 9.021336127007737756e+07
3.944990728650497602e-01 8.509824080308640003e+07
4.129029322837124427e-01 7.890425956299647689e+07
4.321653540281166217e-01 7.358021923886173964e+07
4.523263910703274604e-01 6.806441338043877482e+07
4.734279649020536884e-01 6.492399724664641917e+07
4.955139527033520785e-01 6.177721813517974317e+07
5.186302785778565960e-01 5.673376451128502935e+07
5.428250090442419129e-01 5.375108080151321739e+07
5.681484529824789576e-01 5.022235714918586612e+07
5.946532662427046478e-01 4.774185335219760984e+07
6.223945611342215356e-01 4.483844799495325238e+07
6.514300210222929710e-01 4.170366446285858005e+07
6.818200202710160696e-01 3.877630734904140234e+07
7.136277497816758686e-01 3.525606457684969902e+07
7.469193483876155337e-01 3.359421356487362832e+07
7.817640403788362891e-01 3.190142867608848959e+07
8.182342794422867716e-01 2.991593300119586661e+07
8.564058993171398404e-01 2.783032978574295342e+07
8.963582714783228100e-01 2.586388503632570058e+07
9.381744701761730587e-01 2.430648843122887984e+07
9.819414451753946116e-01 2.254517247388728335e+07
1.027750202552496051e+00 2.102789631117391586e+07
1.075695993927647365e+00 1.982102524122182280e+07
1.125878514524432994e+00 1.853076132031060010e+07
1.178402110469330522e+00 1.695338522315627337e+07
1.233375995761962995e+00 1.580654851600125432e+07
1.290914479367274659e+00 1.461037752947219461e+07
1.351137202901832923e+00 1.357490614673548192e+07
1.414169389408483246e+00 1.244906546088397689e+07
1.480142103736643344e+00 1.144159986912869848e+07
1.549192525069651882e+00 1.065977060152862221e+07
1.621464232165851449e+00 9.861944065320516005e+06
1.697107501906508942e+00 9.133045092135729268e+06
1.776279621771362560e+00 8.276774712543591857e+06
1.859145216891527452e+00 7.516991328384232707e+06
1.945876592359817581e+00 6.921694719255573116e+06
2.036654091510258002e+00 6.328728639426167123e+06
2.131666470911770972e+00 5.749298660883807577e+06
2.231111292855769257e+00 5.252895649714993313e+06
2.335195336153773393e+00 4.844020540941992775e+06
2.444135026099235386e+00 4.391745589514876716e+06
2.558156884487600369e+00 3.990547697415248957e+06
2.677498000630348152e+00 3.658797324792032596e+06
2.802406524342412553e+00 3.359592648855300620e+06
2.933142181928062087e+00 3.075202910016888753e+06
