3.069976816238139533e-02 9.478848144502620697e+08
3.213194951921637121e-02 5.169094461450033188e+08
3.363094387046929729e-02 1.245554786693127394e+09
3.519986812322865172e-02 9.965293981429992914e+08
3.684198459207260745e-02 9.835573210880134106e+08
3.856070778250449138e-02 7.852163846020500660e+08
4.035961149084377197e-02 6.836000196882466078e+08
4.224243623533543990e-02 5.870931220237026215e+08
4.421309703392971302e-02 9.412325830812180042e+08
4.627569154490460829e-02 6.855337667844214439e+08
4.843450858725836805e-02 9.039987768610801697e+08
5.069403705858849252e-02 6.852172187055960894e+08
5.305897526900069106e-02 6.579364624594794512e+08
5.553424071045594268e-02 7.204980662944862843e+08
5.812498028186940946e-02 7.497093034395520687e+08
6.083658099122266766e-02 6.263151284372694492e+08
6.367468115694234487e-02 5.566581309650542736e+08
6.664518213183667772e-02 6.686476254918832779e+08
6.975426057396794111e-02 5.403654541147278547e+08
7.300838128997587384e-02 5.272666908510419726e+08
7.641431067755764805e-02 6.955193082220059633e+08
7.997913079505601652e-02 5.625276042535718679e+08
8.371025408741054885e-02 5.157743117306740284e+08
8.761543879909236554e-02 5.067343900425009727e+08
9.170280510607109470e-02 5.378847719758611917e+08
9.598085200035742781e-02 4.710053766493647099e+08
1.004584749622301765e-01 4.546075333806443214e+08
1.051449844568940195e-01 4.993025051517626047e+08
1.100501252940287722e-01 4.427224846027841568e+08
1.151840968904851020e-01 4.021687605150151849e+08
1.205575744782594882e-01 4.139751585037083626e+08
1.261817313018468445e-01 3.768584558704477549e+08
1.320682618511266337e-01 3.719055575204390883e+08
1.382294061780912076e-01 3.277008055317921638e+08
1.446779753479788821e-01 3.248475033158851862e+08
1.514273780777332656e-01 3.082623237549390197e+08
1.584916486171791816e-01 2.988189087333300710e+08
1.658854759308886484e-01 2.751090845872918367e+08
1.736242342414167639e-01 2.553753723798009157e+08
1.817240149974163610e-01 2.558631512556914687e+08
1.902016603331038169e-01 2.295732549957508147e+08
1.990747980886495849e-01 2.043015260026024580e+08
2.083618784643124222e-01 2.041169800682430863e+08
2.180822123845329585e-01 1.900252207475360632e+08
2.282560116517592663e-01 1.751470504280644655e+08
2.389044309734965343e-01 1.678590270215874016e+08
2.500496119499697190e-01 1.577404953744993806e+08
2.617147291138638421e-01 1.555987623514728546e+08
2.739240381178740802e-01 1.401503714081510603e+08
2.867029261702632170e-01 1.301128490552968830e+08
3.000779648232989039e-01 1.237062617036225498e+08
3.140769652243355914e-01 1.175788851352966875e+08
3.287290359444262067e-01 1.117802815299203843e+08
3.440646435047088891e-01 1.006004977585977167e+08
3.601156757264223351e-01 9.878567271339952946e+07
3.769155080362766030e-01 9.563306502777478099e+07
3.944990728650497602e-01 8.433903285848471522e+07
4.129029322837124427e-01 8.218671479379437864e+07
4.321653540281166217e-01 7.589857281957857311e+07
4.523263910703274604e-01 7.104762867718246579e+07
4.734279649020536884e-01 6.581360570894067734e+07
4.955139527033520785e-01 6.286947703518628329e+07
5.186302785778565960e-01 5.934314054737145454e+07
5.428250090442419129e-01 5.612383674735276401e+07
5.681484529824789576e-01 5.186983994710755348e+07
5.946532662427046478e-01 5.022527255131214857e+07
6.223945611342215356e-01 4.635136890881566703e+07
6.514300210222929710e-01 4.320058963095526397e+07
6.818200202710160696e-01 4.134414177063237876e+07
7.136277497816758686e-01 3.884120935544905812e+07
7.469193483876155337e-01 3.639368986100263894e+07
7.817640403788362891e-01 3.405576989670950174e+07
8.182342794422867716e-01 3.150131055307042599e+07
8.564058993171398404e-01 3.012408606322610006e+07
8.963582714783228100e-01 2.779775930940878764e+07
9.381744701761730587e-01 2.632366696077220514e+07
9.819414451753946116e-01 2.426313382898906618e+07
1.027750202552496051e+00 2.251636911782646924e+07
1.075695993927647365e+00 2.133386194374070689e+07
1.125878514524432994e+00 1.997884110508021712e+07
1.178402110469330522e+00 1.836136030962616578e+07
1.233375995761962995e+00 1.725266430181429535e+07
1.290914479367274659e+00 1.605992449457022548e+07
1.351137202901832923e+00 1.482372162781682424e+07
1.414169389408483246e+00 1.377515457804735936e+07
1.480142103736643344e+00 1.260273069363490306e+07
1.549192525069651882e+00 1.179974575171126053e+07
1.621464232165851449e+00 1.064613352750056051e+07
1.697107501906508942e+00 9.617938083394479007e+06
1.776279621771362560e+00 8.678541511347297579e+06
1.859145216891527452e+00 7.787928812516605482e+06
1.945876592359817581e+00 7.050394574935374781e+06
2.036654091510258002e+00 6.433862271913029253e+06
2.131666470911770972e+00 5.933072642969493754e+06
2.231111292855769257e+00 5.417807097220509313e+06
2.335195336153773393e+00 4.895826442695396021e+06
2.444135026099235386e+00 4.514662997887709178e+06
2.558156884487600369e+00 4.121060482013258617e+06
2.677498000630348152e+00 3.730749489746701438e+06
2.802406524342412553e+00 3.434776039190785959e+06
2.933142181928062087e+00 3.141265020056298934e+06
