3.069976816238139533e-02 1.011630674424789548e+09
3.213194951921637121e-02 1.352059556507643700e+09
3.363094387046929729e-02 9.882502378676373959e+08
3.519986812322865172e-02 1.234335144651293993e+09
3.684198459207260745e-02 1.282420390501624107e+09
3.856070778250449138e-02 1.278413578200272083e+09
4.035961149084377197e-02 1.025780466803210258e+09
4.224243623533543990e-02 1.172619454278493404e+09
4.421309703392971302e-02 1.149690798434856176e+09
4.627569154490460829e-02 9.879420777253155708e+08
4.843450858725836805e-02 8.752742654251095057e+08
5.069403705858849252e-02 1.086050934405588865e+09
5.305897526900069106e-02 9.600569120606338978e+08
5.553424071045594268e-02 9.338405214913351536e+08
5.812498028186940946e-02 7.519969664358222485e+08
6.083658099122266766e-02 8.251425370241217613e+08
6.367468115694234487e-02 7.126386091085550785e+08
6.664518213183667772e-02 7.379915529998639822e+08
6.975426057396794111e-02 6.587764284981038570e+08
7.300838128997587384e-02 7.121330704510868788e+08
7.641431067755764805e-02 6.462473907123165131e+08
7.997913079505601652e-02 5.721105794006952047e+08
8.371025408741054885e-02 6.118656661756999493e+08
8.761543879909236554e-02 5.818105596405205727e+08
9.170280510607109470e-02 5.882633735548496246e+08
9.598085200035742781e-02 5.290853531012042761e+08
1.004584749622301765e-01 4.734198441098701954e+08
1.051449844568940195e-01 4.438959196658514142e+08
1.100501252940287722e-01 4.342275404418953061e+08
1.151840968904851020e-01 3.931073379307832718e+08
1.205575744782594882e-01 4.288535414206160307e+08
1.261817313018468445e-01 3.640035046253456473e+08
1.320682618511266337e-01 3.763035215235451460e+08
1.382294061780912076e-01 3.394128627223080993e+08
1.446779753479788821e-01 3.177316365434104204e+08
1.514273780777332656e-01 3.047780511434420347e+08
1.584916486171791816e-01 2.991553595090940595e+08
1.658854759308886484e-01 2.830921682633036375e+08
1.736242342414167639e-01 2.531729738463461697e+08
1.817240149974163610e-01 2.608485148390071988e+08
1.902016603331038169e-01 2.345574426937757134e+08
1.990747980886495849e-01 2.152512533879428506e+08
2.083618784643124222e-01 2.000183881931972504e+08
2.180822123845329585e-01 1.875214974121601582e+08
2.282560116517592663e-01 1.785794311138146520e+08
2.389044309734965343e-01 1.741260052869846523e+08
2.500496119499697190e-01 1.611138194226207733e+08
2.617147291138638421e-01 1.553532661572604477e+08
2.739240381178740802e-01 1.526993887120361924e+08
2.867029261702632170e-01 1.359868024911780059e+08
3.000779648232989039e-01 1.295288291620073318e+08
3.140769652243355914e-01 1.230636489291093946e+08
3.287290359444262067e-01 1.130489573356552571e+08
3.440646435047088891e-01 1.089053457162917256e+08
3.601156757264223351e-01 1.025340893306007534e+08
3.769155080362766030e-01 9.709759977303710580e+07
3.944990728650497602e-01 9.226522022492386401e+07
4.129029322837124427e-01 8.508490022714710236e+07
4.321653540281166217e-01 7.993466836424870789e+07
4.523263910703274604e-01 7.547959616728341579e+07
4.734279649020536884e-01 7.107302928266750276e+07
4.955139527033520785e-01 6.526335678568493575e+07
5.186302785778565960e-01 6.300374116392058879e+07
5.428250090442419129e-01 5.984928775484178215e+07
5.681484529824789576e-01 5.685212279736986011e+07
5.946532662427046478e-01 5.144511953403298557e+07
6.223945611342215356e-01 4.787094285039681941e+07
6.514300210222929710e-01 4.457452162839327008e+07
6.818200202710160696e-01 4.188119013806239516e+07
7.136277497816758686e-01 3.928025558910821378e+07
7.469193483876155337e-01 3.616515931757649034e+07
7.817640403788362891e-01 3.435793138373968750e+07
8.182342794422867716e-01 3.201364303129768744e+07
8.564058993171398404e-01 2.947933060070552677e+07
8.963582714783228100e-01 2.770886696192475036e+07
9.381744701761730587e-01 2.562061484456920624e+07
9.819414451753946116e-01 2.375006089070343599e+07
1.027750202552496051e+00 2.223862752445495501e+07
1.075695993927647365e+00 2.068548059989764169e+07
1.125878514524432994e+00 1.924753863128898665e+07
1.178402110469330522e+00 1.755226268670215458e+07
1.233375995761962995e+00 1.616412212768167816e+07
1.290914479367274659e+00 1.505482234850976430e+07
1.351137202901832923e+00 1.394788928285211325e+07
1.414169389408483246e+00 1.272433960680422932e+07
1.480142103736643344e+00 1.165944470945208147e+07
1.549192525069651882e+00 1.074551614026214369e+07
1.621464232165851449e+00 9.880964602359423414e+06
1.697107501906508942e+00 9.051953481218282133e+06
1.776279621771362560e+00 8.326342240029713139e+06
1.859145216891527452e+00 7.488299142568763345e+06
1.945876592359817581e+00 6.808411127893758938e+06
2.036654091510258002e+00 6.318889280030402355e+06
2.131666470911770972e+00 5.786669207038884051e+06
2.231111292855769257e+00 5.244504129200474359e+06
2.335195336153773393e+00 4.851691914456198923e+06
2.444135026099235386e+00 4.471401654548161663e+06
2.558156884487600369e+00 4.084407256091245450e+06
2.677498000630348152e+00 3.818213378485018387e+06
2.802406524342412553e+00 3.479485536798358895e+06
2.933142181928062087e+00 3.167508001582728233e+06
