3.069976816238139533e-02 1.748678463791881561e+09
3.213194951921637121e-02 1.305582281256942987e+09
3.363094387046929729e-02 1.385928342597630024e+09
3.519986812322865172e-02 1.216571018537691593e+09
3.684198459207260745e-02 1.361028066018321753e+09
3.856070778250449138e-02 1.169140442055634975e+09
4.035961149084377197e-02 1.100031106032316208e+09
4.224243623533543990e-02 1.127172895556617975e+09
4.421309703392971302e-02 1.060974596528443336e+09
4.627569154490460829e-02 1.032522650587168097e+09
4.843450858725836805e-02 9.167106769352660179e+08
5.069403705858849252e-02 7.786871216032323837e+08
5.305897526900069106e-02 9.848473954772468805e+08
5.553424071045594268e-02 8.871810788525706530e+08
5.812498028186940946e-02 1.029191914920443535e+09
6.083658099122266766e-02 9.092530035806648731e+08
6.367468115694234487e-02 8.192342880025728941e+08
6.664518213183667772e-02 8.514765078836386204e+08
6.975426057396794111e-02 8.141893320745418072e+08
7.300838128997587384e-02 8.535318764876563549e+08
7.641431067755764805e-02 7.745104669766458273e+08
7.997913079505601652e-02 7.083681046596089602e+08
8.371025408741054885e-02 6.341002991203926802e+08
8.761543879909236554e-02 6.305781032426023483e+08
9.170280510607109470e-02 6.138143726533144712e+08
9.598085200035742781e-02 5.447063509406807423e+08
1.004584749622301765e-01 5.720032844167078733e+08
1.051449844568940195e-01 5.118324311205094457e+08
1.100501252940287722e-01 5.308453359805544019e+08
1.151840968904851020e-01 4.676817853577660918e+08
1.205575744782594882e-01 4.632348261843929291e+08
1.261817313018468445e-01 4.050322799918057919e+08
1.320682618511266337e-01 4.072646765562353134e+08
1.382294061780912076e-01 3.968751241353268623e+08
1.446779753479788821e-01 3.680379648777937293e+08
1.514273780777332656e-01 3.324624075873714685e+08
1.584916486171791816e-01 3.283541803670223951e+08
1.658854759308886484e-01 2.776595126946091652e+08
1.736242342414167639e-01 2.743773278810414076e+08
1.817240149974163610e-01 2.682001497971557081e+08
1.902016603331038169e-01 2.426122912641288042e+08
1.990747980886495849e-01 2.262023578115628064e+08
2.083618784643124222e-01 2.122721905181634128e+08
2.180822123845329585e-01 1.991923307184281349e+08
2.282560116517592663e-01 1.891762041850062013e+08
2.389044309734965343e-01 1.740118081178095043e+08
2.500496119499697190e-01 1.734841284581494927e+08
2.617147291138638421e-01 1.586197409736115038e+08
2.739240381178740802e-01 1.481049982490347624e+08
2.867029261702632170e-01 1.365739250343900323e+08
3.000779648232989039e-01 1.298413141704707146e+08
3.140769652243355914e-01 1.210118088779865652e+08
3.287290359444262067e-01 1.159963310895487368e+08
3.440646435047088891e-01 1.087367235116266459e+08
3.601156757264223351e-01 1.051085651974855065e+08
3.769155080362766030e-01 9.359427500319571793e+07
3.944990728650497602e-01 8.749313973830696940e+07
4.129029322837124427e-01 8.514009450619137287e+07
4.321653540281166217e-01 7.908886793121510744e+07
4.523263910703274604e-01 7.304200377515278757e+07
4.734279649020536884e-01 6.963844716203306615e+07
4.955139527033520785e-01 6.574094005274768174e+07
5.186302785778565960e-01 6.124644322049836814e+07
5.428250090442419129e-01 5.705549684304098785e+07
5.681484529824789576e-01 5.343743724177449942e+07
5.946532662427046478e-01 5.055596401806963980e+07
6.223945611342215356e-01 4.848939681327456981e+07
6.514300210222929710e-01 4.384794893070606142e+07
6.818200202710160696e-01 4.118683006821518391e+07
7.136277497816758686e-01 3.898543754124269634e+07
7.469193483876155337e-01 3.642588060876381397e+07
7.817640403788362891e-01 3.359681009707809985e+07
8.182342794422867716e-01 3.104971511015420780e+07
8.564058993171398404e-01 2.938028463429937512e+07
8.963582714783228100e-01 2.680728087403089926e+07
9.381744701761730587e-01 2.495420657911036536e+07
9.819414451753946116e-01 2.387543834158970416e+07
1.027750202552496051e+00 2.226746399880797043e+07
1.075695993927647365e+00 2.072244477090968192e+07
1.125878514524432994e+00 1.934510822860130295e+07
1.178402110469330522e+00 1.770572053830942512e+07
1.233375995761962995e+00 1.613364971643564850e+07
1.290914479367274659e+00 1.506680338090115041e+07
1.351137202901832923e+00 1.408654657011706382e+07
1.414169389408483246e+00 1.308822996986538172e+07
1.480142103736643344e+00 1.197161295540220104e+07
1.549192525069651882e+00 1.130328389356359094e+07
1.621464232165851449e+00 1.040789884720709361e+07
1.697107501906508942e+00 9.351104437377048656e+06
1.776279621771362560e+00 8.480843309659818187e+06
1.859145216891527452e+00 7.749328497774635442e+06
1.945876592359817581e+00 7.071617434116244316e+06
2.036654091510258002e+00 6.395323484302630648e+06
2.131666470911770972e+00 5.810481412606213242e+06
2.231111292855769257e+00 5.328363946971689351e+06
2.335195336153773393e+00 4.757004107885602862e+06
2.444135026099235386e+00 4.386279346979606897e+06
2.558156884487600369e+00 3.962795830390187912e+06
2.677498000630348152e+00 3.663104601375632919e+06
2.802406524342412553e+00 3.360929172930192668e+06
2.933142181928062087e+00 3.181422340543009806e+06
