3.069976816238139533e-02 1.668311129072140455e+09
3.213194951921637121e-02 1.682181371096669197e+09
3.363094387046929729e-02 1.438672532666305780e+09
3.519986812322865172e-02 1.585641698054248571e+09
3.684198459207260745e-02 1.705471550098669529e+09
3.856070778250449138e-02 1.391634856620177507e+09
4.035961149084377197e-02 1.396361084530111313e+09
4.224243623533543990e-02 1.493190071374843597e+09
4.421309703392971302e-02 1.087241347564644098e+09
4.627569154490460829e-02 1.410210793458680391e+09
4.843450858725836805e-02 1.112454715196954966e+09
5.069403705858849252e-02 1.174115819853976011e+09
5.305897526900069106e-02 1.343241480362459183e+09
5.553424071045594268e-02 9.540525995384528637e+08
5.812498028186940946e-02 1.016850925631353498e+09
6.083658099122266766e-02 1.007488619498648047e+09
6.367468115694234487e-02 9.861760782982679605e+08
6.664518213183667772e-02 9.097548363932849169e+08
6.975426057396794111e-02 9.197953549508212805e+08
7.300838128997587384e-02 8.620102235462023020e+08
7.641431067755764805e-02 7.569121127199153900e+08
7.997913079505601652e-02 7.079983007460403442e+08
8.371025408741054885e-02 7.438558732387421131e+08
8.761543879909236554e-02 6.985889890744695663e+08
9.170280510607109470e-02 6.157801133680841923e+08
9.598085200035742781e-02 6.443070671717209816e+08
1.004584749622301765e-01 5.719422384026796818e+08
1.051449844568940195e-01 5.544511403791832924e+08
1.100501252940287722e-01 4.783122763933181167e+08
1.151840968904851020e-01 4.323589645016642213e+08
1.205575744782594882e-01 4.653690016280062795e+08
1.261817313018468445e-01 4.578024306269339919e+08
1.320682618511266337e-01 4.016313434389799237e+08
1.382294061780912076e-01 3.589197171390648484e+08
1.446779753479788821e-01 3.617079375355658531e+08
1.514273780777332656e-01 3.193728549908472896e+08
1.584916486171791816e-01 3.092485420938358307e+08
1.658854759308886484e-01 2.804116998483870625e+08
1.736242342414167639e-01 2.688163202069768906e+08
1.817240149974163610e-01 2.423373630307863057e+08
1.902016603331038169e-01 2.593255555326287150e+08
1.990747980886495849e-01 2.443738377208916545e+08
2.083618784643124222e-01 2.322385490424237251e+08
2.180822123845329585e-01 2.225521820236264467e+08
2.282560116517592663e-01 2.052647499812333584e+08
2.389044309734965343e-01 1.891707772361817956e+08
2.500496119499697190e-01 1.783890030813377798e+08
2.617147291138638421e-01 1.701721274763078988e+08
2.739240381178740802e-01 1.560604593876506388e+08
2.867029261702632170e-01 1.440438127766902745e+08
3.000779648232989039e-01 1.392705071695569158e+08
3.140769652243355914e-01 1.284298008699007332e+08
3.287290359444262067e-01 1.277146654272119552e+08
3.440646435047088891e-01 1.167475799622160196e+08
3.601156757264223351e-01 1.093453917240036130e+08
3.769155080362766030e-01 1.065515726112501472e+08
3.944990728650497602e-01 9.801719964167439938e+07
4.129029322837124427e-01 9.189326727629522979e+07
4.321653540281166217e-01 8.910102949689039588e+07
4.523263910703274604e-01 8.223482176548863947e+07
4.734279649020536884e-01 7.775103726305326819e+07
4.955139527033520785e-01 7.269299110665549338e+07
5.186302785778565960e-01 6.669992653938861191e+07
5.428250090442419129e-01 6.407512504105313867e+07
5.681484529824789576e-01 5.940633910269095749e+07
5.946532662427046478e-01 5.472359203902447224e+07
6.223945611342215356e-01 5.233977572723910213e+07
6.514300210222929710e-01 4.946205045676675439e+07
6.818200202710160696e-01 4.532662932991345227e+07
7.136277497816758686e-01 4.262790863372767717e+07
7.469193483876155337e-01 3.938451653999967128e+07
7.817640403788362891e-01 3.623211127540609986e+07
8.182342794422867716e-01 3.322548246591910347e+07
8.564058993171398404e-01 3.102961270656380430e+07
8.963582714783228100e-01 2.913159192044342682e+07
9.381744701761730587e-01 2.707820911623839289e+07
9.819414451753946116e-01 2.483063292833375931e+07
1.027750202552496051e+00 2.304812341264758632e+07
1.075695993927647365e+00 2.140815831524051353e+07
1.125878514524432994e+00 1.916412629121882841e+07
1.178402110469330522e+00 1.799119202383135632e+07
1.233375995761962995e+00 1.666700159025243670e+07
1.290914479367274659e+00 1.544226085017058067e+07
1.351137202901832923e+00 1.428348865347734280e+07
1.414169389408483246e+00 1.318618311163197644e+07
1.480142103736643344e+00 1.231940448791282065e+07
1.549192525069651882e+00 1.104113158338893577e+07
1.621464232165851449e+00 1.006139735356263816e+07
1.697107501906508942e+00 9.231602609512431547e+06
1.776279621771362560e+00 8.452406838612740859e+06
1.859145216891527452e+00 7.785851204070562497e+06
1.945876592359817581e+00 7.054341038014225662e+06
2.036654091510258002e+00 6.365159014097983949e+06
2.131666470911770972e+00 5.898270645777319558e+06
2.231111292855769257e+00 5.417324243035194464e+06
2.335195336153773393e+00 4.900225220470846631e+06
2.444135026099235386e+00 4.357695084994859993e+06
2.558156884487600369e+00 3.958716779932742473e+06
2.677498000630348152e+00 3.554141221318424214e+06
2.802406524342412553e+00 3.269196389936158899e+06
2.933142181928062087e+00 2.990159133650500327e+06
