3.069976816238139533e-02 9.960040465175957680e+08
3.213194951921637121e-02 7.800402156296890974e+08
3.363094387046929729e-02 8.989129306880813837e+08
3.519986812322865172e-02 7.132764909173209667e+08
3.684198459207260745e-02 8.200574019671339989e+08
3.856070778250449138e-02 7.090659967725393772e+08
4.035961149084377197e-02 7.481340033358200788e+08
4.224243623533543990e-02 5.839136770929458141e+08
4.421309703392971302e-02 7.824553006928119659e+08
4.627569154490460829e-02 5.411311195606932640e+08
4.843450858725836805e-02 7.024436759192663431e+08
5.069403705858849252e-02 6.765135009260798693e+08
5.305897526900069106e-02 6.366110881632223129e+08
5.553424071045594268e-02 5.797831718729931116e+08
5.812498028186940946e-02 6.458817503123835325e+08
6.083658099122266766e-02 5.035904494391458035e+08
6.367468115694234487e-02 6.161393467615605593e+08
6.664518213183667772e-02 6.106601803613933325e+08
6.975426057396794111e-02 6.039791904734848738e+08
7.300838128997587384e-02 6.143257173480020761e+08
7.641431067755764805e-02 4.888614041142429113e+08
7.997913079505601652e-02 5.649400218757300377e+08
8.371025408741054885e-02 4.854915697669207454e+08
8.761543879909236554e-02 5.860037885967218876e+08
9.170280510607109470e-02 5.422067451183046103e+08
9.598085200035742781e-02 4.769788375457330942e+08
1.004584749622301765e-01 4.542885819509065151e+08
1.051449844568940195e-01 4.440390868692900538e+08
1.100501252940287722e-01 4.531571310244372487e+08
1.151840968904851020e-01 4.103114961115081310e+08
1.205575744782594882e-01 3.517695419514705539e+08
1.261817313018468445e-01 3.769895183470648527e+08
1.320682618511266337e-01 3.554574614948613048e+08
1.382294061780912076e-01 3.390976256860502958e+08
1.446779753479788821e-01 3.233819801833783388e+08
1.514273780777332656e-01 3.162107146512101293e+08
1.584916486171791816e-01 2.856454293205752969e+08
1.658854759308886484e-01 2.634508488575055897e+08
1.736242342414167639e-01 2.597279045928330421e+08
1.817240149974163610e-01 2.453436403258782923e+08
1.902016603331038169e-01 2.430110563953839540e+08
1.990747980886495849e-01 2.212839517972880602e+08
2.083618784643124222e-01 2.111372301732855737e+08
2.180822123845329585e-01 1.900036707231183350e+08
2.282560116517592663e-01 1.828235397010864317e+08
2.389044309734965343e-01 1.804878278112190366e+08
2.500496119499697190e-01 1.650606449391933978e+08
2.617147291138638421e-01 1.497171755946575403e+08
2.739240381178740802e-01 1.456376235470361114e+08
2.867029261702632170e-01 1.423995939167698026e+08
3.000779648232989039e-01 1.285733746434322298e+08
3.140769652243355914e-01 1.190996522593747079e+08
3.287290359444262067e-01 1.117531818116189390e+08
3.440646435047088891e-01 1.018879139730595946e+08
3.601156757264223351e-01 1.013509658949538022e+08
3.769155080362766030e-01 9.262904571803466976e+07
3.944990728650497602e-01 9.064337221809212863e+07
4.129029322837124427e-01 8.341990884361974895e+07
4.321653540281166217e-01 7.609813979014773667e+07
4.523263910703274604e-01 7.442357163451354206e+07
4.734279649020536884e-01 6.905901039180287719e+07
4.955139527033520785e-01 6.480036192513358593e+07
5.186302785778565960e-01 5.961855969779460877e+07
5.428250090442419129e-01 5.727830428263103217e+07
5.681484529824789576e-01 5.310702243395178765e+07
5.946532662427046478e-01 4.958420053167318553e+07
6.223945611342215356e-01 4.631266328534366190e+07
6.514300210222929710e-01 4.261232580254698545e+07
6.818200202710160696e-01 4.054022284745372832e+07
7.136277497816758686e-01 3.785657776160541177e+07
7.469193483876155337e-01 3.470910752237028629e+07
7.817640403788362891e-01 3.321378353061800450e+07
8.182342794422867716e-01 3.067870176937425137e+07
8.564058993171398404e-01 2.868115034039366618e+07
8.963582714783228100e-01 2.638397035981774703e+07
9.381744701761730587e-01 2.459917591745418310e+07
9.819414451753946116e-01 2.311898007208432630e+07
1.027750202552496051e+00 2.135668573186308891e+07
1.075695993927647365e+00 2.026516627797301486e+07
1.125878514524432994e+00 1.864032211132938042e+07
1.178402110469330522e+00 1.723339995103312284e+07
1.233375995761962995e+00 1.603166579952868819e+07
1.290914479367274659e+00 1.482992403860772401e+07
1.351137202901832923e+00 1.374036931611079723e+07
1.414169389408483246e+00 1.275816396475701593e+07
1.480142103736643344e+00 1.171958387582360581e+07
1.549192525069651882e+00 1.092254449030711129e+07
1.621464232165851449e+00 1.002549190304713137e+07
1.697107501906508942e+00 9.216912842598116025e+06
1.776279621771362560e+00 8.524954646997675300e+06
1.859145216891527452e+00 7.904388574858951382e+06
1.945876592359817581e+00 7.163562116168270819e+06
2.036654091510258002e+00 6.554766706128420308e+06
2.131666470911770972e+00 6.010323079749705270e+06
2.231111292855769257e+00 5.512704270852729678e+06
2.335195336153773393e+00 5.002753002730478533e+06
2.444135026099235386e+00 4.555079103857526556e+06
2.558156884487600369e+00 4.181726311836832203e+06
2.677498000630348152e+00 3.842879114478603937e+06
2.802406524342412553e+00 3.483975529976434074e+06
2.933142181928062087e+00 3.223345857905402780e+06
