3.069976816238139533e-02 8.743608694347537756e+08
3.213194951921637121e-02 7.166482877881522179e+08
3.363094387046929729e-02 6.698981438806872368e+08
3.519986812322865172e-02 7.298863940085616112e+08
3.684198459207260745e-02 9.007685756004128456e+08
3.856070778250449138e-02 8.507384123824969530e+08
4.035961149084377197e-02 7.002024297693035603e+08
4.224243623533543990e-02 9.230547978263697624e+08
4.421309703392971302e-02 7.645888569843835831e+08
4.627569154490460829e-02 8.409506230442695618e+08
4.843450858725836805e-02 6.341151323458546400e+08
5.069403705858849252e-02 7.203027978042180538e+08
5.305897526900069106e-02 5.919707746158850193e+08
5.553424071045594268e-02 7.881276546958816051e+08
5.812498028186940946e-02 7.004743521139436960e+08
6.083658099122266766e-02 6.090294035330628157e+08
6.367468115694234487e-02 5.721154809881056547e+08
6.664518213183667772e-02 6.709517154636677504e+08
6.975426057396794111e-02 6.080801903010456562e+08
7.300838128997587384e-02 6.337172612578130960e+08
7.641431067755764805e-02 5.237586465784567595e+08
7.997913079505601652e-02 5.829101900895442963e+08
8.371025408741054885e-02 5.453855983269416094e+08
8.761543879909236554e-02 5.687898435637542009e+08
9.170280510607109470e-02 4.649154186344821453e+08
9.598085200035742781e-02 4.700515096292755604e+08
1.004584749622301765e-01 4.630699691874428391e+08
1.051449844568940195e-01 4.562826281146108508e+08
1.100501252940287722e-01 4.268550653175400496e+08
1.151840968904851020e-01 3.993193682658499479e+08
1.205575744782594882e-01 3.818821352085961103e+08
1.261817313018468445e-01 3.813956912647552490e+08
1.320682618511266337e-01 3.583118828854957819e+08
1.382294061780912076e-01 3.151567162765706778e+08
1.446779753479788821e-01 2.931672346088042855e+08
1.514273780777332656e-01 3.172069815229104161e+08
1.584916486171791816e-01 2.703733046940336823e+08
1.658854759308886484e-01 2.662911322367431223e+08
1.736242342414167639e-01 2.640602474494185448e+08
1.817240149974163610e-01 2.328990057999181151e+08
1.902016603331038169e-01 2.377835781575305164e+08
1.990747980886495849e-01 2.140284081396183074e+08
2.083618784643124222e-01 1.954684977227887511e+08
2.180822123845329585e-01 1.927026012569923103e+08
2.282560116517592663e-01 1.814829510294422805e+08
2.389044309734965343e-01 1.733323057169574201e+08
2.500496119499697190e-01 1.591617898598190546e+08
2.617147291138638421e-01 1.519830547302053273e+08
2.739240381178740802e-01 1.442919051934704781e+08
2.867029261702632170e-01 1.341264179121382982e+08
3.000779648232989039e-01 1.261465553316334784e+08
3.140769652243355914e-01 1.159716128374528140e+08
3.287290359444262067e-01 1.104184886112517267e+08
3.440646435047088891e-01 1.016799544764170349e+08
3.601156757264223351e-01 9.912043464174506068e+07
3.769155080362766030e-01 9.011091043655677140e+07
3.944990728650497602e-01 8.656477519172425568e+07
4.129029322837124427e-01 8.270497180446586013e+07
4.321653540281166217e-01 7.357486150598904490e+07
4.523263910703274604e-01 7.448495279185236990e+07
4.734279649020536884e-01 6.771465154806464911e+07
4.955139527033520785e-01 6.319067524973282963e+07
5.186302785778565960e-01 5.967687143066098541e+07
5.428250090442419129e-01 5.653756100456530601e+07
5.681484529824789576e-01 5.192619525351086259e+07
5.946532662427046478e-01 4.974921540459226072e+07
6.223945611342215356e-01 4.635815238734965026e+07
6.514300210222929710e-01 4.343044605780223757e+07
6.818200202710160696e-01 4.114162352769376338e+07
7.136277497816758686e-01 3.881119699899068475e+07
7.469193483876155337e-01 3.582554396714638919e+07
7.817640403788362891e-01 3.457150906543231010e+07
8.182342794422867716e-01 3.215806511088419333e+07
8.564058993171398404e-01 3.017971346227584034e+07
8.963582714783228100e-01 2.818336814645282179e+07
9.381744701761730587e-01 2.627126788582041860e+07
9.819414451753946116e-01 2.458063074416891113e+07
1.027750202552496051e+00 2.289496076216563955e+07
1.075695993927647365e+00 2.133478575418576971e+07
1.125878514524432994e+00 1.976408400766716152e+07
1.178402110469330522e+00 1.854806047494447231e+07
1.233375995761962995e+00 1.714587094400550425e+07
1.290914479367274659e+00 1.600984747091190144e+07
1.351137202901832923e+00 1.481727675363054499e+07
1.414169389408483246e+00 1.383001078760682233e+07
1.480142103736643344e+00 1.260617194834641926e+07
1.549192525069651882e+00 1.150241181655811891e+07
1.621464232165851449e+00 1.038982556267327070e+07
1.697107501906508942e+00 9.346543384481588379e+06
1.776279621771362560e+00 8.491892867814425379e+06
1.859145216891527452e+00 7.767209459386665374e+06
1.945876592359817581e+00 7.093684398069316521e+06
2.036654091510258002e+00 6.483483998013963923e+06
2.131666470911770972e+00 5.909634042438977398e+06
2.231111292855769257e+00 5.395787826862497255e+06
2.335195336153773393e+00 4.962089041631029919e+06
2.444135026099235386e+00 4.538109413383543491e+06
2.558156884487600369e+00 4.141380178982694633e+06
2.677498000630348152e+00 3.790509751736372244e+06
2.802406524342412553e+00 3.476418061467463151e+06
2.933142181928062087e+00 3.174953539251238108e+06
