3.069976816238139533e-02 9.691268363181393147e+08
3.213194951921637121e-02 9.638178788264968395e+08
3.363094387046929729e-02 6.842006205243103504e+08
3.519986812322865172e-02 5.934269204944512844e+08
3.684198459207260745e-02 7.734452683704309464e+08
3.856070778250449138e-02 6.928807401905266047e+08
4.035961149084377197e-02 5.854348861998827457e+08
4.224243623533543990e-02 8.447440922505004406e+08
4.421309703392971302e-02 6.768237084584279060e+08
4.627569154490460829e-02 5.940058990091528893e+08
4.843450858725836805e-02 4.989805941743150353e+08
5.069403705858849252e-02 5.161571934849480987e+08
5.305897526900069106e-02 4.962629535606921315e+08
5.553424071045594268e-02 4.663036825722103715e+08
5.812498028186940946e-02 4.719300727050078511e+08
6.083658099122266766e-02 4.309692620912126899e+08
6.367468115694234487e-02 4.272641883055452108e+08
6.664518213183667772e-02 4.199929211803737283e+08
6.975426057396794111e-02 3.878058379549006820e+08
7.300838128997587384e-02 4.164749731609915495e+08
7.641431067755764805e-02 3.725550004473380446e+08
7.997913079505601652e-02 3.838945093704139590e+08
8.371025408741054885e-02 3.675317864781338573e+08
8.761543879909236554e-02 3.382671110150153637e+08
9.170280510607109470e-02 3.091945376485350728e+08
9.598085200035742781e-02 3.215228668069564104e+08
1.004584749622301765e-01 3.010676302745731473e+08
1.051449844568940195e-01 2.994597804581156373e+08
1.100501252940287722e-01 2.462250956505089104e+08
1.151840968904851020e-01 2.683401683260544837e+08
1.205575744782594882e-01 2.290532302087642848e+08
1.261817313018468445e-01 2.170794810348554850e+08
1.320682618511266337e-01 2.167247888285759687e+08
1.382294061780912076e-01 2.113310217679768205e+08
1.446779753479788821e-01 1.766926615229335427e+08
1.514273780777332656e-01 1.674226319632807672e+08
1.584916486171791816e-01 1.658476238076061010e+08
1.658854759308886484e-01 1.611717143724140227e+08
1.736242342414167639e-01 1.553304668863264620e+08
1.817240149974163610e-01 1.387094229093911350e+08
1.902016603331038169e-01 1.304250973902220577e+08
1.990747980886495849e-01 1.293639969890242219e+08
2.083618784643124222e-01 1.093052255480735004e+08
2.180822123845329585e-01 1.087329250344600081e+08
2.282560116517592663e-01 1.035406176852789372e+08
2.389044309734965343e-01 9.340535155940751731e+07
2.500496119499697190e-01 8.672199462980410457e+07
2.617147291138638421e-01 7.758181488754215837e+07
2.739240381178740802e-01 6.906058083526836336e+07
2.867029261702632170e-01 6.203685951129535586e+07
3.000779648232989039e-01 5.857033404757424444e+07
3.140769652243355914e-01 5.174400903365252167e+07
3.287290359444262067e-01 4.764678353594744205e+07
3.440646435047088891e-01 4.544430234873420000e+07
3.601156757264223351e-01 3.925870334715332836e+07
3.769155080362766030e-01 3.478561803268553317e+07
3.944990728650497602e-01 3.295904734991370887e+07
4.129029322837124427e-01 2.982659346863670275e+07
4.321653540281166217e-01 2.864626456421282142e+07
4.523263910703274604e-01 2.463245475463103876e+07
4.734279649020536884e-01 2.551208990851394460e+07
4.955139527033520785e-01 2.341067707245311141e+07
5.186302785778565960e-01 2.161569016293457150e+07
5.428250090442419129e-01 1.961726299112121388e+07
5.681484529824789576e-01 1.860131553439093009e+07
5.946532662427046478e-01 1.831322776012402028e+07
6.223945611342215356e-01 1.661598929725097306e+07
6.514300210222929710e-01 1.625006589260961488e+07
6.818200202710160696e-01 1.465871896117387712e+07
7.136277497816758686e-01 1.419316149693144485e+07
7.469193483876155337e-01 1.392545906275222637e+07
7.817640403788362891e-01 1.340777004395846836e+07
8.182342794422867716e-01 1.288852495084227435e+07
8.564058993171398404e-01 1.227523113786524348e+07
8.963582714783228100e-01 1.177709271471266262e+07
9.381744701761730587e-01 1.139730436819549836e+07
9.819414451753946116e-01 1.018274419894581288e+07
1.027750202552496051e+00 9.388262548407973722e+06
1.075695993927647365e+00 8.408971166637795046e+06
1.125878514524432994e+00 7.966827820043276995e+06
1.178402110469330522e+00 7.015897963290771469e+06
1.233375995761962995e+00 6.389775093530689366e+06
1.290914479367274659e+00 6.020375969228274189e+06
1.351137202901832923e+00 5.531520823664003052e+06
1.414169389408483246e+00 5.415693416041518562e+06
1.480142103736643344e+00 5.099027330668981187e+06
1.549192525069651882e+00 4.686787827552210540e+06
1.621464232165851449e+00 4.358231754542203620e+06
1.697107501906508942e+00 3.746952036393161863e+06
1.776279621771362560e+00 3.218451069909537677e+06
1.859145216891527452e+00 2.897760620807858184e+06
1.945876592359817581e+00 2.635539767166952137e+06
2.036654091510258002e+00 2.411730247976180632e+06
2.131666470911770972e+00 2.235596016215761192e+06
2.231111292855769257e+00 1.945669414441522444e+06
2.335195336153773393e+00 1.761221650980621343e+06
2.444135026099235386e+00 1.546274154293376720e+06
2.558156884487600369e+00 1.427264158540992299e+06
2.677498000630348152e+00 1.310584174626126653e+06
2.802406524342412553e+00 1.260304162015723763e+06
2.933142181928062087e+00 1.128551358499877388e+06
