3.069976816238139533e-02 1.480922921155624628e+09
3.213194951921637121e-02 1.121683723161320210e+09
3.363094387046929729e-02 1.490657129158704996e+09
3.519986812322865172e-02 1.386422723692929268e+09
3.684198459207260745e-02 1.239132628243474722e+09
3.856070778250449138e-02 1.514049712600248098e+09
4.035961149084377197e-02 1.350671230380925179e+09
4.224243623533543990e-02 1.122508648908357620e+09
4.421309703392971302e-02 1.229547998034826279e+09
4.627569154490460829e-02 1.251817793294884443e+09
4.843450858725836805e-02 9.909430302477765083e+08
5.069403705858849252e-02 9.708540379271146059e+08
5.305897526900069106e-02 1.021572670703113556e+09
5.553424071045594268e-02 1.033268762372057796e+09
5.812498028186940946e-02 7.926802785312027931e+08
6.083658099122266766e-02 9.128313674132907391e+08
6.367468115694234487e-02 9.005144760856462717e+08
6.664518213183667772e-02 9.302943753279443979e+08
6.975426057396794111e-02 8.579491214253470898e+08
7.300838128997587384e-02 8.135492178377729654e+08
7.641431067755764805e-02 7.662178631605030298e+08
7.997913079505601652e-02 7.870198949870189428e+08
8.371025408741054885e-02 8.019538128017299175e+08
8.761543879909236554e-02 8.187390956039640903e+08
9.170280510607109470e-02 8.756540743782624006e+08
9.598085200035742781e-02 7.556346966757727861e+08
1.004584749622301765e-01 6.525640965551481247e+08
1.051449844568940195e-01 5.756667111530193090e+08
1.100501252940287722e-01 6.110884310725524426e+08
1.151840968904851020e-01 5.522805444528967142e+08
1.205575744782594882e-01 4.844459343123846054e+08
1.261817313018468445e-01 4.501511017730017900e+08
1.320682618511266337e-01 4.364370266716721058e+08
1.382294061780912076e-01 4.252200347731505632e+08
1.446779753479788821e-01 3.733961164067521095e+08
1.514273780777332656e-01 3.844148324706447124e+08
1.584916486171791816e-01 3.627349142698069811e+08
1.658854759308886484e-01 3.310220367237357497e+08
1.736242342414167639e-01 3.128674958164409995e+08
1.817240149974163610e-01 2.964195500988255739e+08
1.902016603331038169e-01 2.659338396867648959e+08
1.990747980886495849e-01 2.600359553837977350e+08
2.083618784643124222e-01 2.468083713877696395e+08
2.180822123845329585e-01 2.321278620724019706e+08
2.282560116517592663e-01 2.259073470418089628e+08
2.389044309734965343e-01 1.928475056717669964e+08
2.500496119499697190e-01 1.863153298661993742e+08
2.617147291138638421e-01 1.734604699109203219e+08
2.739240381178740802e-01 1.651166625477653444e+08
2.867029261702632170e-01 1.570147202333621979e+08
3.000779648232989039e-01 1.450335838171906471e+08
3.140769652243355914e-01 1.380769928338039517e+08
3.287290359444262067e-01 1.300400853810439855e+08
3.440646435047088891e-01 1.175932588490326703e+08
3.601156757264223351e-01 1.120725436252015978e+08
3.769155080362766030e-01 1.026252112444870770e+08
3.944990728650497602e-01 1.010581568912285715e+08
4.129029322837124427e-01 9.499194470487427711e+07
4.321653540281166217e-01 8.879204921849444509e+07
4.523263910703274604e-01 8.468879257499934733e+07
4.734279649020536884e-01 7.694168048063378036e+07
4.955139527033520785e-01 7.220598512236618996e+07
5.186302785778565960e-01 7.131099555301843584e+07
5.428250090442419129e-01 6.361285566753262281e+07
5.681484529824789576e-01 5.968870989620143175e+07
5.946532662427046478e-01 5.665292730293570459e+07
6.223945611342215356e-01 5.153138999763537943e+07
6.514300210222929710e-01 4.909059413048700988e+07
6.818200202710160696e-01 4.599462375089372694e+07
7.136277497816758686e-01 4.201013606113336980e+07
7.469193483876155337e-01 3.893337612425121665e+07
7.817640403788362891e-01 3.699024552629208565e+07
8.182342794422867716e-01 3.471972946600493789e+07
8.564058993171398404e-01 3.288734156498286128e+07
8.963582714783228100e-01 3.022156927638919279e+07
9.381744701761730587e-01 2.893129064154622331e+07
9.819414451753946116e-01 2.673672026141947135e+07
1.027750202552496051e+00 2.499364661356229335e+07
1.075695993927647365e+00 2.294420094860376790e+07
1.125878514524432994e+00 2.134771919826393574e+07
1.178402110469330522e+00 1.976508698956471682e+07
1.233375995761962995e+00 1.842181228324794769e+07
1.290914479367274659e+00 1.661631639298328571e+07
1.351137202901832923e+00 1.552194203208138421e+07
1.414169389408483246e+00 1.412905183445024490e+07
1.480142103736643344e+00 1.310234352800438553e+07
1.549192525069651882e+00 1.202993319609992579e+07
1.621464232165851449e+00 1.096517818496263586e+07
1.697107501906508942e+00 9.745171758375255391e+06
1.776279621771362560e+00 8.798697317696588114e+06
1.859145216891527452e+00 8.158206550219133496e+06
1.945876592359817581e+00 7.383510695159105584e+06
2.036654091510258002e+00 6.750983119919525459e+06
2.131666470911770972e+00 6.101490982976803556e+06
2.231111292855769257e+00 5.617349588347179815e+06
2.335195336153773393e+00 5.109292765699572861e+06
2.444135026099235386e+00 4.763668075515705161e+06
2.558156884487600369e+00 4.413103217406729236e+06
2.677498000630348152e+00 4.098397577045180835e+06
2.802406524342412553e+00 3.784736250070986804e+06
2.933142181928062087e+00 3.537355880954753608e+06
