3.069976816238139533e-02 1.226573325969172001e+09
3.213194951921637121e-02 1.081142662066841602e+09
3.363094387046929729e-02 1.141206220850512981e+09
3.519986812322865172e-02 1.409619952941777706e+09
3.684198459207260745e-02 1.248165768443372011e+09
3.856070778250449138e-02 1.267755650221294165e+09
4.035961149084377197e-02 1.596340929806213140e+09
4.224243623533543990e-02 1.288265236057844639e+09
4.421309703392971302e-02 1.043631667322958708e+09
4.627569154490460829e-02 1.222678725582358360e+09
4.843450858725836805e-02 1.104263387936308861e+09
5.069403705858849252e-02 9.924444967771536112e+08
5.305897526900069106e-02 8.987023516555396318e+08
5.553424071045594268e-02 8.007383215666823387e+08
5.812498028186940946e-02 9.319675185867693424e+08
6.083658099122266766e-02 1.019053439691186190e+09
6.367468115694234487e-02 8.719550265508675575e+08
6.664518213183667772e-02 8.928906462775895596e+08
6.975426057396794111e-02 6.648212951758426428e+08
7.300838128997587384e-02 7.622922164024001360e+08
7.641431067755764805e-02 7.715054247729539871e+08
7.997913079505601652e-02 6.335077728487566710e+08
8.371025408741054885e-02 6.225372634132186174e+08
8.761543879909236554e-02 5.733214208000525236e+08
9.170280510607109470e-02 5.105247199920018911e+08
9.598085200035742781e-02 4.916363132642545700e+08
1.004584749622301765e-01 5.076671649546839595e+08
1.051449844568940195e-01 5.222706394257295728e+08
1.100501252940287722e-01 4.851193347686113119e+08
1.151840968904851020e-01 4.524413608666402698e+08
1.205575744782594882e-01 4.251443267113428712e+08
1.261817313018468445e-01 3.766497534897789955e+08
1.320682618511266337e-01 3.193270409799301624e+08
1.382294061780912076e-01 3.499334778629982471e+08
1.446779753479788821e-01 3.090979332332019210e+08
1.514273780777332656e-01 3.352804155479340553e+08
1.584916486171791816e-01 2.985171639438329339e+08
1.658854759308886484e-01 3.035995867053522468e+08
1.736242342414167639e-01 2.950584089646949768e+08
1.817240149974163610e-01 2.500881861836324036e+08
1.902016603331038169e-01 2.494252281947112381e+08
1.990747980886495849e-01 2.287382072127930224e+08
2.083618784643124222e-01 2.115651081209509671e+08
2.180822123845329585e-01 1.943709683254952431e+08
2.282560116517592663e-01 1.813595187597003579e+08
2.389044309734965343e-01 1.713322233865717053e+08
2.500496119499697190e-01 1.624824181759892702e+08
2.617147291138638421e-01 1.539033596878129244e+08
2.739240381178740802e-01 1.501880282827052474e+08
2.867029261702632170e-01 1.313573303944106996e+08
3.000779648232989039e-01 1.231153044176080823e+08
3.140769652243355914e-01 1.134857760497079492e+08
3.287290359444262067e-01 1.056284154199050665e+08
3.440646435047088891e-01 1.007171872375444323e+08
3.601156757264223351e-01 9.203810144202312827e+07
3.769155080362766030e-01 8.927747319173224270e+07
3.944990728650497602e-01 8.693063717471462488e+07
4.129029322837124427e-01 8.024999861220674217e+07
4.321653540281166217e-01 7.714969680169557035e+07
4.523263910703274604e-01 7.059412239050838351e+07
4.734279649020536884e-01 6.712744278590263426e+07
4.955139527033520785e-01 6.537086926145944744e+07
5.186302785778565960e-01 6.130315438920129091e+07
5.428250090442419129e-01 5.790459136946811527e+07
5.681484529824789576e-01 5.410560619304928184e+07
5.946532662427046478e-01 4.993136632570064068e+07
6.223945611342215356e-01 4.783484902942708880e+07
6.514300210222929710e-01 4.567140573004251719e+07
6.818200202710160696e-01 4.326580707811546326e+07
7.136277497816758686e-01 4.083067473956082016e+07
7.469193483876155337e-01 3.735503276473284513e+07
7.817640403788362891e-01 3.537048484609974176e+07
8.182342794422867716e-01 3.275248044117667153e+07
8.564058993171398404e-01 3.024552464890427887e+07
8.963582714783228100e-01 2.829473740286237746e+07
9.381744701761730587e-01 2.563921675856480375e+07
9.819414451753946116e-01 2.361019240277687088e+07
1.027750202552496051e+00 2.157461510189277306e+07
1.075695993927647365e+00 1.914070122939044610e+07
1.125878514524432994e+00 1.753956259850650281e+07
1.178402110469330522e+00 1.606377211310771294e+07
1.233375995761962995e+00 1.498911939000798576e+07
1.290914479367274659e+00 1.379061143793974072e+07
1.351137202901832923e+00 1.287243154332897253e+07
1.414169389408483246e+00 1.195857464071012661e+07
1.480142103736643344e+00 1.095442435423300043e+07
1.549192525069651882e+00 9.993849630032977089e+06
1.621464232165851449e+00 9.495031491503760219e+06
1.697107501906508942e+00 8.966631922842854634e+06
1.776279621771362560e+00 8.280811208338752389e+06
1.859145216891527452e+00 7.651944068101366051e+06
1.945876592359817581e+00 6.928643169744497165e+06
2.036654091510258002e+00 6.247573930867888033e+06
2.131666470911770972e+00 5.578529719883593731e+06
2.231111292855769257e+00 4.967606556718472391e+06
2.335195336153773393e+00 4.319316410752480850e+06
2.444135026099235386e+00 3.787827453847837169e+06
2.558156884487600369e+00 3.392080176497114357e+06
2.677498000630348152e+00 3.109562259134333581e+06
2.802406524342412553e+00 2.976910022669848055e+06
2.933142181928062087e+00 2.807860678846727125e+06
