3.069976816238139533e-02 1.046831222531834722e+09
3.213194951921637121e-02 1.631126643180827379e+09
3.363094387046929729e-02 1.237546766675945282e+09
3.519986812322865172e-02 9.918822412532916069e+08
3.684198459207260745e-02 1.061772906639512777e+09
3.856070778250449138e-02 1.142056731925142050e+09
4.035961149084377197e-02 9.428312919151628017e+08
4.224243623533543990e-02 1.218642215912005424e+09
4.421309703392971302e-02 9.035648144077554941e+08
4.627569154490460829e-02 1.013410628516466379e+09
4.843450858725836805e-02 8.611441808501553535e+08
5.069403705858849252e-02 7.813538837245841026e+08
5.305897526900069106e-02 8.549465017420611382e+08
5.553424071045594268e-02 8.214073214494334459e+08
5.812498028186940946e-02 9.011026836817619801e+08
6.083658099122266766e-02 8.439110002004483938e+08
6.367468115694234487e-02 6.635030762468016148e+08
6.664518213183667772e-02 5.902169889368448257e+08
6.975426057396794111e-02 7.471323298014433384e+08
7.300838128997587384e-02 6.251841860335017443e+08
7.641431067755764805e-02 5.393093129743614197e+08
7.997913079505601652e-02 5.194510636562947631e+08
8.371025408741054885e-02 5.562514252528558969e+08
8.761543879909236554e-02 5.266936639140747786e+08
9.170280510607109470e-02 4.866582775545142889e+08
9.598085200035742781e-02 4.217925355734612942e+08
1.004584749622301765e-01 4.425908284333713055e+08
1.051449844568940195e-01 4.490304439797234535e+08
1.100501252940287722e-01 4.230122730742215514e+08
1.151840968904851020e-01 3.818979258819321990e+08
1.205575744782594882e-01 3.949438525740548968e+08
1.261817313018468445e-01 3.701317227999667525e+08
1.320682618511266337e-01 3.530414314170454144e+08
1.382294061780912076e-01 3.495633555543013215e+08
1.446779753479788821e-01 3.397054911802735925e+08
1.514273780777332656e-01 3.083582538409976959e+08
1.584916486171791816e-01 3.476379898115108609e+08
1.658854759308886484e-01 3.036561775970649719e+08
1.736242342414167639e-01 2.660810525634548068e+08
1.817240149974163610e-01 2.554653354563738704e+08
1.902016603331038169e-01 2.434363937112575173e+08
1.990747980886495849e-01 2.356889841050392091e+08
2.083618784643124222e-01 2.155371262857362032e+08
2.180822123845329585e-01 2.054428727050866485e+08
2.282560116517592663e-01 1.970728932041032612e+08
2.389044309734965343e-01 1.855911809512809217e+08
2.500496119499697190e-01 1.761620343585068285e+08
2.617147291138638421e-01 1.574216175910114646e+08
2.739240381178740802e-01 1.534170791047973633e+08
2.867029261702632170e-01 1.435849996064088047e+08
3.000779648232989039e-01 1.345634170578962862e+08
3.140769652243355914e-01 1.247638284950816780e+08
3.287290359444262067e-01 1.159681836510924250e+08
3.440646435047088891e-01 1.085222029696070999e+08
3.601156757264223351e-01 1.024923542851350754e+08
3.769155080362766030e-01 9.800551273163148761e+07
3.944990728650497602e-01 9.331391054713922739e+07
4.129029322837124427e-01 8.420814479990652204e+07
4.321653540281166217e-01 8.076071801319026947e+07
4.523263910703274604e-01 7.918857432956142724e+07
4.734279649020536884e-01 7.277609042579708993e+07
4.955139527033520785e-01 6.804730293069554865e+07
5.186302785778565960e-01 6.286341784274560213e+07
5.428250090442419129e-01 5.775364848975358903e+07
5.681484529824789576e-01 5.414406270870991796e+07
5.946532662427046478e-01 5.031661193155538291e+07
6.223945611342215356e-01 4.767076837486839294e+07
6.514300210222929710e-01 4.389332593316993862e+07
6.818200202710160696e-01 4.058160526585320383e+07
7.136277497816758686e-01 3.878342592960539460e+07
7.469193483876155337e-01 3.686218742055138201e+07
7.817640403788362891e-01 3.327439321032456681e+07
8.182342794422867716e-01 3.156626536858484894e+07
8.564058993171398404e-01 2.987382731436873600e+07
8.963582714783228100e-01 2.749795828904249519e+07
9.381744701761730587e-01 2.558775103180079162e+07
9.819414451753946116e-01 2.388577147935872152e+07
1.027750202552496051e+00 2.217891262883566692e+07
1.075695993927647365e+00 2.035640125265451521e+07
1.125878514524432994e+00 1.849293670715138689e+07
1.178402110469330522e+00 1.671198870679580979e+07
1.233375995761962995e+00 1.532727074806077965e+07
1.290914479367274659e+00 1.465006404596595280e+07
1.351137202901832923e+00 1.366983368173180521e+07
1.414169389408483246e+00 1.292797736654248461e+07
1.480142103736643344e+00 1.228900739144359529e+07
1.549192525069651882e+00 1.171617920561834238e+07
1.621464232165851449e+00 1.087518400599708222e+07
1.697107501906508942e+00 9.892801436009980738e+06
1.776279621771362560e+00 9.052052142671560869e+06
1.859145216891527452e+00 8.047930042668201961e+06
1.945876592359817581e+00 7.201437442107419483e+06
2.036654091510258002e+00 6.419773721232305281e+06
2.131666470911770972e+00 5.858772848689372651e+06
2.231111292855769257e+00 5.284774928267626092e+06
2.335195336153773393e+00 4.825240716500537470e+06
2.444135026099235386e+00 4.414416529821243137e+06
2.558156884487600369e+00 3.965071529285945464e+06
2.677498000630348152e+00 3.670643531093634199e+06
2.802406524342412553e+00 3.328498337989267427e+06
2.933142181928062087e+00 2.995793042965189554e+06
