3.069976816238139533e-02 1.007073051844410539e+09
3.213194951921637121e-02 1.071035532495510221e+09
3.363094387046929729e-02 9.083978633951181173e+08
3.519986812322865172e-02 9.739545115588572025e+08
3.684198459207260745e-02 8.833932086899942160e+08
3.856070778250449138e-02 7.984623376597980261e+08
4.035961149084377197e-02 5.137995774492650032e+08
4.224243623533543990e-02 7.930941800294177532e+08
4.421309703392971302e-02 8.652202959171676636e+08
4.627569154490460829e-02 8.102489730625691414e+08
4.843450858725836805e-02 9.346125842784920931e+08
5.069403705858849252e-02 6.420566632097873688e+08
5.305897526900069106e-02 7.584013694596555233e+08
5.553424071045594268e-02 8.011756236754939556e+08
5.812498028186940946e-02 6.371300526828898191e+08
6.083658099122266766e-02 7.688375041977169514e+08
6.367468115694234487e-02 6.723433084749155045e+08
6.664518213183667772e-02 6.161024011505792141e+08
6.975426057396794111e-02 6.796636541128305197e+08
7.300838128997587384e-02 5.425399479727951288e+08
7.641431067755764805e-02 5.898006127312958241e+08
7.997913079505601652e-02 5.904880953561258316e+08
8.371025408741054885e-02 5.983338307556211948e+08
8.761543879909236554e-02 5.391644348679231405e+08
9.170280510607109470e-02 5.012643639540200233e+08
9.598085200035742781e-02 4.667601005124151111e+08
1.004584749622301765e-01 4.562930342198017836e+08
1.051449844568940195e-01 4.571468924464549422e+08
1.100501252940287722e-01 4.132837741964339018e+08
1.151840968904851020e-01 4.282843248244735599e+08
1.205575744782594882e-01 3.900926178699479103e+08
1.261817313018468445e-01 3.656775155051893592e+08
1.320682618511266337e-01 3.698714219501889944e+08
1.382294061780912076e-01 3.554309177897232771e+08
1.446779753479788821e-01 3.322579764603716731e+08
1.514273780777332656e-01 3.254906526407327652e+08
1.584916486171791816e-01 2.834956260380530953e+08
1.658854759308886484e-01 2.764639274544378519e+08
1.736242342414167639e-01 2.548085716978942752e+08
1.817240149974163610e-01 2.472430089452184141e+08
1.902016603331038169e-01 2.251342164885061979e+08
1.990747980886495849e-01 2.303624241540547311e+08
2.083618784643124222e-01 2.122226781474117935e+08
2.180822123845329585e-01 1.881855727423872054e+08
2.282560116517592663e-01 1.820199919106292427e+08
2.389044309734965343e-01 1.697748689701087475e+08
2.500496119499697190e-01 1.667971900317261517e+08
2.617147291138638421e-01 1.567605919808590710e+08
2.739240381178740802e-01 1.405834519298318624e+08
2.867029261702632170e-01 1.310368512787517905e+08
3.000779648232989039e-01 1.233848147681559920e+08
3.140769652243355914e-01 1.207377408315452784e+08
3.287290359444262067e-01 1.066859878340995312e+08
3.440646435047088891e-01 1.060689219346789271e+08
3.601156757264223351e-01 1.010847820328193754e+08
3.769155080362766030e-01 9.261436049133084714e+07
3.944990728650497602e-01 8.685361957507011294e+07
4.129029322837124427e-01 8.186983346832391620e+07
4.321653540281166217e-01 7.836178470378667116e+07
4.523263910703274604e-01 7.281373433727152646e+07
4.734279649020536884e-01 6.811569837501505017e+07
4.955139527033520785e-01 6.388711041639727354e+07
5.186302785778565960e-01 5.983445736767753959e+07
5.428250090442419129e-01 5.572418543937889487e+07
5.681484529824789576e-01 5.236023373295726627e+07
5.946532662427046478e-01 5.026048655574003607e+07
6.223945611342215356e-01 4.767047128358592838e+07
6.514300210222929710e-01 4.356287216389365494e+07
6.818200202710160696e-01 4.179534636121699959e+07
7.136277497816758686e-01 3.896676458079089969e+07
7.469193483876155337e-01 3.685131527376784384e+07
7.817640403788362891e-01 3.421147779812827706e+07
8.182342794422867716e-01 3.189898007217950374e+07
8.564058993171398404e-01 2.988792107280745357e+07
8.963582714783228100e-01 2.881337097104730457e+07
9.381744701761730587e-01 2.649914155627054721e+07
9.819414451753946116e-01 2.514249086261386052e+07
1.027750202552496051e+00 2.337692469787195697e+07
1.075695993927647365e+00 2.137298421366492659e+07
1.125878514524432994e+00 2.011045263231224567e+07
1.178402110469330522e+00 1.872987936911724135e+07
1.233375995761962995e+00 1.749008832401965931e+07
1.290914479367274659e+00 1.626857256428957544e+07
1.351137202901832923e+00 1.520006668883478083e+07
1.414169389408483246e+00 1.395896452667718194e+07
1.480142103736643344e+00 1.299919322480218858e+07
1.549192525069651882e+00 1.170157872401295602e+07
1.621464232165851449e+00 1.063975775404924341e+07
1.697107501906508942e+00 9.622998459557207301e+06
1.776279621771362560e+00 8.588094008597211912e+06
1.859145216891527452e+00 7.912650366689710878e+06
1.945876592359817581e+00 7.165718494801430963e+06
2.036654091510258002e+00 6.573859127266371623e+06
2.131666470911770972e+00 6.070798070999717340e+06
2.231111292855769257e+00 5.510029854639456607e+06
2.335195336153773393e+00 5.086106654130229726e+06
2.444135026099235386e+00 4.615906835077525117e+06
2.558156884487600369e+00 4.252821648611670360e+06
2.677498000630348152e+00 3.871865058620011434e+06
2.802406524342412553e+00 3.531627432050040923e+06
2.933142181928062087e+00 3.210766210438739974e+06
