3.069976816238139533e-02 3.206843788964378238e+08
3.213194951921637121e-02 4.173904411558641791e+08
3.363094387046929729e-02 3.076006796578904986e+08
3.519986812322865172e-02 2.420893231180187762e+08
3.684198459207260745e-02 3.771160843588264585e+08
3.856070778250449138e-02 3.618998464263892174e+08
4.035961149084377197e-02 3.229736225712438822e+08
4.224243623533543990e-02 3.271234000609362125e+08
4.421309703392971302e-02 3.272462999963020682e+08
4.627569154490460829e-02 3.083086702490983009e+08
4.843450858725836805e-02 2.914089616486790776e+08
5.069403705858849252e-02 2.923670299417585135e+08
5.305897526900069106e-02 2.898207907281968594e+08
5.553424071045594268e-02 2.369447774584614635e+08
5.812498028186940946e-02 2.518511847405213118e+08
6.083658099122266766e-02 3.122280635971994996e+08
6.367468115694234487e-02 2.453358865001848936e+08
6.664518213183667772e-02 4.050259618608529568e+08
6.975426057396794111e-02 4.320699208421026468e+08
7.300838128997587384e-02 4.637993541174221039e+08
7.641431067755764805e-02 3.867839672898083329e+08
7.997913079505601652e-02 3.534600941845936179e+08
8.371025408741054885e-02 3.146400744798687696e+08
8.761543879909236554e-02 2.937506534981576204e+08
9.170280510607109470e-02 2.625391916872505844e+08
9.598085200035742781e-02 2.672741353985474408e+08
1.004584749622301765e-01 3.130502032642657757e+08
1.051449844568940195e-01 3.354519697553442717e+08
1.100501252940287722e-01 3.163120286426987648e+08
1.151840968904851020e-01 3.672239442633172274e+08
1.205575744782594882e-01 3.369307933792362809e+08
1.261817313018468445e-01 3.112004891992360353e+08
1.320682618511266337e-01 3.068054233943282962e+08
1.382294061780912076e-01 2.613504726592042744e+08
1.446779753479788821e-01 2.687124336799858809e+08
1.514273780777332656e-01 2.366313628254400492e+08
1.584916486171791816e-01 2.198388527538785934e+08
1.658854759308886484e-01 2.200149910647576451e+08
1.736242342414167639e-01 2.166269261182821691e+08
1.817240149974163610e-01 2.091382020548006296e+08
1.902016603331038169e-01 1.917431450647789240e+08
1.990747980886495849e-01 1.872002385610958040e+08
2.083618784643124222e-01 1.805353731592723429e+08
2.180822123845329585e-01 1.724502380823764801e+08
2.282560116517592663e-01 1.683902134721954763e+08
2.389044309734965343e-01 1.533139748816740215e+08
2.500496119499697190e-01 1.463317154451759160e+08
2.617147291138638421e-01 1.402535685969525576e+08
2.739240381178740802e-01 1.332418862015081346e+08
2.867029261702632170e-01 1.240946462306502312e+08
3.000779648232989039e-01 1.149888336066187024e+08
3.140769652243355914e-01 1.074990562191083282e+08
3.287290359444262067e-01 1.034418095806956589e+08
3.440646435047088891e-01 1.007910058958881795e+08
3.601156757264223351e-01 9.258621334885305166e+07
3.769155080362766030e-01 9.187853216812193394e+07
3.944990728650497602e-01 8.538559864760607481e+07
4.129029322837124427e-01 8.150328300355508924e+07
4.321653540281166217e-01 7.734622208237889409e+07
4.523263910703274604e-01 7.254265209248892963e+07
4.734279649020536884e-01 7.042809138625501096e+07
4.955139527033520785e-01 6.962647666579365730e+07
5.186302785778565960e-01 6.507044271404724568e+07
5.428250090442419129e-01 6.387934425502517074e+07
5.681484529824789576e-01 5.982644442903022468e+07
5.946532662427046478e-01 5.680721861682856083e+07
6.223945611342215356e-01 5.361882828491991013e+07
6.514300210222929710e-01 5.150277000692243129e+07
6.818200202710160696e-01 5.036258190349573642e+07
7.136277497816758686e-01 4.797895597908765078e+07
7.469193483876155337e-01 4.559037462028460950e+07
7.817640403788362891e-01 4.303885656040479243e+07
8.182342794422867716e-01 3.928689765095008165e+07
8.564058993171398404e-01 3.609108401452340931e+07
8.963582714783228100e-01 3.293061276433498412e+07
9.381744701761730587e-01 3.075818856387457997e+07
9.819414451753946116e-01 2.970252785323096439e+07
1.027750202552496051e+00 2.800864600779037178e+07
1.075695993927647365e+00 2.642686739951806888e+07
1.125878514524432994e+00 2.433372614057920873e+07
1.178402110469330522e+00 2.208835551288637891e+07
1.233375995761962995e+00 1.977620153509876132e+07
1.290914479367274659e+00 1.786531870256302133e+07
1.351137202901832923e+00 1.584589584543545172e+07
1.414169389408483246e+00 1.422262033614536561e+07
1.480142103736643344e+00 1.244507199665418267e+07
1.549192525069651882e+00 1.112827361890016682e+07
1.621464232165851449e+00 9.834995107973452657e+06
1.697107501906508942e+00 8.723538076344303787e+06
1.776279621771362560e+00 8.024723482259319164e+06
1.859145216891527452e+00 6.885521357886029407e+06
1.945876592359817581e+00 6.167197051024721935e+06
2.036654091510258002e+00 5.526009823177349754e+06
2.131666470911770972e+00 5.076088897568129003e+06
2.231111292855769257e+00 4.477425888583227992e+06
2.335195336153773393e+00 4.052905272970467340e+06
2.444135026099235386e+00 3.700608476743660867e+06
2.558156884487600369e+00 3.346429538234756328e+06
2.677498000630348152e+00 2.992240314197869040e+06
2.802406524342412553e+00 2.712606127914336044e+06
2.933142181928062087e+00 2.475010553159318864e+06
