3.069976816238139533e-02 1.351991927858494759e+09
3.213194951921637121e-02 1.197723845013941765e+09
3.363094387046929729e-02 1.194702590572777987e+09
3.519986812322865172e-02 1.323716739596692562e+09
3.684198459207260745e-02 1.384016156784487009e+09
3.856070778250449138e-02 9.371272915699801445e+08
4.035961149084377197e-02 1.129264155608132362e+09
4.224243623533543990e-02 1.162426111187742949e+09
4.421309703392971302e-02 1.299912957749823093e+09
4.627569154490460829e-02 1.004962066080513954e+09
4.843450858725836805e-02 9.554790715004163980e+08
5.069403705858849252e-02 9.827758560813889503e+08
5.305897526900069106e-02 1.010934919957676649e+09
5.553424071045594268e-02 9.837132009981657267e+08
5.812498028186940946e-02 9.853219422390748262e+08
6.083658099122266766e-02 1.037433110980071664e+09
6.367468115694234487e-02 8.342429169158492088e+08
6.664518213183667772e-02 7.284807936185005903e+08
6.975426057396794111e-02 7.329358236557450294e+08
7.300838128997587384e-02 7.137946346100283861e+08
7.641431067755764805e-02 6.739719210321264267e+08
7.997913079505601652e-02 7.096699536978411674e+08
8.371025408741054885e-02 6.843486033479641676e+08
8.761543879909236554e-02 5.897945629512351751e+08
9.170280510607109470e-02 5.764508014705252647e+08
9.598085200035742781e-02 5.333346524556777477e+08
1.004584749622301765e-01 5.687808103002676964e+08
1.051449844568940195e-01 5.187515514710323811e+08
1.100501252940287722e-01 5.181199739627289176e+08
1.151840968904851020e-01 4.834608852565790415e+08
1.205575744782594882e-01 4.330852152160061598e+08
1.261817313018468445e-01 4.109011668778812289e+08
1.320682618511266337e-01 3.782492216415531635e+08
1.382294061780912076e-01 3.528431664091884494e+08
1.446779753479788821e-01 3.393322761331691742e+08
1.514273780777332656e-01 3.085350659348353148e+08
1.584916486171791816e-01 3.138025443421801925e+08
1.658854759308886484e-01 3.013628755636516809e+08
1.736242342414167639e-01 2.836060383172916770e+08
1.817240149974163610e-01 2.477540767888365984e+08
1.902016603331038169e-01 2.345375537367748320e+08
1.990747980886495849e-01 2.356555066109894812e+08
2.083618784643124222e-01 2.197018782991879284e+08
2.180822123845329585e-01 1.963737046344349086e+08
2.282560116517592663e-01 1.978516237294476628e+08
2.389044309734965343e-01 1.881741951128973365e+08
2.500496119499697190e-01 1.756314405003893971e+08
2.617147291138638421e-01 1.629853612151563764e+08
2.739240381178740802e-01 1.547089448555071950e+08
2.867029261702632170e-01 1.408555042053123713e+08
3.000779648232989039e-01 1.386450941252611279e+08
3.140769652243355914e-01 1.307538805995431095e+08
3.287290359444262067e-01 1.216543846750363410e+08
3.440646435047088891e-01 1.176529743221307844e+08
3.601156757264223351e-01 1.135685706614397019e+08
3.769155080362766030e-01 1.045103254387695491e+08
3.944990728650497602e-01 9.792612518909098208e+07
4.129029322837124427e-01 8.937774269018346071e+07
4.321653540281166217e-01 8.489059206315514445e+07
4.523263910703274604e-01 8.089564099819546938e+07
4.734279649020536884e-01 7.583064793609353900e+07
4.955139527033520785e-01 7.105116140342076123e+07
5.186302785778565960e-01 6.833080292776900530e+07
5.428250090442419129e-01 6.098755913609127700e+07
5.681484529824789576e-01 5.801142724190700054e+07
5.946532662427046478e-01 5.453392084664950520e+07
6.223945611342215356e-01 5.213077133600587398e+07
6.514300210222929710e-01 4.729162705261484534e+07
6.818200202710160696e-01 4.511848579525369406e+07
7.136277497816758686e-01 4.148371126713691652e+07
7.469193483876155337e-01 3.917769363454325497e+07
7.817640403788362891e-01 3.606681935354179144e+07
8.182342794422867716e-01 3.435237958391533047e+07
8.564058993171398404e-01 3.192894488010097668e+07
8.963582714783228100e-01 2.983429611461602896e+07
9.381744701761730587e-01 2.802162564294388145e+07
9.819414451753946116e-01 2.614707707033123821e+07
1.027750202552496051e+00 2.435805379146722704e+07
1.075695993927647365e+00 2.274979181309422106e+07
1.125878514524432994e+00 2.142646091650699452e+07
1.178402110469330522e+00 2.043717068572010472e+07
1.233375995761962995e+00 1.901601034514844790e+07
1.290914479367274659e+00 1.708819310535645112e+07
1.351137202901832923e+00 1.563309712400129251e+07
1.414169389408483246e+00 1.465450949459453858e+07
1.480142103736643344e+00 1.354395366902333684e+07
1.549192525069651882e+00 1.189659698337516934e+07
1.621464232165851449e+00 1.067111079521693476e+07
1.697107501906508942e+00 9.608178588322568685e+06
1.776279621771362560e+00 8.873273580941898748e+06
1.859145216891527452e+00 8.001954896810056642e+06
1.945876592359817581e+00 7.321048236958431080e+06
2.036654091510258002e+00 6.837817885077400133e+06
2.131666470911770972e+00 6.083048443929138593e+06
2.231111292855769257e+00 5.549204585686272010e+06
2.335195336153773393e+00 5.103174703146432526e+06
2.444135026099235386e+00 4.568884655327366665e+06
2.558156884487600369e+00 4.145778175076371990e+06
2.677498000630348152e+00 3.770252687586604618e+06
2.802406524342412553e+00 3.475578373483832460e+06
2.933142181928062087e+00 3.181156483482250944e+06
