3.069976816238139533e-02 1.090375929158350468e+09
3.213194951921637121e-02 6.240627712010562420e+08
3.363094387046929729e-02 1.021053023032885671e+09
3.519986812322865172e-02 9.310876804297475815e+08
3.684198459207260745e-02 1.041738976510650873e+09
3.856070778250449138e-02 8.158216523539228439e+08
4.035961149084377197e-02 9.370554589138199091e+08
4.224243623533543990e-02 9.540071713322528601e+08
4.421309703392971302e-02 6.889904966738498211e+08
4.627569154490460829e-02 8.247488011848447323e+08
4.843450858725836805e-02 7.993448427332897186e+08
5.069403705858849252e-02 6.882988769916778803e+08
5.305897526900069106e-02 7.024269195675808191e+08
5.553424071045594268e-02 6.904754434925026894e+08
5.812498028186940946e-02 6.594342375273808241e+08
6.083658099122266766e-02 8.107845242231643200e+08
6.367468115694234487e-02 7.043796659567650557e+08
6.664518213183667772e-02 7.312682220332365036e+08
6.975426057396794111e-02 6.285673676376290321e+08
7.300838128997587384e-02 6.136907271329057217e+08
7.641431067755764805e-02 7.433172754368128777e+08
7.997913079505601652e-02 6.578563815989148617e+08
8.371025408741054885e-02 6.067458938806790113e+08
8.761543879909236554e-02 6.872334946473820210e+08
9.170280510607109470e-02 6.323156592784340382e+08
9.598085200035742781e-02 6.259652087123497725e+08
1.004584749622301765e-01 5.718389738822751045e+08
1.051449844568940195e-01 6.408018094286783934e+08
1.100501252940287722e-01 5.573019470850350857e+08
1.151840968904851020e-01 5.984808102894910574e+08
1.205575744782594882e-01 5.570037039319671392e+08
1.261817313018468445e-01 4.685083207838736773e+08
1.320682618511266337e-01 4.849213677376213074e+08
1.382294061780912076e-01 4.670009977687273622e+08
1.446779753479788821e-01 4.249737077984353900e+08
1.514273780777332656e-01 4.156179621574965119e+08
1.584916486171791816e-01 3.690467708052222729e+08
1.658854759308886484e-01 3.482437212841642499e+08
1.736242342414167639e-01 3.347120604518151283e+08
1.817240149974163610e-01 3.263512081543343067e+08
1.902016603331038169e-01 3.008063955628337860e+08
1.990747980886495849e-01 2.824121231954643726e+08
2.083618784643124222e-01 2.616117069445707202e+08
2.180822123845329585e-01 2.479626499723925889e+08
2.282560116517592663e-01 2.396783003091752231e+08
2.389044309734965343e-01 2.165629793236524165e+08
2.500496119499697190e-01 2.156848857060706019e+08
2.617147291138638421e-01 2.097045164627833366e+08
2.739240381178740802e-01 1.848493072707017660e+08
2.867029261702632170e-01 1.725751734735265672e+08
3.000779648232989039e-01 1.586006704825956225e+08
3.140769652243355914e-01 1.464165916114358604e+08
3.287290359444262067e-01 1.353883178917275071e+08
3.440646435047088891e-01 1.287200926793606579e+08
3.601156757264223351e-01 1.182334314849828631e+08
3.769155080362766030e-01 1.132864640530460775e+08
3.944990728650497602e-01 1.032726021701569855e+08
4.129029322837124427e-01 9.613993728620296717e+07
4.321653540281166217e-01 9.291820713532808423e+07
4.523263910703274604e-01 8.526872573131109774e+07
4.734279649020536884e-01 7.744530594102679193e+07
4.955139527033520785e-01 7.110419226614908874e+07
5.186302785778565960e-01 6.594054824377825111e+07
5.428250090442419129e-01 5.982914850314307213e+07
5.681484529824789576e-01 5.656430584455498308e+07
5.946532662427046478e-01 5.227426326632564515e+07
6.223945611342215356e-01 5.041191073308580369e+07
6.514300210222929710e-01 4.657305537887720764e+07
6.818200202710160696e-01 4.290482662028597295e+07
7.136277497816758686e-01 3.778707824600458145e+07
7.469193483876155337e-01 3.459169407396987826e+07
7.817640403788362891e-01 3.162990918888615072e+07
8.182342794422867716e-01 2.975799059051784500e+07
8.564058993171398404e-01 2.729297062819818407e+07
8.963582714783228100e-01 2.552968172893896326e+07
9.381744701761730587e-01 2.299257795493995398e+07
9.819414451753946116e-01 2.170622182019265369e+07
1.027750202552496051e+00 1.998520148095116392e+07
1.075695993927647365e+00 1.826567414362990111e+07
1.125878514524432994e+00 1.695153627798342705e+07
1.178402110469330522e+00 1.575478406716107018e+07
1.233375995761962995e+00 1.449517641290852614e+07
1.290914479367274659e+00 1.369256623868707381e+07
1.351137202901832923e+00 1.288152749217663705e+07
1.414169389408483246e+00 1.228478823398659565e+07
1.480142103736643344e+00 1.162420247496961430e+07
1.549192525069651882e+00 1.066684346829564311e+07
1.621464232165851449e+00 9.939634203287217766e+06
1.697107501906508942e+00 9.189032948560394347e+06
1.776279621771362560e+00 8.581386153414990753e+06
1.859145216891527452e+00 7.957372500003272668e+06
1.945876592359817581e+00 7.374367828187546693e+06
2.036654091510258002e+00 6.884720589762085117e+06
2.131666470911770972e+00 6.346638536995466799e+06
2.231111292855769257e+00 5.825165632686300203e+06
2.335195336153773393e+00 5.283914756477811374e+06
2.444135026099235386e+00 4.811727193675733171e+06
2.558156884487600369e+00 4.381309736745900474e+06
2.677498000630348152e+00 3.983832383627753705e+06
2.802406524342412553e+00 3.618951959610055666e+06
2.933142181928062087e+00 3.259939561817907728e+06
