3.069976816238139533e-02 4.060100101012346745e+08
3.213194951921637121e-02 4.806907728011634350e+08
3.363094387046929729e-02 8.387147630581158400e+08
3.519986812322865172e-02 7.590441927955542803e+08
3.684198459207260745e-02 8.374241008525221348e+08
3.856070778250449138e-02 7.384101575207152367e+08
4.035961149084377197e-02 6.368363665424134731e+08
4.224243623533543990e-02 5.793597504360815287e+08
4.421309703392971302e-02 7.852419971840862036e+08
4.627569154490460829e-02 6.392532247402691841e+08
4.843450858725836805e-02 6.547761426786854267e+08
5.069403705858849252e-02 6.121624432000502348e+08
5.305897526900069106e-02 7.001117748290278912e+08
5.553424071045594268e-02 7.281720186683076620e+08
5.812498028186940946e-02 6.023459410590933561e+08
6.083658099122266766e-02 7.023607979141715765e+08
6.367468115694234487e-02 6.526959394047318697e+08
6.664518213183667772e-02 5.975186484903734922e+08
6.975426057396794111e-02 5.599330031041377783e+08
7.300838128997587384e-02 5.863572192059233189e+08
7.641431067755764805e-02 5.023563105549653769e+08
7.997913079505601652e-02 5.407210847322278023e+08
8.371025408741054885e-02 5.121270240928459764e+08
8.761543879909236554e-02 5.088575025807155371e+08
9.170280510607109470e-02 4.936890106088704467e+08
9.598085200035742781e-02 4.732942478902555704e+08
1.004584749622301765e-01 4.276117544516757131e+08
1.051449844568940195e-01 4.878331217752946615e+08
1.100501252940287722e-01 4.029218128282789588e+08
1.151840968904851020e-01 4.008732637293557525e+08
1.205575744782594882e-01 3.866623514826756120e+08
1.261817313018468445e-01 3.632099042593559623e+08
1.320682618511266337e-01 3.248435614395418167e+08
1.382294061780912076e-01 3.704974795480692983e+08
1.446779753479788821e-01 3.251887983965575099e+08
1.514273780777332656e-01 3.128171550756276846e+08
1.584916486171791816e-01 2.866711553708572388e+08
1.658854759308886484e-01 2.730351615034874678e+08
1.736242342414167639e-01 2.455027565745848417e+08
1.817240149974163610e-01 2.389791166524501443e+08
1.902016603331038169e-01 2.209282412169353068e+08
1.990747980886495849e-01 2.233289018770872355e+08
2.083618784643124222e-01 2.036821124474425614e+08
2.180822123845329585e-01 1.981331405564728975e+08
2.282560116517592663e-01 1.781093742207655609e+08
2.389044309734965343e-01 1.700085737923359871e+08
2.500496119499697190e-01 1.538604375200806856e+08
2.617147291138638421e-01 1.553748092851745188e+08
2.739240381178740802e-01 1.416117215181283951e+08
2.867029261702632170e-01 1.403205281408665776e+08
3.000779648232989039e-01 1.243555127697043270e+08
3.140769652243355914e-01 1.165784677835005224e+08
3.287290359444262067e-01 1.103449571387578994e+08
3.440646435047088891e-01 1.072526512465576380e+08
3.601156757264223351e-01 1.007309824762158394e+08
3.769155080362766030e-01 9.338465000955547392e+07
3.944990728650497602e-01 8.939683172960594296e+07
4.129029322837124427e-01 8.260665107305388153e+07
4.321653540281166217e-01 7.499189825525668263e+07
4.523263910703274604e-01 7.347283215709333122e+07
4.734279649020536884e-01 6.792645982878427207e+07
4.955139527033520785e-01 6.464754218911665678e+07
5.186302785778565960e-01 5.957108500589927286e+07
5.428250090442419129e-01 5.631979458799007535e+07
5.681484529824789576e-01 5.261015802357222885e+07
5.946532662427046478e-01 4.986323272674380988e+07
6.223945611342215356e-01 4.593526093963376433e+07
6.514300210222929710e-01 4.319699105353309959e+07
6.818200202710160696e-01 4.064302322654395550e+07
7.136277497816758686e-01 3.767260230620051175e+07
7.469193483876155337e-01 3.478203591851307452e+07
7.817640403788362891e-01 3.253848190597153082e+07
8.182342794422867716e-01 3.088501302907089144e+07
8.564058993171398404e-01 2.864685085225658491e+07
8.963582714783228100e-01 2.643809219162347540e+07
9.381744701761730587e-01 2.456505593031804264e+07
9.819414451753946116e-01 2.303145778241732344e+07
1.027750202552496051e+00 2.143702390455240384e+07
1.075695993927647365e+00 1.984634653839581832e+07
1.125878514524432994e+00 1.857420537609204277e+07
1.178402110469330522e+00 1.740005149169310182e+07
1.233375995761962995e+00 1.588416450901304744e+07
1.290914479367274659e+00 1.506102422349953838e+07
1.351137202901832923e+00 1.394279510896518454e+07
1.414169389408483246e+00 1.282300544258437306e+07
1.480142103736643344e+00 1.194033058582436852e+07
1.549192525069651882e+00 1.105217594618035480e+07
1.621464232165851449e+00 1.036131269432368316e+07
1.697107501906508942e+00 9.496398016079017892e+06
1.776279621771362560e+00 8.722614294568208978e+06
1.859145216891527452e+00 8.047172664792139083e+06
1.945876592359817581e+00 7.323862815970535390e+06
2.036654091510258002e+00 6.621214284059553407e+06
2.131666470911770972e+00 6.081247740599428304e+06
2.231111292855769257e+00 5.458107324156950228e+06
2.335195336153773393e+00 4.993991344663548283e+06
2.444135026099235386e+00 4.564251381864599884e+06
2.558156884487600369e+00 4.160611543228442781e+06
2.677498000630348152e+00 3.795900143084080424e+06
2.802406524342412553e+00 3.493278371643057559e+06
2.933142181928062087e+00 3.218954165058163926e+06
