3.069976816238139533e-02 1.292365743913778305e+09
3.213194951921637121e-02 9.166847169592554569e+08
3.363094387046929729e-02 1.158979695225048304e+09
3.519986812322865172e-02 7.745022407121057510e+08
3.684198459207260745e-02 7.843038940496492386e+08
3.856070778250449138e-02 9.426469527769694328e+08
4.035961149084377197e-02 1.055720094327736616e+09
4.224243623533543990e-02 7.258109970577361584e+08
4.421309703392971302e-02 1.006212900444604158e+09
4.627569154490460829e-02 8.718216675370208025e+08
4.843450858725836805e-02 7.484736375127229691e+08
5.069403705858849252e-02 7.040973443810900450e+08
5.305897526900069106e-02 6.357574854234231710e+08
5.553424071045594268e-02 6.943962075983517170e+08
5.812498028186940946e-02 7.688836357673771381e+08
6.083658099122266766e-02 6.726045491455482244e+08
6.367468115694234487e-02 6.511330686565830708e+08
6.664518213183667772e-02 6.384080620733257532e+08
6.975426057396794111e-02 5.813457612878113985e+08
7.300838128997587384e-02 6.212008928924392462e+08
7.641431067755764805e-02 6.033679330230913162e+08
7.997913079505601652e-02 5.855423368205688000e+08
8.371025408741054885e-02 5.887275310772266388e+08
8.761543879909236554e-02 5.494454085246164799e+08
9.170280510607109470e-02 5.167226024769635797e+08
9.598085200035742781e-02 4.636930167804192305e+08
1.004584749622301765e-01 4.636746695265280008e+08
1.051449844568940195e-01 4.588387205957292914e+08
1.100501252940287722e-01 4.251796731319433451e+08
1.151840968904851020e-01 4.101803809009800553e+08
1.205575744782594882e-01 3.906092412304578424e+08
1.261817313018468445e-01 3.740613378117960095e+08
1.320682618511266337e-01 3.685555995921048522e+08
1.382294061780912076e-01 3.340471653703898787e+08
1.446779753479788821e-01 3.211844371491265893e+08
1.514273780777332656e-01 3.023402613586353660e+08
1.584916486171791816e-01 2.918325602087610364e+08
1.658854759308886484e-01 2.689717045107994080e+08
1.736242342414167639e-01 2.573869320203530788e+08
1.817240149974163610e-01 2.332733772713112235e+08
1.902016603331038169e-01 2.318557034744100571e+08
1.990747980886495849e-01 2.105412420212458968e+08
2.083618784643124222e-01 2.049793684132901132e+08
2.180822123845329585e-01 1.940681350331515670e+08
2.282560116517592663e-01 1.798662219864575565e+08
2.389044309734965343e-01 1.699040213555509448e+08
2.500496119499697190e-01 1.660234140098195672e+08
2.617147291138638421e-01 1.550806167972697914e+08
2.739240381178740802e-01 1.371245395431307256e+08
2.867029261702632170e-01 1.345659444516233504e+08
3.000779648232989039e-01 1.226368182312742472e+08
3.140769652243355914e-01 1.171468361590124071e+08
3.287290359444262067e-01 1.124898290430232882e+08
3.440646435047088891e-01 9.897876365558332205e+07
3.601156757264223351e-01 9.811712666893348098e+07
3.769155080362766030e-01 9.207499982388032973e+07
3.944990728650497602e-01 8.655048983564499021e+07
4.129029322837124427e-01 8.173796968706770241e+07
4.321653540281166217e-01 7.434042442612077296e+07
4.523263910703274604e-01 7.338090111342516541e+07
4.734279649020536884e-01 6.929339858479839563e+07
4.955139527033520785e-01 6.406428166210903227e+07
5.186302785778565960e-01 5.966983804607485980e+07
5.428250090442419129e-01 5.642050488595928997e+07
5.681484529824789576e-01 5.257201066267473251e+07
5.946532662427046478e-01 4.916989741482264549e+07
6.223945611342215356e-01 4.727576591298690438e+07
6.514300210222929710e-01 4.337602969464951009e+07
6.818200202710160696e-01 4.073376142870613933e+07
7.136277497816758686e-01 3.826574980981841683e+07
7.469193483876155337e-01 3.654635850260856748e+07
7.817640403788362891e-01 3.427729535503242165e+07
8.182342794422867716e-01 3.187415824699948728e+07
8.564058993171398404e-01 3.008109475790192932e+07
8.963582714783228100e-01 2.768354102373398840e+07
9.381744701761730587e-01 2.591125489502903447e+07
9.819414451753946116e-01 2.451844178850273415e+07
1.027750202552496051e+00 2.223508584526298568e+07
1.075695993927647365e+00 2.088098847247264907e+07
1.125878514524432994e+00 1.928692029508795962e+07
1.178402110469330522e+00 1.806467996314734593e+07
1.233375995761962995e+00 1.701231077766035497e+07
1.290914479367274659e+00 1.548531181048339978e+07
1.351137202901832923e+00 1.454607352069875412e+07
1.414169389408483246e+00 1.348328419909054600e+07
1.480142103736643344e+00 1.257783215489024669e+07
1.549192525069651882e+00 1.169801781735537015e+07
1.621464232165851449e+00 1.075600777067745849e+07
1.697107501906508942e+00 9.714442614683644846e+06
1.776279621771362560e+00 8.820959718216709793e+06
1.859145216891527452e+00 7.911889100877610967e+06
1.945876592359817581e+00 7.123455251561226323e+06
2.036654091510258002e+00 6.475925648750136606e+06
2.131666470911770972e+00 5.928486040774759836e+06
2.231111292855769257e+00 5.370124842931589112e+06
2.335195336153773393e+00 4.892276763669701293e+06
2.444135026099235386e+00 4.494962802613565698e+06
2.558156884487600369e+00 4.102470111380200367e+06
2.677498000630348152e+00 3.751719840448884293e+06
2.802406524342412553e+00 3.447493454819947481e+06
2.933142181928062087e+00 3.145887025355331134e+06
