3.069976816238139533e-02 4.342909187123286128e+08
3.213194951921637121e-02 3.191700216360560060e+08
3.363094387046929729e-02 3.007670515772696733e+08
3.519986812322865172e-02 3.267211427156403065e+08
3.684198459207260745e-02 5.690369045084691048e+08
3.856070778250449138e-02 2.552060404896256626e+08
4.035961149084377197e-02 1.887449182680760324e+08
4.224243623533543990e-02 2.189502232585613430e+08
4.421309703392971302e-02 1.470260825745996237e+08
4.627569154490460829e-02 2.487997674720368981e+08
4.843450858725836805e-02 2.229377661140612662e+08
5.069403705858849252e-02 2.590689245326434374e+08
5.305897526900069106e-02 2.386518440704215467e+08
5.553424071045594268e-02 2.496186003641000092e+08
5.812498028186940946e-02 2.783294905052694082e+08
6.083658099122266766e-02 2.244158599556258321e+08
6.367468115694234487e-02 1.847832343698527217e+08
6.664518213183667772e-02 1.899048947349076271e+08
6.975426057396794111e-02 1.895493976484933197e+08
7.300838128997587384e-02 2.291847855820713639e+08
7.641431067755764805e-02 2.009161739022789299e+08
7.997913079505601652e-02 1.580729840047937632e+08
8.371025408741054885e-02 2.161402441837685108e+08
8.761543879909236554e-02 1.961281103272375166e+08
9.170280510607109470e-02 1.790061778613130748e+08
9.598085200035742781e-02 2.031624401087708771e+08
1.004584749622301765e-01 1.997407991532790363e+08
1.051449844568940195e-01 1.622308682995499969e+08
1.100501252940287722e-01 1.445431590814502537e+08
1.151840968904851020e-01 1.752023559925479591e+08
1.205575744782594882e-01 1.760352790206287205e+08
1.261817313018468445e-01 1.567348012205368578e+08
1.320682618511266337e-01 1.542725472404636145e+08
1.382294061780912076e-01 1.774337559452295005e+08
1.446779753479788821e-01 1.626653392685017288e+08
1.514273780777332656e-01 1.710989757156516016e+08
1.584916486171791816e-01 1.585786250507834256e+08
1.658854759308886484e-01 1.487461109146917462e+08
1.736242342414167639e-01 1.424085308988752365e+08
1.817240149974163610e-01 1.527435363846867979e+08
1.902016603331038169e-01 1.452152051099322140e+08
1.990747980886495849e-01 1.428759427325476706e+08
2.083618784643124222e-01 1.412055441400853992e+08
2.180822123845329585e-01 1.467795317072490156e+08
2.282560116517592663e-01 1.427761000589444339e+08
2.389044309734965343e-01 1.310193980510342866e+08
2.500496119499697190e-01 1.173820384451121837e+08
2.617147291138638421e-01 1.198860478155830950e+08
2.739240381178740802e-01 1.187322011050599217e+08
2.867029261702632170e-01 1.134272200130688250e+08
3.000779648232989039e-01 1.155149763555089384e+08
3.140769652243355914e-01 1.098247516673004180e+08
3.287290359444262067e-01 1.063623589229179621e+08
3.440646435047088891e-01 1.070943932913432419e+08
3.601156757264223351e-01 9.973123935915714502e+07
3.769155080362766030e-01 9.913417702349394560e+07
3.944990728650497602e-01 9.759063054051204026e+07
4.129029322837124427e-01 9.277938386540010571e+07
4.321653540281166217e-01 9.408073651475155354e+07
4.523263910703274604e-01 8.426310005085402727e+07
4.734279649020536884e-01 7.735317890469892323e+07
4.955139527033520785e-01 7.233812621951305866e+07
5.186302785778565960e-01 6.763352054612405598e+07
5.428250090442419129e-01 6.306499203573859483e+07
5.681484529824789576e-01 5.885990554765357077e+07
5.946532662427046478e-01 5.715116152729545534e+07
6.223945611342215356e-01 5.223285375320713222e+07
6.514300210222929710e-01 4.975645965406917781e+07
6.818200202710160696e-01 4.666701657276790589e+07
7.136277497816758686e-01 4.369157162370514125e+07
7.469193483876155337e-01 4.128049263477949053e+07
7.817640403788362891e-01 3.760468681042942405e+07
8.182342794422867716e-01 3.458304350881286711e+07
8.564058993171398404e-01 3.248484285801352188e+07
8.963582714783228100e-01 2.954189427844142541e+07
9.381744701761730587e-01 2.731127162005767599e+07
9.819414451753946116e-01 2.506062323595880345e+07
1.027750202552496051e+00 2.293201717852805927e+07
1.075695993927647365e+00 2.079709835229363292e+07
1.125878514524432994e+00 1.877524157846151292e+07
1.178402110469330522e+00 1.725517137566288561e+07
1.233375995761962995e+00 1.560577023272937723e+07
1.290914479367274659e+00 1.412593033108597994e+07
1.351137202901832923e+00 1.292683821195799299e+07
1.414169389408483246e+00 1.209294725501047075e+07
1.480142103736643344e+00 1.082931187924871221e+07
1.549192525069651882e+00 9.844304547465983778e+06
1.621464232165851449e+00 9.088214743644064292e+06
1.697107501906508942e+00 8.260485082971988246e+06
1.776279621771362560e+00 7.700324122522039339e+06
1.859145216891527452e+00 7.111571955509856343e+06
1.945876592359817581e+00 6.708938134243560955e+06
2.036654091510258002e+00 6.374690307153965347e+06
2.131666470911770972e+00 5.880416085179722868e+06
2.231111292855769257e+00 5.434756970668891445e+06
2.335195336153773393e+00 5.219494308886480518e+06
2.444135026099235386e+00 4.941006789141633548e+06
2.558156884487600369e+00 4.534961667484737933e+06
2.677498000630348152e+00 4.074423774609237444e+06
2.802406524342412553e+00 3.712642199557473883e+06
2.933142181928062087e+00 3.377583067210592330e+06
