3.069976816238139533e-02 6.904928738085962534e+08
3.213194951921637121e-02 9.256269632915964127e+08
3.363094387046929729e-02 9.246779062764273882e+08
3.519986812322865172e-02 1.028691190261457205e+09
3.684198459207260745e-02 4.547418647322621346e+08
3.856070778250449138e-02 5.854546465399665833e+08
4.035961149084377197e-02 6.335537688360122442e+08
4.224243623533543990e-02 8.131456059551686049e+08
4.421309703392971302e-02 9.361923444734977484e+08
4.627569154490460829e-02 6.928337749917368889e+08
4.843450858725836805e-02 6.445362843099744320e+08
5.069403705858849252e-02 6.599691074863888025e+08
5.305897526900069106e-02 8.249139352490305901e+08
5.553424071045594268e-02 6.969351488907461166e+08
5.812498028186940946e-02 6.099232946362162828e+08
6.083658099122266766e-02 6.988543579189597368e+08
6.367468115694234487e-02 5.895854507367497683e+08
6.664518213183667772e-02 5.596025758938881159e+08
6.975426057396794111e-02 5.549005724168212414e+08
7.300838128997587384e-02 5.596974930138263702e+08
7.641431067755764805e-02 5.308064436445698738e+08
7.997913079505601652e-02 4.236929656104376316e+08
8.371025408741054885e-02 5.663054482790193558e+08
8.761543879909236554e-02 5.373878337631145716e+08
9.170280510607109470e-02 5.962094244181678295e+08
9.598085200035742781e-02 5.066439110198453069e+08
1.004584749622301765e-01 5.049519230585023165e+08
1.051449844568940195e-01 4.180590902146561146e+08
1.100501252940287722e-01 3.910690179812641144e+08
1.151840968904851020e-01 4.234282957603483200e+08
1.205575744782594882e-01 3.624965516449437737e+08
1.261817313018468445e-01 3.685219385057855844e+08
1.320682618511266337e-01 3.569427862767487168e+08
1.382294061780912076e-01 3.290931676693125963e+08
1.446779753479788821e-01 3.290781172950759530e+08
1.514273780777332656e-01 3.087129316916226149e+08
1.584916486171791816e-01 2.880688401452832222e+08
1.658854759308886484e-01 2.773372124959254265e+08
1.736242342414167639e-01 2.614377903968613148e+08
1.817240149974163610e-01 2.446865851709758937e+08
1.902016603331038169e-01 2.231251080070882142e+08
1.990747980886495849e-01 2.103222093873724341e+08
2.083618784643124222e-01 2.104330956421365738e+08
2.180822123845329585e-01 1.987289175124406219e+08
2.282560116517592663e-01 1.866784374935540557e+08
2.389044309734965343e-01 1.709221994059302807e+08
2.500496119499697190e-01 1.569508268343266249e+08
2.617147291138638421e-01 1.510901925594063997e+08
2.739240381178740802e-01 1.376599496834974587e+08
2.867029261702632170e-01 1.333160649228336513e+08
3.000779648232989039e-01 1.242182004250809848e+08
3.140769652243355914e-01 1.183714147363652885e+08
3.287290359444262067e-01 1.060457992932098806e+08
3.440646435047088891e-01 1.030982411528671682e+08
3.601156757264223351e-01 9.668776119487644732e+07
3.769155080362766030e-01 9.427515799736332893e+07
3.944990728650497602e-01 8.681975251644377410e+07
4.129029322837124427e-01 7.915237477949555218e+07
4.321653540281166217e-01 7.441409614669531584e+07
4.523263910703274604e-01 7.168412581586714089e+07
4.734279649020536884e-01 6.730898435766185820e+07
4.955139527033520785e-01 6.349968263930650800e+07
5.186302785778565960e-01 5.876462013651979715e+07
5.428250090442419129e-01 5.507151196402712166e+07
5.681484529824789576e-01 5.212184024420829117e+07
5.946532662427046478e-01 5.061113714888388664e+07
6.223945611342215356e-01 4.675924748570679128e+07
6.514300210222929710e-01 4.437092014005006850e+07
6.818200202710160696e-01 4.120189364684346318e+07
7.136277497816758686e-01 3.943093330508823693e+07
7.469193483876155337e-01 3.696918336843512952e+07
7.817640403788362891e-01 3.439975029196201265e+07
8.182342794422867716e-01 3.176710964995385706e+07
8.564058993171398404e-01 3.049305843371876702e+07
8.963582714783228100e-01 2.799281251161820069e+07
9.381744701761730587e-01 2.614627065881431475e+07
9.819414451753946116e-01 2.434414751331521198e+07
1.027750202552496051e+00 2.278763328644893318e+07
1.075695993927647365e+00 2.117176133076344430e+07
1.125878514524432994e+00 1.972636604188413918e+07
1.178402110469330522e+00 1.861840788861762732e+07
1.233375995761962995e+00 1.734537064742587879e+07
1.290914479367274659e+00 1.624588217724362947e+07
1.351137202901832923e+00 1.496610319036461785e+07
1.414169389408483246e+00 1.373057261295035854e+07
1.480142103736643344e+00 1.269856116417978331e+07
1.549192525069651882e+00 1.150506466816092469e+07
1.621464232165851449e+00 1.035715365976137109e+07
1.697107501906508942e+00 9.303128946678057313e+06
1.776279621771362560e+00 8.490340700214931741e+06
1.859145216891527452e+00 7.678771452401270159e+06
1.945876592359817581e+00 6.954031465938759968e+06
2.036654091510258002e+00 6.373288286156901158e+06
2.131666470911770972e+00 5.901194385523512959e+06
2.231111292855769257e+00 5.347275450117409229e+06
2.335195336153773393e+00 4.843487046567088924e+06
2.444135026099235386e+00 4.467301284939898178e+06
2.558156884487600369e+00 4.086557446249307133e+06
2.677498000630348152e+00 3.760428012354637962e+06
2.802406524342412553e+00 3.437433276562353596e+06
2.933142181928062087e+00 3.134510327032139525e+06
