3.069976816238139533e-02 1.736478388446362019e+09
3.213194951921637121e-02 1.825771057725524902e+09
3.363094387046929729e-02 1.610787732394210339e+09
3.519986812322865172e-02 1.583983494271542072e+09
3.684198459207260745e-02 1.405750525705711365e+09
3.856070778250449138e-02 1.211516064424575806e+09
4.035961149084377197e-02 1.263142886878305912e+09
4.224243623533543990e-02 1.659409463559929848e+09
4.421309703392971302e-02 1.722021569540939331e+09
4.627569154490460829e-02 1.309863830405079842e+09
4.843450858725836805e-02 1.105637737415411234e+09
5.069403705858849252e-02 1.277494613784516573e+09
5.305897526900069106e-02 1.348064470600523233e+09
5.553424071045594268e-02 1.121722476620361567e+09
5.812498028186940946e-02 1.158630624665081501e+09
6.083658099122266766e-02 1.233993700169701338e+09
6.367468115694234487e-02 1.163901521933471680e+09
6.664518213183667772e-02 9.584229981140513420e+08
6.975426057396794111e-02 9.515714659981269836e+08
7.300838128997587384e-02 8.704855613873251677e+08
7.641431067755764805e-02 8.153877415736401081e+08
7.997913079505601652e-02 7.694158013860427141e+08
8.371025408741054885e-02 7.378425515020734072e+08
8.761543879909236554e-02 7.403835275175931454e+08
9.170280510607109470e-02 5.956856138448342085e+08
9.598085200035742781e-02 5.878031595136648417e+08
1.004584749622301765e-01 5.866146979652980566e+08
1.051449844568940195e-01 5.153575478423278332e+08
1.100501252940287722e-01 4.822835097086174488e+08
1.151840968904851020e-01 4.972633521853730083e+08
1.205575744782594882e-01 4.661203877381997108e+08
1.261817313018468445e-01 4.187153796562982798e+08
1.320682618511266337e-01 3.872047548761954904e+08
1.382294061780912076e-01 3.835003945478470325e+08
1.446779753479788821e-01 3.458965814995696545e+08
1.514273780777332656e-01 3.281770929903076887e+08
1.584916486171791816e-01 3.165317970220503807e+08
1.658854759308886484e-01 3.013106900690667629e+08
1.736242342414167639e-01 2.550868253816126585e+08
1.817240149974163610e-01 2.402837713226173818e+08
1.902016603331038169e-01 2.377930003454274535e+08
1.990747980886495849e-01 2.229723977899440527e+08
2.083618784643124222e-01 2.099227976165390611e+08
2.180822123845329585e-01 1.963752301310734749e+08
2.282560116517592663e-01 1.897432265536546409e+08
2.389044309734965343e-01 1.705926096995186806e+08
2.500496119499697190e-01 1.520516165978395045e+08
2.617147291138638421e-01 1.404439190297414958e+08
2.739240381178740802e-01 1.273298793656582981e+08
2.867029261702632170e-01 1.216009411547449827e+08
3.000779648232989039e-01 1.101293675469180644e+08
3.140769652243355914e-01 1.035188283555677831e+08
3.287290359444262067e-01 1.021591673020775020e+08
3.440646435047088891e-01 9.336226367480924726e+07
3.601156757264223351e-01 9.053920085315522552e+07
3.769155080362766030e-01 8.127830850689189136e+07
3.944990728650497602e-01 7.806809288326397538e+07
4.129029322837124427e-01 6.820828018027970195e+07
4.321653540281166217e-01 6.183507803720766306e+07
4.523263910703274604e-01 5.879447206058588624e+07
4.734279649020536884e-01 5.240455649203930795e+07
4.955139527033520785e-01 4.921257315717744827e+07
5.186302785778565960e-01 4.649224521860394627e+07
5.428250090442419129e-01 4.401483852242001146e+07
5.681484529824789576e-01 4.023868849135837704e+07
5.946532662427046478e-01 3.994175152185665071e+07
6.223945611342215356e-01 3.405805996166691929e+07
6.514300210222929710e-01 3.119925374942478165e+07
6.818200202710160696e-01 2.869431486915288121e+07
7.136277497816758686e-01 2.663270115283131227e+07
7.469193483876155337e-01 2.433063413584471494e+07
7.817640403788362891e-01 2.270871554251061380e+07
8.182342794422867716e-01 2.148231889944782481e+07
8.564058993171398404e-01 2.068299641321890801e+07
8.963582714783228100e-01 1.934118538572944328e+07
9.381744701761730587e-01 1.805340758461225405e+07
9.819414451753946116e-01 1.635907542923551053e+07
1.027750202552496051e+00 1.496066917816860229e+07
1.075695993927647365e+00 1.330348659288020805e+07
1.125878514524432994e+00 1.212885027193896472e+07
1.178402110469330522e+00 1.101802248275648244e+07
1.233375995761962995e+00 9.897911246847402304e+06
1.290914479367274659e+00 9.384044389559548348e+06
1.351137202901832923e+00 8.585821398566497490e+06
1.414169389408483246e+00 7.940447586917364970e+06
1.480142103736643344e+00 6.932077253476816230e+06
1.549192525069651882e+00 6.225758292572788894e+06
1.621464232165851449e+00 5.562849516370031983e+06
1.697107501906508942e+00 5.167456020667337812e+06
1.776279621771362560e+00 4.672712467251420021e+06
1.859145216891527452e+00 4.160105534758380614e+06
1.945876592359817581e+00 3.774320910665587522e+06
2.036654091510258002e+00 3.436308597086714115e+06
2.131666470911770972e+00 3.122055245775652584e+06
2.231111292855769257e+00 2.841518077233342454e+06
2.335195336153773393e+00 2.665143944742854219e+06
2.444135026099235386e+00 2.516302158576902468e+06
2.558156884487600369e+00 2.349584106817269232e+06
2.677498000630348152e+00 2.121930871408894658e+06
2.802406524342412553e+00 1.861862532272748649e+06
2.933142181928062087e+00 1.717429674649893539e+06
