3.069976816238139533e-02 9.259855930491461754e+08
3.213194951921637121e-02 1.009328630387460828e+09
3.363094387046929729e-02 6.447551478569142818e+08
3.519986812322865172e-02 9.021922705871863365e+08
3.684198459207260745e-02 1.213840656830549479e+09
3.856070778250449138e-02 6.349072395091073513e+08
4.035961149084377197e-02 7.961009368492426872e+08
4.224243623533543990e-02 6.275008012148126364e+08
4.421309703392971302e-02 6.976662114727227688e+08
4.627569154490460829e-02 7.775473140642799139e+08
4.843450858725836805e-02 8.183616051178711653e+08
5.069403705858849252e-02 5.224998010998381376e+08
5.305897526900069106e-02 6.621281601167455912e+08
5.553424071045594268e-02 7.459821597527358532e+08
5.812498028186940946e-02 7.106254407430064678e+08
6.083658099122266766e-02 5.752344624644266367e+08
6.367468115694234487e-02 7.197508194746965170e+08
6.664518213183667772e-02 6.755724315760704279e+08
6.975426057396794111e-02 5.181825905811261535e+08
7.300838128997587384e-02 5.931635809846302271e+08
7.641431067755764805e-02 6.227449277517341375e+08
7.997913079505601652e-02 5.852030341560058594e+08
8.371025408741054885e-02 5.047672951616939902e+08
8.761543879909236554e-02 5.686069050208835602e+08
9.170280510607109470e-02 5.001058086514061689e+08
9.598085200035742781e-02 4.665395625491046309e+08
1.004584749622301765e-01 4.186597784177971482e+08
1.051449844568940195e-01 4.466495903246787786e+08
1.100501252940287722e-01 4.106923218808714151e+08
1.151840968904851020e-01 3.757658704500434995e+08
1.205575744782594882e-01 3.910443199377247095e+08
1.261817313018468445e-01 3.408373099164975882e+08
1.320682618511266337e-01 3.352010263290132880e+08
1.382294061780912076e-01 3.369284184872422218e+08
1.446779753479788821e-01 3.115064300526749492e+08
1.514273780777332656e-01 2.966128147564641833e+08
1.584916486171791816e-01 2.850323895923601389e+08
1.658854759308886484e-01 2.791716638245611191e+08
1.736242342414167639e-01 2.746291616503471732e+08
1.817240149974163610e-01 2.446352528706717789e+08
1.902016603331038169e-01 2.361239685160315037e+08
1.990747980886495849e-01 2.092470257752919197e+08
2.083618784643124222e-01 2.085867369881552160e+08
2.180822123845329585e-01 1.936771391123138964e+08
2.282560116517592663e-01 1.783171482955377698e+08
2.389044309734965343e-01 1.719597645270362198e+08
2.500496119499697190e-01 1.615329470787126422e+08
2.617147291138638421e-01 1.557809492519356310e+08
2.739240381178740802e-01 1.408371560151868761e+08
2.867029261702632170e-01 1.361653328358339667e+08
3.000779648232989039e-01 1.266465050870139450e+08
3.140769652243355914e-01 1.167640624396610409e+08
3.287290359444262067e-01 1.104389682269108891e+08
3.440646435047088891e-01 1.078427124387833625e+08
3.601156757264223351e-01 9.826383085598871112e+07
3.769155080362766030e-01 9.320913695080247521e+07
3.944990728650497602e-01 8.527317463198550045e+07
4.129029322837124427e-01 8.052774366407954693e+07
4.321653540281166217e-01 7.545767374036645889e+07
4.523263910703274604e-01 7.380737205611817539e+07
4.734279649020536884e-01 6.703504855337510258e+07
4.955139527033520785e-01 6.094278973940622061e+07
5.186302785778565960e-01 5.986588933580958843e+07
5.428250090442419129e-01 5.643949716422063857e+07
5.681484529824789576e-01 5.258720563778898865e+07
5.946532662427046478e-01 4.842557551486480236e+07
6.223945611342215356e-01 4.706979809308454394e+07
6.514300210222929710e-01 4.364507412111645192e+07
6.818200202710160696e-01 4.163952403364537656e+07
7.136277497816758686e-01 3.863875711398888379e+07
7.469193483876155337e-01 3.636610403718318790e+07
7.817640403788362891e-01 3.408423309456518292e+07
8.182342794422867716e-01 3.217885623840818182e+07
8.564058993171398404e-01 3.031317034227092564e+07
8.963582714783228100e-01 2.831999372237709165e+07
9.381744701761730587e-01 2.632301439293016493e+07
9.819414451753946116e-01 2.476224200804561377e+07
1.027750202552496051e+00 2.266935977542117238e+07
1.075695993927647365e+00 2.173557813723028451e+07
1.125878514524432994e+00 2.018795867021657526e+07
1.178402110469330522e+00 1.873699801795420796e+07
1.233375995761962995e+00 1.765652587683700770e+07
1.290914479367274659e+00 1.634223853431554697e+07
1.351137202901832923e+00 1.516382688565623760e+07
1.414169389408483246e+00 1.414681493427351303e+07
1.480142103736643344e+00 1.308767550958957709e+07
1.549192525069651882e+00 1.188589963367376663e+07
1.621464232165851449e+00 1.098780060432676785e+07
1.697107501906508942e+00 1.018171313114226423e+07
1.776279621771362560e+00 9.281151257868444547e+06
1.859145216891527452e+00 8.395352339054301381e+06
1.945876592359817581e+00 7.463216610558173619e+06
2.036654091510258002e+00 6.791965200811593793e+06
2.131666470911770972e+00 6.212895531859808601e+06
2.231111292855769257e+00 5.609355240108671598e+06
2.335195336153773393e+00 5.227649320811724290e+06
2.444135026099235386e+00 4.860317198684377596e+06
2.558156884487600369e+00 4.537139326746681705e+06
2.677498000630348152e+00 4.104691081685901619e+06
2.802406524342412553e+00 3.686951693962371908e+06
2.933142181928062087e+00 3.305277984342505690e+06
