3.069976816238139533e-02 2.264890070263347328e+08
3.213194951921637121e-02 2.469583674724639654e+08
3.363094387046929729e-02 2.870444311047992110e+08
3.519986812322865172e-02 4.222701288165425658e+08
3.684198459207260745e-02 1.723760510798730552e+08
3.856070778250449138e-02 2.059055032263818085e+08
4.035961149084377197e-02 1.745008834896430969e+08
4.224243623533543990e-02 1.738780802726879418e+08
4.421309703392971302e-02 1.560901854422095120e+08
4.627569154490460829e-02 1.984117884338968098e+08
4.843450858725836805e-02 1.685756186958223879e+08
5.069403705858849252e-02 2.000536167505311370e+08
5.305897526900069106e-02 1.668452265062281787e+08
5.553424071045594268e-02 2.069665899961415827e+08
5.812498028186940946e-02 1.988381055209844112e+08
6.083658099122266766e-02 2.357740615640226305e+08
6.367468115694234487e-02 2.023815287442962527e+08
6.664518213183667772e-02 1.423731367800029516e+08
6.975426057396794111e-02 2.370249273131932616e+08
7.300838128997587384e-02 1.898264663054860830e+08
7.641431067755764805e-02 2.367919930871980190e+08
7.997913079505601652e-02 2.244940467221608758e+08
8.371025408741054885e-02 1.781268836055150330e+08
8.761543879909236554e-02 2.225831158848504424e+08
9.170280510607109470e-02 1.695560600646961629e+08
9.598085200035742781e-02 2.049648463773164451e+08
1.004584749622301765e-01 1.808399320361911952e+08
1.051449844568940195e-01 1.997294194019151032e+08
1.100501252940287722e-01 1.824881888946792185e+08
1.151840968904851020e-01 1.984264340888580680e+08
1.205575744782594882e-01 1.818686147850972712e+08
1.261817313018468445e-01 1.834434904146587849e+08
1.320682618511266337e-01 2.061883559136429429e+08
1.382294061780912076e-01 1.897612503634618521e+08
1.446779753479788821e-01 1.830889459469189346e+08
1.514273780777332656e-01 2.030111239535022378e+08
1.584916486171791816e-01 2.040375032246488631e+08
1.658854759308886484e-01 1.925166427395404577e+08
1.736242342414167639e-01 1.881208895734861195e+08
1.817240149974163610e-01 2.074059548919188082e+08
1.902016603331038169e-01 1.956213450861254334e+08
1.990747980886495849e-01 1.962080253960741460e+08
2.083618784643124222e-01 1.970959845091899633e+08
2.180822123845329585e-01 2.006001576756060123e+08
2.282560116517592663e-01 2.069640543799335063e+08
2.389044309734965343e-01 1.928472086337660253e+08
2.500496119499697190e-01 1.922172582124362290e+08
2.617147291138638421e-01 1.881563137639949918e+08
2.739240381178740802e-01 1.879547005262022614e+08
2.867029261702632170e-01 1.670626277631337345e+08
3.000779648232989039e-01 1.634242971555989981e+08
3.140769652243355914e-01 1.672612248431393802e+08
3.287290359444262067e-01 1.497512160812267065e+08
3.440646435047088891e-01 1.490612875863327384e+08
3.601156757264223351e-01 1.466193072258062661e+08
3.769155080362766030e-01 1.399287614429814219e+08
3.944990728650497602e-01 1.371105936056704223e+08
4.129029322837124427e-01 1.294509419502230287e+08
4.321653540281166217e-01 1.264397732780797035e+08
4.523263910703274604e-01 1.204835518560339659e+08
4.734279649020536884e-01 1.198723429415969253e+08
4.955139527033520785e-01 1.166810402463147044e+08
5.186302785778565960e-01 1.172879132856278718e+08
5.428250090442419129e-01 1.087050568348007500e+08
5.681484529824789576e-01 9.927293664776356518e+07
5.946532662427046478e-01 9.280465343014533818e+07
6.223945611342215356e-01 8.534575701369376481e+07
6.514300210222929710e-01 7.782532146435682476e+07
6.818200202710160696e-01 7.018762638922135532e+07
7.136277497816758686e-01 6.585729586728254706e+07
7.469193483876155337e-01 6.071339105740697682e+07
7.817640403788362891e-01 5.468798589291167259e+07
8.182342794422867716e-01 5.134617670022512227e+07
8.564058993171398404e-01 4.744219988897714019e+07
8.963582714783228100e-01 4.355143322494126111e+07
9.381744701761730587e-01 4.050922379979780316e+07
9.819414451753946116e-01 3.743644303736503422e+07
1.027750202552496051e+00 3.451613552329699695e+07
1.075695993927647365e+00 3.230603729596156254e+07
1.125878514524432994e+00 2.964244555335676670e+07
1.178402110469330522e+00 2.771204224961117655e+07
1.233375995761962995e+00 2.575899865821389109e+07
1.290914479367274659e+00 2.416832567133609205e+07
1.351137202901832923e+00 2.206422432786923274e+07
1.414169389408483246e+00 1.991142640768556669e+07
1.480142103736643344e+00 1.794566987549883127e+07
1.549192525069651882e+00 1.604711671937704086e+07
1.621464232165851449e+00 1.429814795641675778e+07
1.697107501906508942e+00 1.263370852636145055e+07
1.776279621771362560e+00 1.123804873376373947e+07
1.859145216891527452e+00 9.700305418089594692e+06
1.945876592359817581e+00 8.543705845807218924e+06
2.036654091510258002e+00 7.467805863720366731e+06
2.131666470911770972e+00 6.611772610184406862e+06
2.231111292855769257e+00 5.797923499239509925e+06
2.335195336153773393e+00 5.076405676055040210e+06
2.444135026099235386e+00 4.437373591424035840e+06
2.558156884487600369e+00 3.926900553168386221e+06
2.677498000630348152e+00 3.461004963266517501e+06
2.802406524342412553e+00 3.063923830783438869e+06
2.933142181928062087e+00 2.756432240304653533e+06
