3.069976816238139533e-02 1.251432848416455746e+09
3.213194951921637121e-02 9.734939209407584667e+08
3.363094387046929729e-02 1.016979045466149092e+09
3.519986812322865172e-02 7.522897683337130547e+08
3.684198459207260745e-02 9.410077288062272072e+08
3.856070778250449138e-02 5.314013906179907918e+08
4.035961149084377197e-02 8.053014378912220001e+08
4.224243623533543990e-02 9.468394517170591354e+08
4.421309703392971302e-02 7.528600635321248770e+08
4.627569154490460829e-02 7.942164998390526772e+08
4.843450858725836805e-02 7.611014738083696365e+08
5.069403705858849252e-02 6.714103309974504709e+08
5.305897526900069106e-02 6.334582786863868237e+08
5.553424071045594268e-02 6.650390423561952114e+08
5.812498028186940946e-02 6.692331471465240717e+08
6.083658099122266766e-02 7.198999274090716839e+08
6.367468115694234487e-02 6.358877857024030685e+08
6.664518213183667772e-02 6.810107084294893742e+08
6.975426057396794111e-02 6.367216750436007977e+08
7.300838128997587384e-02 6.476432380261176825e+08
7.641431067755764805e-02 5.934351087750375271e+08
7.997913079505601652e-02 5.485300134687172174e+08
8.371025408741054885e-02 6.026498981925169230e+08
8.761543879909236554e-02 4.898537749379916191e+08
9.170280510607109470e-02 4.395286830147044063e+08
9.598085200035742781e-02 4.728924760165224075e+08
1.004584749622301765e-01 5.135816546662396789e+08
1.051449844568940195e-01 4.356788763620737791e+08
1.100501252940287722e-01 4.532737696736630797e+08
1.151840968904851020e-01 3.913843992035543323e+08
1.205575744782594882e-01 4.251023054411092401e+08
1.261817313018468445e-01 3.778916058699793816e+08
1.320682618511266337e-01 3.468779717092993259e+08
1.382294061780912076e-01 3.403237503179920316e+08
1.446779753479788821e-01 3.331989274837369323e+08
1.514273780777332656e-01 3.270729657878745794e+08
1.584916486171791816e-01 2.896792695925725102e+08
1.658854759308886484e-01 2.877458199961292744e+08
1.736242342414167639e-01 2.610896410510126352e+08
1.817240149974163610e-01 2.455577609530613124e+08
1.902016603331038169e-01 2.176671188435122967e+08
1.990747980886495849e-01 2.217576378472103179e+08
2.083618784643124222e-01 2.057335488970012963e+08
2.180822123845329585e-01 1.923955237714406550e+08
2.282560116517592663e-01 1.939507175121699274e+08
2.389044309734965343e-01 1.745549201875788271e+08
2.500496119499697190e-01 1.717137651815116704e+08
2.617147291138638421e-01 1.582257184716634452e+08
2.739240381178740802e-01 1.453995708177445829e+08
2.867029261702632170e-01 1.309789244591763169e+08
3.000779648232989039e-01 1.290055969157868326e+08
3.140769652243355914e-01 1.253219943459071815e+08
3.287290359444262067e-01 1.129479151207493842e+08
3.440646435047088891e-01 1.068405497829561681e+08
3.601156757264223351e-01 9.942747145944365859e+07
3.769155080362766030e-01 9.640358483922076225e+07
3.944990728650497602e-01 8.975479729067480564e+07
4.129029322837124427e-01 8.352815746451993287e+07
4.321653540281166217e-01 7.794934691810640693e+07
4.523263910703274604e-01 7.403564426885789633e+07
4.734279649020536884e-01 6.807508193529033661e+07
4.955139527033520785e-01 6.534256170286919922e+07
5.186302785778565960e-01 6.145409890038154274e+07
5.428250090442419129e-01 5.722450156298244745e+07
5.681484529824789576e-01 5.413252939017836750e+07
5.946532662427046478e-01 5.001059583501928300e+07
6.223945611342215356e-01 4.778696844900733232e+07
6.514300210222929710e-01 4.509124265515342355e+07
6.818200202710160696e-01 4.211711509604937583e+07
7.136277497816758686e-01 3.987966804840607941e+07
7.469193483876155337e-01 3.632500625927389413e+07
7.817640403788362891e-01 3.485887432696682215e+07
8.182342794422867716e-01 3.274133341282350570e+07
8.564058993171398404e-01 3.057479542742298543e+07
8.963582714783228100e-01 2.877990080129864812e+07
9.381744701761730587e-01 2.664740569691105187e+07
9.819414451753946116e-01 2.465330852866694704e+07
1.027750202552496051e+00 2.394547985595636815e+07
1.075695993927647365e+00 2.219131980988832191e+07
1.125878514524432994e+00 2.092915768924319744e+07
1.178402110469330522e+00 1.937193670706424117e+07
1.233375995761962995e+00 1.801612877034692839e+07
1.290914479367274659e+00 1.650829799819747917e+07
1.351137202901832923e+00 1.519498792474832200e+07
1.414169389408483246e+00 1.405515194293886237e+07
1.480142103736643344e+00 1.294603557840268128e+07
1.549192525069651882e+00 1.191539352283978090e+07
1.621464232165851449e+00 1.100913595964653976e+07
1.697107501906508942e+00 1.019717093139273487e+07
1.776279621771362560e+00 9.311779742173913866e+06
1.859145216891527452e+00 8.505776603675926104e+06
1.945876592359817581e+00 7.681465688366016373e+06
2.036654091510258002e+00 6.973989083748768084e+06
2.131666470911770972e+00 6.330334948152509518e+06
2.231111292855769257e+00 5.700644484830178320e+06
2.335195336153773393e+00 5.137787616218163632e+06
2.444135026099235386e+00 4.665412437817021273e+06
2.558156884487600369e+00 4.264913570426932536e+06
2.677498000630348152e+00 3.879405981138930656e+06
2.802406524342412553e+00 3.603795896048736759e+06
2.933142181928062087e+00 3.305655431624392513e+06
