3.069976816238139533e-02 1.030661431987471700e+09
3.213194951921637121e-02 1.077205511153942823e+09
3.363094387046929729e-02 9.855459254099727869e+08
3.519986812322865172e-02 9.985979090361421108e+08
3.684198459207260745e-02 6.628472259882619381e+08
3.856070778250449138e-02 6.232786238265093565e+08
4.035961149084377197e-02 1.073310002624497890e+09
4.224243623533543990e-02 7.346141340859658718e+08
4.421309703392971302e-02 6.573841173725767136e+08
4.627569154490460829e-02 5.687212549116587639e+08
4.843450858725836805e-02 5.725147031967363358e+08
5.069403705858849252e-02 5.972471255782626867e+08
5.305897526900069106e-02 7.021268204804881811e+08
5.553424071045594268e-02 5.010842766051819324e+08
5.812498028186940946e-02 5.540453701615769863e+08
6.083658099122266766e-02 5.503318539636367559e+08
6.367468115694234487e-02 4.409485026709483266e+08
6.664518213183667772e-02 4.978418812969408035e+08
6.975426057396794111e-02 4.667807286287157536e+08
7.300838128997587384e-02 3.948794289754970670e+08
7.641431067755764805e-02 3.557594617414835095e+08
7.997913079505601652e-02 3.608515766157380939e+08
8.371025408741054885e-02 2.782353620230128169e+08
8.761543879909236554e-02 3.061085394416182041e+08
9.170280510607109470e-02 3.186373109280552268e+08
9.598085200035742781e-02 2.781828749586857557e+08
1.004584749622301765e-01 2.861453027067293525e+08
1.051449844568940195e-01 2.838363913493498564e+08
1.100501252940287722e-01 2.116439207204818428e+08
1.151840968904851020e-01 2.598562358124147058e+08
1.205575744782594882e-01 2.396250956697058380e+08
1.261817313018468445e-01 2.175447987338010371e+08
1.320682618511266337e-01 1.862676968139395416e+08
1.382294061780912076e-01 1.986447622313392460e+08
1.446779753479788821e-01 1.789291132402544916e+08
1.514273780777332656e-01 1.796737105390695035e+08
1.584916486171791816e-01 1.584837490651038587e+08
1.658854759308886484e-01 1.569740510621494353e+08
1.736242342414167639e-01 1.387162186931248903e+08
1.817240149974163610e-01 1.298598264931580871e+08
1.902016603331038169e-01 1.308729548696247190e+08
1.990747980886495849e-01 1.252729169270882756e+08
2.083618784643124222e-01 1.130444865990005881e+08
2.180822123845329585e-01 1.011787651163621843e+08
2.282560116517592663e-01 9.038407163097544014e+07
2.389044309734965343e-01 8.601611163521248102e+07
2.500496119499697190e-01 7.633435144610133767e+07
2.617147291138638421e-01 6.917736202007129788e+07
2.739240381178740802e-01 6.661003857719466835e+07
2.867029261702632170e-01 5.737390101223210245e+07
3.000779648232989039e-01 5.432240083452326804e+07
3.140769652243355914e-01 5.123400686428352445e+07
3.287290359444262067e-01 4.652466109618072212e+07
3.440646435047088891e-01 4.057672722902559489e+07
3.601156757264223351e-01 3.975303869689895958e+07
3.769155080362766030e-01 3.594302297830149531e+07
3.944990728650497602e-01 2.979240706147138029e+07
4.129029322837124427e-01 2.714142375225662068e+07
4.321653540281166217e-01 2.450317526147303730e+07
4.523263910703274604e-01 2.168408081689222530e+07
4.734279649020536884e-01 2.026956983445229009e+07
4.955139527033520785e-01 1.835061840238101780e+07
5.186302785778565960e-01 1.727191933694056422e+07
5.428250090442419129e-01 1.540543622478688508e+07
5.681484529824789576e-01 1.442185860239825584e+07
5.946532662427046478e-01 1.268550543136450276e+07
6.223945611342215356e-01 1.162250172786929458e+07
6.514300210222929710e-01 9.747281866974147037e+06
6.818200202710160696e-01 9.058940991576485336e+06
7.136277497816758686e-01 8.444838612688019872e+06
7.469193483876155337e-01 7.627552601893347688e+06
7.817640403788362891e-01 7.429275202819683589e+06
8.182342794422867716e-01 6.825445344193515368e+06
8.564058993171398404e-01 6.871133075644321740e+06
8.963582714783228100e-01 6.125730161217403598e+06
9.381744701761730587e-01 5.977561045447569340e+06
9.819414451753946116e-01 5.624811185451534577e+06
1.027750202552496051e+00 5.175462023011270911e+06
1.075695993927647365e+00 4.964638779174938798e+06
1.125878514524432994e+00 4.890790596000234596e+06
1.178402110469330522e+00 4.751719951691659167e+06
1.233375995761962995e+00 4.431144823920951225e+06
1.290914479367274659e+00 4.344180765105670318e+06
1.351137202901832923e+00 4.103965413694435731e+06
1.414169389408483246e+00 3.983214796102362219e+06
1.480142103736643344e+00 3.667317511738073546e+06
1.549192525069651882e+00 3.582151331859563943e+06
1.621464232165851449e+00 3.375536010369752999e+06
1.697107501906508942e+00 3.103825099656943232e+06
1.776279621771362560e+00 2.656813084279917646e+06
1.859145216891527452e+00 2.188813313461572398e+06
1.945876592359817581e+00 1.771485761498960899e+06
2.036654091510258002e+00 1.419292981354656164e+06
2.131666470911770972e+00 1.108947008847824764e+06
2.231111292855769257e+00 8.608137599902666407e+05
2.335195336153773393e+00 6.948964115914661670e+05
2.444135026099235386e+00 5.803331871140913572e+05
2.558156884487600369e+00 4.999803155084822793e+05
2.677498000630348152e+00 4.171511050590174273e+05
2.802406524342412553e+00 3.888754419311863603e+05
2.933142181928062087e+00 3.980600852344808518e+05
