3.069976816238139533e-02 9.512837534385327101e+08
3.213194951921637121e-02 9.637225900426158905e+08
3.363094387046929729e-02 7.354804032057267427e+08
3.519986812322865172e-02 9.433223501884498596e+08
3.684198459207260745e-02 7.932101111645762920e+08
3.856070778250449138e-02 1.053141216567655206e+09
4.035961149084377197e-02 1.016313422525067091e+09
4.224243623533543990e-02 7.465611766570435762e+08
4.421309703392971302e-02 8.053005290283548832e+08
4.627569154490460829e-02 8.233721640780586004e+08
4.843450858725836805e-02 7.861675144098095894e+08
5.069403705858849252e-02 7.387999605178502798e+08
5.305897526900069106e-02 8.177835152693994045e+08
5.553424071045594268e-02 6.513191481974611282e+08
5.812498028186940946e-02 6.937236930715804100e+08
6.083658099122266766e-02 6.622418855156877041e+08
6.367468115694234487e-02 6.937236435532280207e+08
6.664518213183667772e-02 6.728719359891221523e+08
6.975426057396794111e-02 6.745475754541542530e+08
7.300838128997587384e-02 5.544385259530313015e+08
7.641431067755764805e-02 5.503311547804747820e+08
7.997913079505601652e-02 6.222067194271249771e+08
8.371025408741054885e-02 5.497926740488556623e+08
8.761543879909236554e-02 4.495827243352297544e+08
9.170280510607109470e-02 5.660216608324503899e+08
9.598085200035742781e-02 4.941843604978255033e+08
1.004584749622301765e-01 5.373173129005410671e+08
1.051449844568940195e-01 4.659844001887572408e+08
1.100501252940287722e-01 4.179416472947952151e+08
1.151840968904851020e-01 4.094042442101264596e+08
1.205575744782594882e-01 3.876300188096901774e+08
1.261817313018468445e-01 3.773671494329762459e+08
1.320682618511266337e-01 3.530365030821003914e+08
1.382294061780912076e-01 3.450710559734950066e+08
1.446779753479788821e-01 3.422516082058774233e+08
1.514273780777332656e-01 3.078720519308609962e+08
1.584916486171791816e-01 3.066241893085145950e+08
1.658854759308886484e-01 2.635970064200033545e+08
1.736242342414167639e-01 2.385506077292279005e+08
1.817240149974163610e-01 2.382329576708126366e+08
1.902016603331038169e-01 2.242493428023447990e+08
1.990747980886495849e-01 2.211152356779816151e+08
2.083618784643124222e-01 2.059906620367632806e+08
2.180822123845329585e-01 1.939751509162906706e+08
2.282560116517592663e-01 1.863983636563012600e+08
2.389044309734965343e-01 1.724055168029222488e+08
2.500496119499697190e-01 1.572566024265334904e+08
2.617147291138638421e-01 1.454388080047239065e+08
2.739240381178740802e-01 1.466241772058486342e+08
2.867029261702632170e-01 1.315889664018398672e+08
3.000779648232989039e-01 1.292744559829369783e+08
3.140769652243355914e-01 1.199145526730234027e+08
3.287290359444262067e-01 1.127140954718604684e+08
3.440646435047088891e-01 1.041793240363873541e+08
3.601156757264223351e-01 9.639164163025563955e+07
3.769155080362766030e-01 8.809210517086830735e+07
3.944990728650497602e-01 8.218669924750967324e+07
4.129029322837124427e-01 7.996810043458086252e+07
4.321653540281166217e-01 7.459927913499161601e+07
4.523263910703274604e-01 7.142118881076093018e+07
4.734279649020536884e-01 6.732155640744999051e+07
4.955139527033520785e-01 6.174858183939461410e+07
5.186302785778565960e-01 5.833140248178123683e+07
5.428250090442419129e-01 5.523171773732148111e+07
5.681484529824789576e-01 5.078440340062569082e+07
5.946532662427046478e-01 5.011093322395470738e+07
6.223945611342215356e-01 4.637607563041254878e+07
6.514300210222929710e-01 4.496889369388172776e+07
6.818200202710160696e-01 4.091211615742979199e+07
7.136277497816758686e-01 3.861010966836574674e+07
7.469193483876155337e-01 3.591096710825680196e+07
7.817640403788362891e-01 3.354326622997272015e+07
8.182342794422867716e-01 3.159868200229533389e+07
8.564058993171398404e-01 2.956493732261653244e+07
8.963582714783228100e-01 2.775363105912289023e+07
9.381744701761730587e-01 2.566074032535330206e+07
9.819414451753946116e-01 2.409467564173751324e+07
1.027750202552496051e+00 2.274398545109759271e+07
1.075695993927647365e+00 2.100038891502887756e+07
1.125878514524432994e+00 1.962325428675283119e+07
1.178402110469330522e+00 1.834251107709266618e+07
1.233375995761962995e+00 1.692726532452822104e+07
1.290914479367274659e+00 1.610045070841896348e+07
1.351137202901832923e+00 1.461176359637532756e+07
1.414169389408483246e+00 1.330952830866343901e+07
1.480142103736643344e+00 1.204805974585134163e+07
1.549192525069651882e+00 1.084207254293670692e+07
1.621464232165851449e+00 1.008715902733838372e+07
1.697107501906508942e+00 9.289912593467231840e+06
1.776279621771362560e+00 8.369558876433076337e+06
1.859145216891527452e+00 7.716768300305827521e+06
1.945876592359817581e+00 6.959576731123604812e+06
2.036654091510258002e+00 6.419377223103600554e+06
2.131666470911770972e+00 5.878307010591208935e+06
2.231111292855769257e+00 5.393734326176707633e+06
2.335195336153773393e+00 4.857937588318188675e+06
2.444135026099235386e+00 4.487235978703552857e+06
2.558156884487600369e+00 4.101422683798066806e+06
2.677498000630348152e+00 3.738155715429210104e+06
2.802406524342412553e+00 3.437091810271867085e+06
2.933142181928062087e+00 3.121459442104604561e+06
