3.069976816238139533e-02 7.270148013320465088e+08
3.213194951921637121e-02 9.641694338708539009e+08
3.363094387046929729e-02 7.877038859793919325e+08
3.519986812322865172e-02 8.256880214708762169e+08
3.684198459207260745e-02 9.207050909068163633e+08
3.856070778250449138e-02 4.630675389797374010e+08
4.035961149084377197e-02 8.087727452286080122e+08
4.224243623533543990e-02 4.104685454417980909e+08
4.421309703392971302e-02 5.181473683312175274e+08
4.627569154490460829e-02 6.394460049988243580e+08
4.843450858725836805e-02 5.182489656309102178e+08
5.069403705858849252e-02 5.468508827584307194e+08
5.305897526900069106e-02 3.796899105746995807e+08
5.553424071045594268e-02 5.761659981959645748e+08
5.812498028186940946e-02 5.014974152219970822e+08
6.083658099122266766e-02 4.247002794028390050e+08
6.367468115694234487e-02 3.728551608265041113e+08
6.664518213183667772e-02 3.639004317417818904e+08
6.975426057396794111e-02 3.187126345487120748e+08
7.300838128997587384e-02 3.987638171749334931e+08
7.641431067755764805e-02 3.442436631741461158e+08
7.997913079505601652e-02 3.350678845267500877e+08
8.371025408741054885e-02 2.715238518507468104e+08
8.761543879909236554e-02 2.873428092954069972e+08
9.170280510607109470e-02 2.990636616157962680e+08
9.598085200035742781e-02 2.562575733948419988e+08
1.004584749622301765e-01 2.267837307475927770e+08
1.051449844568940195e-01 2.414016215858940184e+08
1.100501252940287722e-01 2.063840969388358295e+08
1.151840968904851020e-01 2.058393386026723683e+08
1.205575744782594882e-01 2.067382701798151433e+08
1.261817313018468445e-01 1.969384962703922689e+08
1.320682618511266337e-01 1.880440839573424459e+08
1.382294061780912076e-01 1.592377443840221763e+08
1.446779753479788821e-01 1.757762615671890676e+08
1.514273780777332656e-01 1.544460820119073093e+08
1.584916486171791816e-01 1.302380562704494447e+08
1.658854759308886484e-01 1.252887406378987730e+08
1.736242342414167639e-01 1.168757667028028071e+08
1.817240149974163610e-01 1.209759977288916856e+08
1.902016603331038169e-01 1.052198644391484708e+08
1.990747980886495849e-01 9.991572316307747364e+07
2.083618784643124222e-01 1.058889288641645461e+08
2.180822123845329585e-01 9.471414660706721246e+07
2.282560116517592663e-01 8.751810813793540001e+07
2.389044309734965343e-01 8.412436517377039790e+07
2.500496119499697190e-01 7.946205881061685085e+07
2.617147291138638421e-01 7.134457850309486687e+07
2.739240381178740802e-01 6.437343967195368558e+07
2.867029261702632170e-01 5.794077891826947033e+07
3.000779648232989039e-01 5.281975928728682548e+07
3.140769652243355914e-01 5.062441892913579196e+07
3.287290359444262067e-01 4.735092075395122916e+07
3.440646435047088891e-01 4.246790726270925254e+07
3.601156757264223351e-01 3.762062829615984112e+07
3.769155080362766030e-01 3.461217485759419948e+07
3.944990728650497602e-01 3.133731954892989248e+07
4.129029322837124427e-01 2.826795243447997048e+07
4.321653540281166217e-01 2.668845417436145991e+07
4.523263910703274604e-01 2.367840705889647827e+07
4.734279649020536884e-01 2.107404756965470687e+07
4.955139527033520785e-01 1.922136194462483004e+07
5.186302785778565960e-01 1.813997739650904760e+07
5.428250090442419129e-01 1.687683697857235372e+07
5.681484529824789576e-01 1.583883244356901012e+07
5.946532662427046478e-01 1.413089857012593374e+07
6.223945611342215356e-01 1.209988038521513343e+07
6.514300210222929710e-01 1.133125431223424524e+07
6.818200202710160696e-01 1.011073722194554284e+07
7.136277497816758686e-01 9.599764656555885449e+06
7.469193483876155337e-01 9.171529615243814886e+06
7.817640403788362891e-01 8.493336522483853623e+06
8.182342794422867716e-01 7.961125735813828185e+06
8.564058993171398404e-01 7.600480924567283131e+06
8.963582714783228100e-01 6.925195065723053180e+06
9.381744701761730587e-01 6.604825487106940709e+06
9.819414451753946116e-01 6.136070341620109044e+06
1.027750202552496051e+00 5.893193280699233525e+06
1.075695993927647365e+00 5.527789455893171951e+06
1.125878514524432994e+00 5.390960324120561592e+06
1.178402110469330522e+00 4.606995928036148660e+06
1.233375995761962995e+00 4.227721275597846135e+06
1.290914479367274659e+00 3.701693318481138907e+06
1.351137202901832923e+00 3.379446348224609159e+06
1.414169389408483246e+00 3.029200710238272324e+06
1.480142103736643344e+00 2.839542302729934920e+06
1.549192525069651882e+00 2.625619156827954575e+06
1.621464232165851449e+00 2.548242438580245711e+06
1.697107501906508942e+00 2.403919839501699433e+06
1.776279621771362560e+00 2.329938908756542020e+06
1.859145216891527452e+00 2.294309799810389057e+06
1.945876592359817581e+00 2.415153233488996048e+06
2.036654091510258002e+00 2.308159824123482686e+06
2.131666470911770972e+00 2.181694945195676293e+06
2.231111292855769257e+00 1.876586726718641818e+06
2.335195336153773393e+00 1.654605409409790300e+06
2.444135026099235386e+00 1.412883887665902730e+06
2.558156884487600369e+00 1.167837176300870022e+06
2.677498000630348152e+00 1.042287049354686518e+06
2.802406524342412553e+00 9.218617022079587914e+05
2.933142181928062087e+00 8.318841158108301461e+05
