3.069976816238139533e-02 8.001891936467353106e+08
3.213194951921637121e-02 6.505258455540273190e+08
3.363094387046929729e-02 6.390758478997695446e+08
3.519986812322865172e-02 8.207398831412907839e+08
3.684198459207260745e-02 6.865267480744278431e+08
3.856070778250449138e-02 6.591721635706286430e+08
4.035961149084377197e-02 6.751189688499503136e+08
4.224243623533543990e-02 4.518032773698791862e+08
4.421309703392971302e-02 6.820804378432111740e+08
4.627569154490460829e-02 6.537277294796953201e+08
4.843450858725836805e-02 6.256968535041773319e+08
5.069403705858849252e-02 6.135393679689645767e+08
5.305897526900069106e-02 6.535651736053743362e+08
5.553424071045594268e-02 7.161959897367864847e+08
5.812498028186940946e-02 7.205274150330083370e+08
6.083658099122266766e-02 6.793112658889495134e+08
6.367468115694234487e-02 7.064451943536545038e+08
6.664518213183667772e-02 7.336651386163020134e+08
6.975426057396794111e-02 5.756408910995476246e+08
7.300838128997587384e-02 5.624676561622024775e+08
7.641431067755764805e-02 6.062509027212746143e+08
7.997913079505601652e-02 6.593727012827889919e+08
8.371025408741054885e-02 6.338328930082334280e+08
8.761543879909236554e-02 5.290356268403068185e+08
9.170280510607109470e-02 5.171157913011604548e+08
9.598085200035742781e-02 5.308388389896460772e+08
1.004584749622301765e-01 5.288950962693672180e+08
1.051449844568940195e-01 4.677240256598806977e+08
1.100501252940287722e-01 3.929422595098239183e+08
1.151840968904851020e-01 3.660195680666579008e+08
1.205575744782594882e-01 3.430600350929244757e+08
1.261817313018468445e-01 3.629474419728084207e+08
1.320682618511266337e-01 3.022388648152892590e+08
1.382294061780912076e-01 3.120495481890474558e+08
1.446779753479788821e-01 3.032557248749839664e+08
1.514273780777332656e-01 2.821775591004713774e+08
1.584916486171791816e-01 2.755217383491305709e+08
1.658854759308886484e-01 2.802521068778505325e+08
1.736242342414167639e-01 2.349583811323106885e+08
1.817240149974163610e-01 2.196667113021671176e+08
1.902016603331038169e-01 2.112828886632182002e+08
1.990747980886495849e-01 1.920910973396008313e+08
2.083618784643124222e-01 1.856135870324891508e+08
2.180822123845329585e-01 1.808789588355599642e+08
2.282560116517592663e-01 1.716016262777281702e+08
2.389044309734965343e-01 1.653635905008951128e+08
2.500496119499697190e-01 1.531093720197161138e+08
2.617147291138638421e-01 1.487153307290888131e+08
2.739240381178740802e-01 1.406258743158581555e+08
2.867029261702632170e-01 1.307496686802487671e+08
3.000779648232989039e-01 1.252021296022728086e+08
3.140769652243355914e-01 1.173854032093788385e+08
3.287290359444262067e-01 1.091462200921035856e+08
3.440646435047088891e-01 9.703070374534854293e+07
3.601156757264223351e-01 9.476650907816968858e+07
3.769155080362766030e-01 8.589467060895629227e+07
3.944990728650497602e-01 8.266724215282464027e+07
4.129029322837124427e-01 7.463304176013487577e+07
4.321653540281166217e-01 7.285511258780981600e+07
4.523263910703274604e-01 6.860803844693981111e+07
4.734279649020536884e-01 6.312217197512713820e+07
4.955139527033520785e-01 5.930855032547112554e+07
5.186302785778565960e-01 5.656086462036723644e+07
5.428250090442419129e-01 5.321824016357591003e+07
5.681484529824789576e-01 5.056790048500986397e+07
5.946532662427046478e-01 4.710881588376343250e+07
6.223945611342215356e-01 4.591146399558366090e+07
6.514300210222929710e-01 4.265023487093406171e+07
6.818200202710160696e-01 3.978791897303894907e+07
7.136277497816758686e-01 3.858158289357297122e+07
7.469193483876155337e-01 3.583476467529399693e+07
7.817640403788362891e-01 3.318626047423528507e+07
8.182342794422867716e-01 3.184889322319976240e+07
8.564058993171398404e-01 2.900789433281366155e+07
8.963582714783228100e-01 2.752689171916870400e+07
9.381744701761730587e-01 2.548617418886926770e+07
9.819414451753946116e-01 2.338785190530233085e+07
1.027750202552496051e+00 2.164710354237290472e+07
1.075695993927647365e+00 2.074821643184558675e+07
1.125878514524432994e+00 1.913011972058038786e+07
1.178402110469330522e+00 1.767610202407731488e+07
1.233375995761962995e+00 1.610507824935709685e+07
1.290914479367274659e+00 1.512830223662642203e+07
1.351137202901832923e+00 1.370159314337469824e+07
1.414169389408483246e+00 1.273439006224545650e+07
1.480142103736643344e+00 1.176152390718090162e+07
1.549192525069651882e+00 1.071705458406103589e+07
1.621464232165851449e+00 9.944864713988736272e+06
1.697107501906508942e+00 9.037722886792473495e+06
1.776279621771362560e+00 8.181960839544063434e+06
1.859145216891527452e+00 7.283015824422552250e+06
1.945876592359817581e+00 6.517512756825621240e+06
2.036654091510258002e+00 5.994632448778162710e+06
2.131666470911770972e+00 5.621176958447242156e+06
2.231111292855769257e+00 5.276540749713424593e+06
2.335195336153773393e+00 4.809375855485561304e+06
2.444135026099235386e+00 4.474807817628078163e+06
2.558156884487600369e+00 4.248129374877432361e+06
2.677498000630348152e+00 3.877480608642364386e+06
2.802406524342412553e+00 3.652942120310496539e+06
2.933142181928062087e+00 3.409972194953629747e+06
