3.069976816238139533e-02 1.196387253590209007e+09
3.213194951921637121e-02 7.448839418851885796e+08
3.363094387046929729e-02 7.961575427651687860e+08
3.519986812322865172e-02 8.061594432285692692e+08
3.684198459207260745e-02 4.641272129732338786e+08
3.856070778250449138e-02 9.423014047447922230e+08
4.035961149084377197e-02 8.453418544040253162e+08
4.224243623533543990e-02 6.737587012154816389e+08
4.421309703392971302e-02 8.422476131054250002e+08
4.627569154490460829e-02 7.022561397395360470e+08
4.843450858725836805e-02 5.707128360110070705e+08
5.069403705858849252e-02 7.750358442967526913e+08
5.305897526900069106e-02 7.948470347219493389e+08
5.553424071045594268e-02 7.973813491336685419e+08
5.812498028186940946e-02 6.517045822762833834e+08
6.083658099122266766e-02 6.792861959826523066e+08
6.367468115694234487e-02 6.635932104261322021e+08
6.664518213183667772e-02 6.075069438476657867e+08
6.975426057396794111e-02 6.631909572057962418e+08
7.300838128997587384e-02 5.879499025274562836e+08
7.641431067755764805e-02 6.099933999143389463e+08
7.997913079505601652e-02 5.465917109915142059e+08
8.371025408741054885e-02 5.130352584149953127e+08
8.761543879909236554e-02 5.327284045555787683e+08
9.170280510607109470e-02 5.070678369431029558e+08
9.598085200035742781e-02 4.520008649711318016e+08
1.004584749622301765e-01 4.888779113524227142e+08
1.051449844568940195e-01 4.458743503827073574e+08
1.100501252940287722e-01 4.173172191420031786e+08
1.151840968904851020e-01 4.428398556476963758e+08
1.205575744782594882e-01 3.677901820178896189e+08
1.261817313018468445e-01 3.878781819857532382e+08
1.320682618511266337e-01 3.485640551755293608e+08
1.382294061780912076e-01 3.611928643932822943e+08
1.446779753479788821e-01 3.193793045378403068e+08
1.514273780777332656e-01 3.150551020309950709e+08
1.584916486171791816e-01 2.667921059313608706e+08
1.658854759308886484e-01 2.660616438376016319e+08
1.736242342414167639e-01 2.562820446369605064e+08
1.817240149974163610e-01 2.420163745788256228e+08
1.902016603331038169e-01 2.216779219664738178e+08
1.990747980886495849e-01 2.261634523498789668e+08
2.083618784643124222e-01 2.044004252612720430e+08
2.180822123845329585e-01 2.031455162312066853e+08
2.282560116517592663e-01 1.796967737022972703e+08
2.389044309734965343e-01 1.703687083263886273e+08
2.500496119499697190e-01 1.590873495338073969e+08
2.617147291138638421e-01 1.450970359668947756e+08
2.739240381178740802e-01 1.434019958977438807e+08
2.867029261702632170e-01 1.385481124028404057e+08
3.000779648232989039e-01 1.250007724773005694e+08
3.140769652243355914e-01 1.216764711404922903e+08
3.287290359444262067e-01 1.093263826964851320e+08
3.440646435047088891e-01 1.069760451577904671e+08
3.601156757264223351e-01 9.865603494457297027e+07
3.769155080362766030e-01 9.259094133226051927e+07
3.944990728650497602e-01 8.629526618430480361e+07
4.129029322837124427e-01 8.292130471100082994e+07
4.321653540281166217e-01 7.554639557742065191e+07
4.523263910703274604e-01 7.209182900519500673e+07
4.734279649020536884e-01 6.729294947124902904e+07
4.955139527033520785e-01 6.294779463881826401e+07
5.186302785778565960e-01 5.942982241226132214e+07
5.428250090442419129e-01 5.599215235412003845e+07
5.681484529824789576e-01 5.302268016518447548e+07
5.946532662427046478e-01 4.948989066207885742e+07
6.223945611342215356e-01 4.644894673441114277e+07
6.514300210222929710e-01 4.414986349811711162e+07
6.818200202710160696e-01 4.118458001364611834e+07
7.136277497816758686e-01 3.880393877877060324e+07
7.469193483876155337e-01 3.614246840521016717e+07
7.817640403788362891e-01 3.414155857245211303e+07
8.182342794422867716e-01 3.253608721047812700e+07
8.564058993171398404e-01 3.048804321920838580e+07
8.963582714783228100e-01 2.827452802562607452e+07
9.381744701761730587e-01 2.661994063386340067e+07
9.819414451753946116e-01 2.497006549291760847e+07
1.027750202552496051e+00 2.347804515068970993e+07
1.075695993927647365e+00 2.197191167788341269e+07
1.125878514524432994e+00 2.031719809118761122e+07
1.178402110469330522e+00 1.907242894090624154e+07
1.233375995761962995e+00 1.768384268115003780e+07
1.290914479367274659e+00 1.637886083223709278e+07
1.351137202901832923e+00 1.511279393858448230e+07
1.414169389408483246e+00 1.392371687700364925e+07
1.480142103736643344e+00 1.294623695549004525e+07
1.549192525069651882e+00 1.183196914133049548e+07
1.621464232165851449e+00 1.088526996735737100e+07
1.697107501906508942e+00 9.997109430833932012e+06
1.776279621771362560e+00 9.130900346664017066e+06
1.859145216891527452e+00 8.253219023191371001e+06
1.945876592359817581e+00 7.389763284797386266e+06
2.036654091510258002e+00 6.638765119210630655e+06
2.131666470911770972e+00 6.098490531580116600e+06
2.231111292855769257e+00 5.463189531612654217e+06
2.335195336153773393e+00 5.013210355285868980e+06
2.444135026099235386e+00 4.578818495636742562e+06
2.558156884487600369e+00 4.206488631386021152e+06
2.677498000630348152e+00 3.840435991008984391e+06
2.802406524342412553e+00 3.498403061228659470e+06
2.933142181928062087e+00 3.209919625887628179e+06
