3.069976816238139533e-02 1.067717363879227400e+09
3.213194951921637121e-02 1.216965205760761023e+09
3.363094387046929729e-02 1.070959241093016386e+09
3.519986812322865172e-02 1.100577308569067478e+09
3.684198459207260745e-02 1.148403201214267015e+09
3.856070778250449138e-02 7.476714932221838236e+08
4.035961149084377197e-02 9.587576434249589443e+08
4.224243623533543990e-02 9.826475796225298643e+08
4.421309703392971302e-02 7.077890800939625502e+08
4.627569154490460829e-02 9.120329936532244682e+08
4.843450858725836805e-02 8.513127908485475779e+08
5.069403705858849252e-02 6.958425793813484907e+08
5.305897526900069106e-02 7.917274063994319439e+08
5.553424071045594268e-02 5.825041369669924974e+08
5.812498028186940946e-02 7.035300194308468103e+08
6.083658099122266766e-02 7.368319349979442358e+08
6.367468115694234487e-02 6.869183803224298954e+08
6.664518213183667772e-02 6.292659167504887581e+08
6.975426057396794111e-02 6.186605311448633671e+08
7.300838128997587384e-02 6.236512180773191452e+08
7.641431067755764805e-02 5.542944132329843044e+08
7.997913079505601652e-02 5.946295257656399012e+08
8.371025408741054885e-02 5.122063341101984382e+08
8.761543879909236554e-02 4.428581767724254727e+08
9.170280510607109470e-02 5.385185892669099569e+08
9.598085200035742781e-02 5.022930496434416771e+08
1.004584749622301765e-01 4.649752520542205572e+08
1.051449844568940195e-01 4.226359267015256882e+08
1.100501252940287722e-01 4.006614435510705709e+08
1.151840968904851020e-01 4.053473753815177679e+08
1.205575744782594882e-01 3.557155436482644677e+08
1.261817313018468445e-01 3.071035993319980502e+08
1.320682618511266337e-01 2.955495883125365973e+08
1.382294061780912076e-01 2.913799427054136395e+08
1.446779753479788821e-01 2.820688994853994250e+08
1.514273780777332656e-01 2.908303486249505877e+08
1.584916486171791816e-01 2.716513045653475523e+08
1.658854759308886484e-01 2.603861606425398588e+08
1.736242342414167639e-01 2.443063700936978459e+08
1.817240149974163610e-01 2.221500616441183984e+08
1.902016603331038169e-01 2.245698421373364329e+08
1.990747980886495849e-01 1.914274422055798173e+08
2.083618784643124222e-01 1.866786369397131801e+08
2.180822123845329585e-01 1.801226765384999514e+08
2.282560116517592663e-01 1.780316802333807945e+08
2.389044309734965343e-01 1.684410228578835428e+08
2.500496119499697190e-01 1.582442294947447479e+08
2.617147291138638421e-01 1.573915898470379114e+08
2.739240381178740802e-01 1.395194721545428634e+08
2.867029261702632170e-01 1.357299573729489744e+08
3.000779648232989039e-01 1.272904979188743532e+08
3.140769652243355914e-01 1.277196772535950243e+08
3.287290359444262067e-01 1.165184706869362593e+08
3.440646435047088891e-01 1.156656649456771165e+08
3.601156757264223351e-01 1.065403722241687924e+08
3.769155080362766030e-01 9.865672141524861753e+07
3.944990728650497602e-01 9.854991726963454485e+07
4.129029322837124427e-01 9.521297170536518097e+07
4.321653540281166217e-01 9.204798904059751332e+07
4.523263910703274604e-01 8.319143492523749173e+07
4.734279649020536884e-01 7.509922145136056840e+07
4.955139527033520785e-01 7.044348533494907618e+07
5.186302785778565960e-01 6.380972622380608320e+07
5.428250090442419129e-01 6.030299192978228629e+07
5.681484529824789576e-01 5.708207370396079868e+07
5.946532662427046478e-01 5.251412063751774281e+07
6.223945611342215356e-01 5.009279964858590811e+07
6.514300210222929710e-01 4.583588370585033298e+07
6.818200202710160696e-01 4.223689438614538312e+07
7.136277497816758686e-01 3.996214645492652804e+07
7.469193483876155337e-01 3.683333908711410314e+07
7.817640403788362891e-01 3.313710270000566542e+07
8.182342794422867716e-01 3.096888588238282502e+07
8.564058993171398404e-01 2.755800900150358304e+07
8.963582714783228100e-01 2.582748018503228202e+07
9.381744701761730587e-01 2.382202743663801998e+07
9.819414451753946116e-01 2.176146659469610453e+07
1.027750202552496051e+00 1.998760311979283020e+07
1.075695993927647365e+00 1.846439311240366846e+07
1.125878514524432994e+00 1.728565431464948505e+07
1.178402110469330522e+00 1.613814747109184414e+07
1.233375995761962995e+00 1.525871957304277830e+07
1.290914479367274659e+00 1.420780259847498685e+07
1.351137202901832923e+00 1.328858937490361556e+07
1.414169389408483246e+00 1.244347436479806900e+07
1.480142103736643344e+00 1.164481840651242994e+07
1.549192525069651882e+00 1.087834973837632127e+07
1.621464232165851449e+00 1.020091676614885405e+07
1.697107501906508942e+00 9.281642330414379016e+06
1.776279621771362560e+00 8.477343276821864769e+06
1.859145216891527452e+00 7.500003573412120342e+06
1.945876592359817581e+00 6.578946274067261256e+06
2.036654091510258002e+00 5.806836423906194046e+06
2.131666470911770972e+00 5.169804724224549718e+06
2.231111292855769257e+00 4.703307132874825038e+06
2.335195336153773393e+00 4.288340903093845583e+06
2.444135026099235386e+00 3.956506829433979467e+06
2.558156884487600369e+00 3.678481205258097034e+06
2.677498000630348152e+00 3.454378740132083651e+06
2.802406524342412553e+00 3.233159232984081376e+06
2.933142181928062087e+00 3.123023105482261162e+06
