3.069976816238139533e-02 1.073292010849524140e+09
3.213194951921637121e-02 6.968250415438122749e+08
3.363094387046929729e-02 1.005974041681040764e+09
3.519986812322865172e-02 7.681277124893360138e+08
3.684198459207260745e-02 1.026827143829479814e+09
3.856070778250449138e-02 9.285198713597525358e+08
4.035961149084377197e-02 7.173326992627141476e+08
4.224243623533543990e-02 8.654446235093789101e+08
4.421309703392971302e-02 5.491101679749649763e+08
4.627569154490460829e-02 7.966405069452481270e+08
4.843450858725836805e-02 7.183601655157009363e+08
5.069403705858849252e-02 8.978192779829221964e+08
5.305897526900069106e-02 7.454596243498159647e+08
5.553424071045594268e-02 8.319710003505995274e+08
5.812498028186940946e-02 7.491149437412183285e+08
6.083658099122266766e-02 7.365927930202202797e+08
6.367468115694234487e-02 8.040119737287907600e+08
6.664518213183667772e-02 7.271784975187361240e+08
6.975426057396794111e-02 5.912754632906066179e+08
7.300838128997587384e-02 6.782842303855848312e+08
7.641431067755764805e-02 6.923576379174792767e+08
7.997913079505601652e-02 6.311280362013108730e+08
8.371025408741054885e-02 5.270912473283001184e+08
8.761543879909236554e-02 5.371202346203225851e+08
9.170280510607109470e-02 4.537207394887477756e+08
9.598085200035742781e-02 5.605720113175150156e+08
1.004584749622301765e-01 4.346280716039986014e+08
1.051449844568940195e-01 4.757441577124145627e+08
1.100501252940287722e-01 4.618612585123029947e+08
1.151840968904851020e-01 4.092268721981193423e+08
1.205575744782594882e-01 4.080378997843948603e+08
1.261817313018468445e-01 3.955580433609459400e+08
1.320682618511266337e-01 3.868888514280194044e+08
1.382294061780912076e-01 3.450467968239874244e+08
1.446779753479788821e-01 3.111518758381485343e+08
1.514273780777332656e-01 3.083631142233672738e+08
1.584916486171791816e-01 2.835923865485295653e+08
1.658854759308886484e-01 2.889878232531504035e+08
1.736242342414167639e-01 2.723633898911526203e+08
1.817240149974163610e-01 2.435158710393794477e+08
1.902016603331038169e-01 2.272697601667763889e+08
1.990747980886495849e-01 2.298761675364117026e+08
2.083618784643124222e-01 2.098330417355895042e+08
2.180822123845329585e-01 1.948969186365830302e+08
2.282560116517592663e-01 1.924116275264285803e+08
2.389044309734965343e-01 1.782161234718834460e+08
2.500496119499697190e-01 1.588038842289202809e+08
2.617147291138638421e-01 1.566395333308216631e+08
2.739240381178740802e-01 1.482793993176132739e+08
2.867029261702632170e-01 1.326607256975306720e+08
3.000779648232989039e-01 1.310819936884357482e+08
3.140769652243355914e-01 1.170609111907505840e+08
3.287290359444262067e-01 1.142852629144854844e+08
3.440646435047088891e-01 1.086857578707672805e+08
3.601156757264223351e-01 1.025164697079734504e+08
3.769155080362766030e-01 9.280704905718584359e+07
3.944990728650497602e-01 8.817459226224744320e+07
4.129029322837124427e-01 7.991137264017802477e+07
4.321653540281166217e-01 7.829643442363037169e+07
4.523263910703274604e-01 7.269702635817685723e+07
4.734279649020536884e-01 6.927147387514705956e+07
4.955139527033520785e-01 6.583752116882085055e+07
5.186302785778565960e-01 6.065390909851045907e+07
5.428250090442419129e-01 5.650452349302958697e+07
5.681484529824789576e-01 5.274184445616936684e+07
5.946532662427046478e-01 4.909095086085362732e+07
6.223945611342215356e-01 4.614225572115848213e+07
6.514300210222929710e-01 4.339368590091689676e+07
6.818200202710160696e-01 4.233909518548393250e+07
7.136277497816758686e-01 3.925879033593279123e+07
7.469193483876155337e-01 3.623705485577453673e+07
7.817640403788362891e-01 3.400711092078011483e+07
8.182342794422867716e-01 3.228675281414056197e+07
8.564058993171398404e-01 2.927747372323187813e+07
8.963582714783228100e-01 2.778580363389173895e+07
9.381744701761730587e-01 2.578250239786292613e+07
9.819414451753946116e-01 2.350531446638540179e+07
1.027750202552496051e+00 2.197039820109460875e+07
1.075695993927647365e+00 2.026135364236572757e+07
1.125878514524432994e+00 1.883457194293667376e+07
1.178402110469330522e+00 1.765014978830665722e+07
1.233375995761962995e+00 1.627587049251370504e+07
1.290914479367274659e+00 1.508331952824442834e+07
1.351137202901832923e+00 1.365553729166208580e+07
1.414169389408483246e+00 1.291298115495334379e+07
1.480142103736643344e+00 1.179125007189079747e+07
1.549192525069651882e+00 1.088961373419857770e+07
1.621464232165851449e+00 9.872881563159318641e+06
1.697107501906508942e+00 9.124662376371912658e+06
1.776279621771362560e+00 8.271957523256282322e+06
1.859145216891527452e+00 7.634711575172715820e+06
1.945876592359817581e+00 6.983155225495263934e+06
2.036654091510258002e+00 6.318893594836484641e+06
2.131666470911770972e+00 5.868785459864359349e+06
2.231111292855769257e+00 5.278208944592385553e+06
2.335195336153773393e+00 4.880931838012722321e+06
2.444135026099235386e+00 4.523459863607344218e+06
2.558156884487600369e+00 4.142104932334478945e+06
2.677498000630348152e+00 3.828955257300408557e+06
2.802406524342412553e+00 3.535214574827845208e+06
2.933142181928062087e+00 3.363883453556893393e+06
