3.069976816238139533e-02 1.450982122968232155e+09
3.213194951921637121e-02 1.568963786790332079e+09
3.363094387046929729e-02 1.189298597412984848e+09
3.519986812322865172e-02 1.248936612556032658e+09
3.684198459207260745e-02 1.086517977246468067e+09
3.856070778250449138e-02 9.440213296188416481e+08
4.035961149084377197e-02 9.512783264272077084e+08
4.224243623533543990e-02 7.709638727529306412e+08
4.421309703392971302e-02 1.134451254807528734e+09
4.627569154490460829e-02 9.338107308332383633e+08
4.843450858725836805e-02 9.246298340035901070e+08
5.069403705858849252e-02 8.509256783963633776e+08
5.305897526900069106e-02 7.038089130689300299e+08
5.553424071045594268e-02 8.878120540491490364e+08
5.812498028186940946e-02 7.740453913093303442e+08
6.083658099122266766e-02 9.386626563201415539e+08
6.367468115694234487e-02 8.149811726763527393e+08
6.664518213183667772e-02 7.668247510167367458e+08
6.975426057396794111e-02 6.989883379068274498e+08
7.300838128997587384e-02 6.979148928679176569e+08
7.641431067755764805e-02 8.116933993873387575e+08
7.997913079505601652e-02 6.329104463851101398e+08
8.371025408741054885e-02 6.342802763944971561e+08
8.761543879909236554e-02 5.482962648552490473e+08
9.170280510607109470e-02 5.498591682439596653e+08
9.598085200035742781e-02 5.324812336432692409e+08
1.004584749622301765e-01 4.897400414349032044e+08
1.051449844568940195e-01 5.067516171856327057e+08
1.100501252940287722e-01 4.629234153260757327e+08
1.151840968904851020e-01 4.086954198161649108e+08
1.205575744782594882e-01 4.197451463930481672e+08
1.261817313018468445e-01 4.366082497911092639e+08
1.320682618511266337e-01 3.312944666425426602e+08
1.382294061780912076e-01 3.345009848958855271e+08
1.446779753479788821e-01 3.163624946190960407e+08
1.514273780777332656e-01 3.110462671642161012e+08
1.584916486171791816e-01 2.934302928992933631e+08
1.658854759308886484e-01 2.804626499939048290e+08
1.736242342414167639e-01 2.535732545342135727e+08
1.817240149974163610e-01 2.363042217372518480e+08
1.902016603331038169e-01 2.264269131101133227e+08
1.990747980886495849e-01 2.168257938811823130e+08
2.083618784643124222e-01 2.095223772712241113e+08
2.180822123845329585e-01 1.902518342072899044e+08
2.282560116517592663e-01 1.876770022483128309e+08
2.389044309734965343e-01 1.764563329506155550e+08
2.500496119499697190e-01 1.696004547479016781e+08
2.617147291138638421e-01 1.518422956613415182e+08
2.739240381178740802e-01 1.438441352645973265e+08
2.867029261702632170e-01 1.413037314750040472e+08
3.000779648232989039e-01 1.339384241362394691e+08
3.140769652243355914e-01 1.212429485446337461e+08
3.287290359444262067e-01 1.212014151700863540e+08
3.440646435047088891e-01 1.083509114799957871e+08
3.601156757264223351e-01 1.029134635276221335e+08
3.769155080362766030e-01 9.795180039338241518e+07
3.944990728650497602e-01 9.062042146462671459e+07
4.129029322837124427e-01 8.726008409068515897e+07
4.321653540281166217e-01 8.030334387794306874e+07
4.523263910703274604e-01 7.688677008283990622e+07
4.734279649020536884e-01 7.133785165906354785e+07
4.955139527033520785e-01 6.860018456480255723e+07
5.186302785778565960e-01 6.380014193628138304e+07
5.428250090442419129e-01 5.992350960810193419e+07
5.681484529824789576e-01 5.450126440382736921e+07
5.946532662427046478e-01 5.109990974426711351e+07
6.223945611342215356e-01 4.817618790647540241e+07
6.514300210222929710e-01 4.529511781877216697e+07
6.818200202710160696e-01 4.228231391091635823e+07
7.136277497816758686e-01 4.001556231239673495e+07
7.469193483876155337e-01 3.668701742546603084e+07
7.817640403788362891e-01 3.394024084165414423e+07
8.182342794422867716e-01 3.261088980024304613e+07
8.564058993171398404e-01 3.033148965209309384e+07
8.963582714783228100e-01 2.817502713904855400e+07
9.381744701761730587e-01 2.612868033966688067e+07
9.819414451753946116e-01 2.433575849806357548e+07
1.027750202552496051e+00 2.262457754041613638e+07
1.075695993927647365e+00 2.084887127201611176e+07
1.125878514524432994e+00 1.909978503205359355e+07
1.178402110469330522e+00 1.722783313183488697e+07
1.233375995761962995e+00 1.560557369252310321e+07
1.290914479367274659e+00 1.454974807904434949e+07
1.351137202901832923e+00 1.347375177955304459e+07
1.414169389408483246e+00 1.242535575933433138e+07
1.480142103736643344e+00 1.162420335527572967e+07
1.549192525069651882e+00 1.081365033373654261e+07
1.621464232165851449e+00 9.515428692381488159e+06
1.697107501906508942e+00 8.732167896663941443e+06
1.776279621771362560e+00 7.813318204345940612e+06
1.859145216891527452e+00 7.087124532110664062e+06
1.945876592359817581e+00 6.524001366831987165e+06
2.036654091510258002e+00 6.036386462217014283e+06
2.131666470911770972e+00 5.566062867548660375e+06
2.231111292855769257e+00 5.156744263649178669e+06
2.335195336153773393e+00 4.673644649617636576e+06
2.444135026099235386e+00 4.261087807899813168e+06
2.558156884487600369e+00 3.773392961279779673e+06
2.677498000630348152e+00 3.328140122793921735e+06
2.802406524342412553e+00 2.983141259157879744e+06
2.933142181928062087e+00 2.703683493244079873e+06
