3.069976816238139533e-02 1.821014405946632326e+08
3.213194951921637121e-02 1.131924080396467894e+08
3.363094387046929729e-02 8.743372855538094044e+07
3.519986812322865172e-02 7.552650808941954374e+07
3.684198459207260745e-02 1.653086773795665205e+08
3.856070778250449138e-02 2.112519512795014381e+08
4.035961149084377197e-02 7.924932191269017756e+07
4.224243623533543990e-02 9.798808844881939888e+07
4.421309703392971302e-02 1.097036640205011666e+08
4.627569154490460829e-02 1.860251195017335415e+08
4.843450858725836805e-02 9.332567229602900147e+07
5.069403705858849252e-02 1.334805854685204923e+08
5.305897526900069106e-02 1.108570164226299077e+08
5.553424071045594268e-02 1.845067116133857071e+08
5.812498028186940946e-02 1.589744312364891469e+08
6.083658099122266766e-02 1.205976091605657041e+08
6.367468115694234487e-02 1.755568152139980793e+08
6.664518213183667772e-02 1.462602288605652153e+08
6.975426057396794111e-02 1.057900728215276301e+08
7.300838128997587384e-02 1.426811662921531200e+08
7.641431067755764805e-02 1.223375872049350590e+08
7.997913079505601652e-02 1.032765934572200179e+08
8.371025408741054885e-02 1.110926264116661400e+08
8.761543879909236554e-02 1.290480834746836126e+08
9.170280510607109470e-02 1.300179616296284199e+08
9.598085200035742781e-02 9.220086373207294941e+07
1.004584749622301765e-01 1.050774807815935910e+08
1.051449844568940195e-01 9.794098388785949349e+07
1.100501252940287722e-01 1.157260134843763113e+08
1.151840968904851020e-01 1.186733723714844435e+08
1.205575744782594882e-01 1.077105552257284522e+08
1.261817313018468445e-01 1.328246029489270151e+08
1.320682618511266337e-01 1.220353055463283360e+08
1.382294061780912076e-01 1.215117013717430830e+08
1.446779753479788821e-01 1.113979015782011896e+08
1.514273780777332656e-01 1.027846192379407734e+08
1.584916486171791816e-01 9.901889319752176106e+07
1.658854759308886484e-01 1.116711058356080204e+08
1.736242342414167639e-01 1.042496298715513647e+08
1.817240149974163610e-01 1.060352045057843328e+08
1.902016603331038169e-01 1.073861599459423125e+08
1.990747980886495849e-01 1.065289016508265287e+08
2.083618784643124222e-01 1.101070134494066834e+08
2.180822123845329585e-01 1.000706354674246758e+08
2.282560116517592663e-01 9.356105705044034123e+07
2.389044309734965343e-01 9.108555959264591336e+07
2.500496119499697190e-01 9.683720930525143445e+07
2.617147291138638421e-01 1.007912346544150412e+08
2.739240381178740802e-01 8.430651282121649384e+07
2.867029261702632170e-01 7.893773641080865264e+07
3.000779648232989039e-01 7.232821333080370724e+07
3.140769652243355914e-01 7.485946401898051798e+07
3.287290359444262067e-01 6.730408409797203541e+07
3.440646435047088891e-01 6.933027023484337330e+07
3.601156757264223351e-01 6.604493110542572290e+07
3.769155080362766030e-01 5.889491127129226178e+07
3.944990728650497602e-01 5.658500969302807748e+07
4.129029322837124427e-01 4.955522869364475459e+07
4.321653540281166217e-01 4.614333578087948263e+07
4.523263910703274604e-01 4.481791141134732962e+07
4.734279649020536884e-01 4.016074909127442539e+07
4.955139527033520785e-01 3.886169352330559492e+07
5.186302785778565960e-01 3.297631403070820123e+07
5.428250090442419129e-01 3.101055038277934119e+07
5.681484529824789576e-01 2.930124479808363691e+07
5.946532662427046478e-01 2.753345258658047765e+07
6.223945611342215356e-01 2.591188070594597608e+07
6.514300210222929710e-01 2.483838501636567712e+07
6.818200202710160696e-01 2.332276196955572069e+07
7.136277497816758686e-01 2.256305336134569347e+07
7.469193483876155337e-01 2.097737002613648772e+07
7.817640403788362891e-01 1.988980717735109106e+07
8.182342794422867716e-01 1.821867620119532198e+07
8.564058993171398404e-01 1.694108983879895136e+07
8.963582714783228100e-01 1.623884212194703147e+07
9.381744701761730587e-01 1.576348081877025217e+07
9.819414451753946116e-01 1.483523679555129260e+07
1.027750202552496051e+00 1.449794044348990358e+07
1.075695993927647365e+00 1.336180813090132549e+07
1.125878514524432994e+00 1.276236969206492044e+07
1.178402110469330522e+00 1.230367443150093779e+07
1.233375995761962995e+00 1.170005706547241285e+07
1.290914479367274659e+00 1.132971584044870362e+07
1.351137202901832923e+00 1.100939800339968875e+07
1.414169389408483246e+00 1.053948476668228209e+07
1.480142103736643344e+00 1.012485171934594959e+07
1.549192525069651882e+00 9.882378342794086784e+06
1.621464232165851449e+00 9.029860985031170771e+06
1.697107501906508942e+00 8.532826016670005396e+06
1.776279621771362560e+00 7.887206744054676034e+06
1.859145216891527452e+00 7.415784113768004812e+06
1.945876592359817581e+00 6.886459395170586184e+06
2.036654091510258002e+00 6.460839319581585005e+06
2.131666470911770972e+00 6.164500194009195082e+06
2.231111292855769257e+00 5.786054922701172531e+06
2.335195336153773393e+00 5.515203196041901596e+06
2.444135026099235386e+00 5.220384826108696871e+06
2.558156884487600369e+00 5.004148318434212357e+06
2.677498000630348152e+00 4.801623220481631346e+06
2.802406524342412553e+00 4.574192518950414844e+06
2.933142181928062087e+00 4.299900089303783141e+06
