3.069976816238139533e-02 1.055435154997715712e+09
3.213194951921637121e-02 7.451620943525313139e+08
3.363094387046929729e-02 9.512262278748021126e+08
3.519986812322865172e-02 6.758930477664647102e+08
3.684198459207260745e-02 7.247641276575412750e+08
3.856070778250449138e-02 8.356584178627414703e+08
4.035961149084377197e-02 3.798875018492795825e+08
4.224243623533543990e-02 4.624431656889008880e+08
4.421309703392971302e-02 4.835525779748776555e+08
4.627569154490460829e-02 7.470022449179583788e+08
4.843450858725836805e-02 4.931046960201513171e+08
5.069403705858849252e-02 5.305610693571910858e+08
5.305897526900069106e-02 5.058072083963720202e+08
5.553424071045594268e-02 4.455181990300204754e+08
5.812498028186940946e-02 3.111324854006391168e+08
6.083658099122266766e-02 3.209801186932975650e+08
6.367468115694234487e-02 3.653735143122439384e+08
6.664518213183667772e-02 3.467686475429594517e+08
6.975426057396794111e-02 3.017530683832001686e+08
7.300838128997587384e-02 3.318217860923748016e+08
7.641431067755764805e-02 3.050033753229426146e+08
7.997913079505601652e-02 2.718384182185560465e+08
8.371025408741054885e-02 2.535719700396139026e+08
8.761543879909236554e-02 2.570628965760107934e+08
9.170280510607109470e-02 2.692843870894592404e+08
9.598085200035742781e-02 2.343695018768170178e+08
1.004584749622301765e-01 2.321859898643045127e+08
1.051449844568940195e-01 2.471987219167460799e+08
1.100501252940287722e-01 2.018154051312989891e+08
1.151840968904851020e-01 2.147168279447209835e+08
1.205575744782594882e-01 2.511837960940170586e+08
1.261817313018468445e-01 1.979339075431013405e+08
1.320682618511266337e-01 1.914753576972201169e+08
1.382294061780912076e-01 1.791562760858532190e+08
1.446779753479788821e-01 1.808952333823746443e+08
1.514273780777332656e-01 1.675361129389988184e+08
1.584916486171791816e-01 1.534829610549316704e+08
1.658854759308886484e-01 1.399667471086819768e+08
1.736242342414167639e-01 1.455099687937774956e+08
1.817240149974163610e-01 1.357426646333332062e+08
1.902016603331038169e-01 1.181441818456433713e+08
1.990747980886495849e-01 1.082499952371070087e+08
2.083618784643124222e-01 1.032046703085726202e+08
2.180822123845329585e-01 1.010675680101567060e+08
2.282560116517592663e-01 8.921219347773842514e+07
2.389044309734965343e-01 8.204737555777631700e+07
2.500496119499697190e-01 8.281300577485835552e+07
2.617147291138638421e-01 7.262035282098948956e+07
2.739240381178740802e-01 6.707101949870338291e+07
2.867029261702632170e-01 6.792214607087974250e+07
3.000779648232989039e-01 5.297865597734553367e+07
3.140769652243355914e-01 5.641416615705358237e+07
3.287290359444262067e-01 4.829670018412388861e+07
3.440646435047088891e-01 4.270834273326899856e+07
3.601156757264223351e-01 4.130707548962787539e+07
3.769155080362766030e-01 3.695261614010360092e+07
3.944990728650497602e-01 3.429295797183658928e+07
4.129029322837124427e-01 3.183769053306883201e+07
4.321653540281166217e-01 3.026258624121606350e+07
4.523263910703274604e-01 2.873725439391114190e+07
4.734279649020536884e-01 2.719626614400674030e+07
4.955139527033520785e-01 2.403455937770970166e+07
5.186302785778565960e-01 2.237840098820826784e+07
5.428250090442419129e-01 2.037574534202354401e+07
5.681484529824789576e-01 1.920935965568878874e+07
5.946532662427046478e-01 1.819249058889332414e+07
6.223945611342215356e-01 1.808759118899139017e+07
6.514300210222929710e-01 1.771181275031648576e+07
6.818200202710160696e-01 1.761812656342886016e+07
7.136277497816758686e-01 1.623889476537498645e+07
7.469193483876155337e-01 1.553061317609420978e+07
7.817640403788362891e-01 1.481639397434335388e+07
8.182342794422867716e-01 1.411306448831709847e+07
8.564058993171398404e-01 1.280207940469456092e+07
8.963582714783228100e-01 1.238022181265281886e+07
9.381744701761730587e-01 1.108632987491900660e+07
9.819414451753946116e-01 1.023694634160309657e+07
1.027750202552496051e+00 8.934630993738712743e+06
1.075695993927647365e+00 8.074563023145953193e+06
1.125878514524432994e+00 7.576234247909232974e+06
1.178402110469330522e+00 6.813188545371426269e+06
1.233375995761962995e+00 6.504154404757915065e+06
1.290914479367274659e+00 5.944293915443988517e+06
1.351137202901832923e+00 5.333239256269274279e+06
1.414169389408483246e+00 4.932669709814169444e+06
1.480142103736643344e+00 4.508509555192990229e+06
1.549192525069651882e+00 4.281442129765425809e+06
1.621464232165851449e+00 4.268111110712093301e+06
1.697107501906508942e+00 3.764550613837984391e+06
1.776279621771362560e+00 3.314817533541223500e+06
1.859145216891527452e+00 2.936257118673085701e+06
1.945876592359817581e+00 2.715426350068176631e+06
2.036654091510258002e+00 2.561465688170245383e+06
2.131666470911770972e+00 2.222059477101630997e+06
2.231111292855769257e+00 2.008757728452624055e+06
2.335195336153773393e+00 1.825037919661408290e+06
2.444135026099235386e+00 1.671768800146785332e+06
2.558156884487600369e+00 1.519507791309623746e+06
2.677498000630348152e+00 1.264542132888190448e+06
2.802406524342412553e+00 1.104954934993061936e+06
2.933142181928062087e+00 9.655290284989438951e+05
