Distance from Tangos Halo	x	y	z	vx	vy	vz	Mean [Fe/H]	Mean Tform	Total Stellar Mass	Half-light radius	Simulation	Output Number	Tangos Halo ID	Internal ID	Count ID	Mask Out
kpc	kpc	kpc	kpc	km s**-1	km s**-1	km s**-1	dec	Myr	log10(msol)	pc	N/A	N/A	N/A	N/A	N/A	N/A
0.143674063	-0.108544	4.22E-05	0.094129883	-7.702165598	-5.836938684	-3.553056855	-1.93693443	737.6700257	3.90145906	4.574676966	Halo383_Massive	17	0	1	1	0
0.090497231	-0.066660031	0.03070913	0.052944673	-0.655374297	-9.504790975	2.114037291	-2.066523588	725.1952078	3.808254202	3.044725935	Halo383_Massive	17	0	2	2	0
0.179921736	0.175700197	0.00961881	0.037533321	3.261379042	1.705671327	3.263240059	-2.064150387	583.7521059	4.361136564	2.880181751	Halo383_Massive	14	2	5	5	0
0.42274485	-0.317482909	-0.273373645	0.056432797	11.26863246	11.24216042	7.794344098	-1.715927312	834.9725881	3.816854979	3.037093279	Halo383_Massive	19	0	8	8	0
0.143932146	-0.078895722	-0.115989661	-0.032223069	-5.564630357	-6.931831499	10.9399655	-1.54414357	735.0795863	3.556856871	5.317506563	Halo383_Massive	17	0	9	9	0
0.286446066	-0.068451584	0.249157329	-0.123638	3.679166233	-2.137907348	-11.02784622	-1.594562372	963.6819846	3.749021276	12.57367292	Halo383_Massive	21	1	11	11	0
0.394850696	-0.170430557	0.352106256	-0.053681297	-0.243408446	7.30883555	-13.12991637	-1.681702765	947.4836843	4.145319882	41.43227494	Halo383_Massive	21	1	12	12	0
0.286382686	-0.079520584	-0.220198382	-0.164936933	9.844229107	-6.273058437	2.549155325	-1.542919587	981.7750031	3.960466955	4.861533973	Halo383_Massive	21	1	13	13	0
0.032249044	0.030922239	-0.00225667	0.008872621	-3.35601171	9.991996766	10.82773777	-1.495122021	974.9351996	3.762684743	2.813549839	Halo383_Massive	21	1	14	14	0
0.250813589	-0.248106635	0.01208519	-0.034705941	15.4473638	-5.282157817	5.244607439	-1.546115956	984.4785144	3.680063338	2.005461493	Halo383_Massive	21	1	15	15	0
0.179565071	0.003017901	-0.176477507	0.033018121	-10.04216784	-5.635365314	5.016719423	-2.010373918	723.1474108	4.014747432	2.850727309	Halo383_Massive	17	0	16	16	0
0.695631931	-0.160615752	-0.562156975	-0.376942832	5.967232537	-0.834565785	16.53023976	-1.601704614	1001.710533	3.623678136	1.727815913	Halo383_Massive	22	1	17	17	0
0.15611825	-0.026315791	-0.127557661	-0.086078048	13.3086803	4.544732013	28.68188829	-1.690479509	987.9029494	3.691170011	1.928676892	Halo383_Massive	22	1	18	18	0
0.063810133	-0.01626631	-0.061231817	0.007602946	-6.608232067	-5.228833448	9.68561271	-1.770400457	727.8853835	4.380537602	2.467275052	Halo383_Massive	17	0	20	20	0
0.067960589	0.018641227	0.055125709	-0.035104166	8.955544976	6.172076315	34.0078606	-1.638054313	1063.431429	3.533153255	15.38370163	Halo383_Massive	23	1	21	21	0
1.449442004	0.781811924	1.001701938	0.697313033	-12.93400286	-10.60416467	-0.766756886	-1.814914478	1075.054746	3.895701814	5.55330654	Halo383_Massive	23	1	23	23	0
0.512109032	0.282117333	0.183157969	0.386158813	4.312646798	-5.655183735	24.10089029	-1.697672649	1038.477847	3.802526417	1.340238561	Halo383_Massive	23	1	24	24	0
0.488935012	0.167015561	0.352133408	0.295237721	4.739337479	18.50687645	-1.257981732	-1.538468743	1017.976466	4.01225273	10.65914829	Halo383_Massive	23	1	25	25	0
0.663776582	-0.551726501	-0.291540307	-0.226277415	-0.631416483	1.84347871	2.776202404	-1.652986235	1153.758801	3.791296436	5.632378423	Halo383_Massive	25	1	30	30	0
0.436337819	-0.267120452	-0.295213017	-0.17856828	-5.781229678	-0.520793502	1.144725	-1.550969584	1179.983331	3.81418455	4.782687248	Halo383_Massive	25	1	31	31	0
0.325028238	0.030069078	0.23803041	0.219273187	2.505041018	-4.36627372	-1.350341527	-1.694288466	1160.879814	3.730532998	10.18968939	Halo383_Massive	25	0	32	32	0
0.35629046	0.10466342	-0.280949287	-0.192499243	-13.90440259	-5.097803547	-12.14495881	-1.867379384	1122.1324	3.805159605	3.848720439	Halo383_Massive	25	0	35	35	0
0.504246072	-0.046203189	0.215783769	0.453394675	3.120320573	-1.831274801	-15.67913331	-1.721550247	1300.000548	3.805290541	7.174670907	Halo383_Massive	27	0	36	36	0
0.364354512	0.354480366	0.005410371	-0.084075013	-9.372988836	21.75634158	-2.270212238	-1.683104128	1227.827925	3.745221973	4.408348559	Halo383_Massive	27	1	37	37	0
0.252156435	-0.116058351	-0.211538228	-0.07324551	-15.26748038	-6.610500404	-5.495357727	-1.703751501	1071.524027	3.930936202	6.200305494	Halo383_Massive	23	1	38	38	0
0.321113071	-0.292601336	0.014977074	-0.131429638	-2.84581207	-24.29733672	10.01083693	-1.68579576	1202.341163	3.802244103	5.14542907	Halo383_Massive	26	0	39	39	0
0.489143512	0.001833267	-0.488940966	-0.013955147	0.592964432	12.25346505	2.750157028	-1.592940793	1269.647329	3.833211949	3.923696841	Halo383_Massive	27	1	40	40	0
0.456061513	-0.35711248	-0.264151516	-0.10337677	2.206128114	25.12019366	4.793452619	-1.498031097	1021.369558	3.695526874	4.960630965	Halo383_Massive	23	1	41	41	0
1.076167802	0.287911922	-0.7894268	-0.672346034	4.837669671	22.21707885	31.68282467	-1.628877324	1536.72961	3.918378085	4.255913902	Halo383_Massive	31	0	42	42	0
0.268481779	-0.021122354	0.195538318	0.182759618	9.461153106	-4.019095908	0.752726806	-1.544800254	1244.192339	3.672006764	4.247542913	Halo383_Massive	27	1	43	43	0
2.242176748	0.409105004	-1.821492772	-1.24183483	-10.5015753	-2.207709226	-2.750368202	-1.580405696	1549.58512	3.632186254	7.265253788	Halo383_Massive	32	0	44	44	0
2.447457633	0.43773842	-2.016749508	-1.315733774	-19.21068347	-8.133928116	-1.772086833	-1.620292492	1555.385178	3.851968845	4.429702391	Halo383_Massive	32	0	45	45	0
3.341716819	-2.906580742	-0.174880781	-1.639596415	16.84994455	2.891234794	36.40520193	-1.94205611	1526.592465	3.870943581	2.012531417	Halo383_Massive	31	0	46	46	0
4.006724366	-0.511554618	3.869744816	0.904006128	22.14715032	-46.3684427	-17.63945621	-1.623557982	1550.145149	3.828017749	17.97549556	Halo383_Massive	32	0	48	48	0
4.023591444	-0.559211369	3.872019621	0.940231252	20.58627631	-45.6989868	-17.10731995	-1.60135426	1556.448354	3.682512645	6.331913305	Halo383_Massive	32	0	49	49	0
0.771393015	0.421886145	0.582849053	-0.27811193	3.722028068	-26.62657447	-26.24719341	-1.530873817	1625.779468	3.96187561	4.12849722	Halo383_Massive	33	0	50	50	0
0.893437146	0.397762308	0.78414362	-0.158536629	7.42725727	-19.35474603	-25.3963284	-1.501287844	1640.316472	3.653797097	4.546423476	Halo383_Massive	33	0	51	51	0
0.687967866	0.305165333	0.518223269	-0.33409362	-4.00246361	-31.21238578	-2.899162324	-1.442535421	1624.45452	3.645621045	26.2863091	Halo383_Massive	33	0	53	53	0
0.417075857	0.295778706	0.070888411	0.285380555	15.88831684	-31.82853092	1.282297948	-1.531098324	1611.235953	3.891060457	20.50260668	Halo383_Massive	33	0	54	54	0
0.602637705	-0.160163951	-0.482300092	-0.323892472	-7.531124012	-30.7739502	-25.13424861	-1.751395223	1199.38927	3.879766595	16.58629707	Halo383_Massive	26	0	55	55	0
0.974309724	0.619526469	0.749482628	0.061173391	9.659424894	-0.842724994	18.32484196	-1.631771497	1090.82285	3.518691338	10.33592874	Halo383_Massive	24	1	56	56	0
0.299958829	-0.046826278	-0.037722769	0.293870025	10.71886756	-37.10549985	16.84548271	-1.511350111	1621.495696	3.709879439	26.62326735	Halo383_Massive	33	0	57	57	0
0.437770196	0.208958279	0.336157942	-0.187021443	-7.884491806	-37.16721548	4.739125707	-1.463577541	1620.063064	3.713444506	6.129216432	Halo383_Massive	33	0	58	58	0
0.356050632	0.176402926	0.27102394	-0.148996928	-7.945474914	-38.04850863	7.887318308	-1.464085216	1620.226887	3.871729515	15.37074962	Halo383_Massive	33	0	59	59	0
0.325952652	0.098895632	-0.010880036	0.310397182	14.69959175	-34.19094237	12.62937006	-1.484445919	1635.90392	3.765756991	14.62265474	Halo383_Massive	33	0	64	64	0
0.522981508	0.250945198	0.403427633	-0.218591652	-6.981010079	-36.02036118	2.242559012	-1.466234941	1620.518091	3.848063401	4.783176441	Halo383_Massive	33	0	65	65	0
0.127858523	-0.106507919	0.004533495	0.07059258	8.426178197	-20.98255535	25.85717589	-1.478005871	1665.144429	3.981813257	12.40984627	Halo383_Massive	34	0	66	66	0
0.545613559	-0.095562147	-0.486106918	0.228609045	10.27322082	-14.65871092	4.564391934	-1.616209983	1221.127921	3.543664392	8.678728282	Halo383_Massive	27	1	67	67	0
1.218540207	-0.145990561	-1.180436684	-0.264756922	-0.965434795	6.426518016	3.705973393	-1.381403907	1702.45209	3.634770186	10.8615196	Halo383_Massive	35	0	68	68	0
1.291110666	-0.108412265	-1.285697893	-0.046845056	26.52760238	-13.25402963	0.860359959	-1.361415223	1725.034526	3.75958779	7.79754681	Halo383_Massive	35	0	69	69	0
1.430495698	-0.246658909	-1.408448567	-0.041832511	19.76450702	-10.87473089	0.794217697	-1.47790367	1594.358911	3.873074525	23.86156757	Halo383_Massive	35	0	70	70	0
1.511404107	-0.155036776	-1.431615637	-0.459110706	-10.11419359	-5.622235613	10.75995201	-1.447488463	1702.812609	3.575636752	6.281847732	Halo383_Massive	35	0	71	71	0
0.712203256	0.256746529	0.397801776	-0.53204177	-5.885595193	-20.5169145	4.039592201	-1.431868429	1668.368582	3.911733961	3.757786527	Halo383_Massive	34	0	72	72	0
0.643417621	0.291232216	0.557776106	-0.134372047	7.037842377	-28.38003686	-23.92315798	-1.528004339	1630.091481	3.863690144	3.442210409	Halo383_Massive	33	0	73	73	0
1.512514056	-0.475868695	-1.430149318	-0.126177186	10.27234307	-14.42859264	8.749425809	-1.472462638	1688.505296	3.67528609	4.202024426	Halo383_Massive	35	0	76	76	0
1.13287078	-0.453452108	-1.010930205	-0.236214967	4.878361665	-3.59408649	9.239236684	-1.510812924	1679.623795	3.661445672	7.092034914	Halo383_Massive	35	0	77	77	0
0.851240834	0.370665084	0.637245656	-0.425601137	0.289154031	-3.153276915	-1.891592051	-1.460428877	1687.395035	3.777215831	1.786751974	Halo383_Massive	35	0	78	78	0
0.695489576	0.287237861	0.491609106	-0.399400362	-2.279748525	-6.231587152	-2.37471233	-1.428853957	1701.379248	3.883374954	2.771232452	Halo383_Massive	35	0	79	79	0
0.656178794	0.299380865	0.334008501	-0.478936351	-7.281644961	-7.003935403	-5.419642915	-1.479996953	1713.859181	4.044048157	2.848793754	Halo383_Massive	35	0	80	80	0
0.390361563	0.041837619	-0.020706147	-0.387560342	-0.484767318	-10.85240341	-7.53625036	-1.509490551	1727.475418	4.12215701	3.42647298	Halo383_Massive	35	0	81	81	0
0.515917703	-0.054173302	-0.294459889	-0.420154381	0.171720642	-6.979409042	5.297650533	-1.507350695	1699.786033	3.671910207	10.99540113	Halo383_Massive	35	0	82	82	0
2.282554081	0.987677946	2.035240725	-0.303875963	12.19672689	12.40226184	-8.108109827	-1.394207355	1731.984323	3.947611945	14.51006705	Halo383_Massive	35	0	83	83	0
2.78601997	0.619114008	-2.017956649	-1.818366322	-19.2175748	22.43212817	19.35128451	-1.716617577	1477.795879	3.791379426	8.117597465	Halo383_Massive	30	0	84	84	0
3.946049619	1.513970025	-3.625280176	-0.369521318	10.83832321	6.871750099	10.72394555	-2.3494572	957.1576667	3.986943559	6.40665233	Halo383_Massive	21	16	85	85	0
0.485806658	0.007333541	0.010703639	-0.48563336	2.680073174	-2.31456989	7.447604129	-1.461081305	1727.659503	3.712510147	8.041689785	Halo383_Massive	35	0	86	86	0
1.76091006	-0.353011007	-1.7095986	0.231214395	7.430970365	-9.398794534	9.354901079	-1.448377123	1709.350815	3.711448295	23.67736926	Halo383_Massive	35	0	87	87	0
1.773954379	-0.400361286	-1.702132836	0.298946126	5.663780016	-2.154272231	9.742986905	-1.400302782	1732.566562	4.367407507	2.926163593	Halo383_Massive	35	0	88	88	0
0.625570304	0.235019487	0.561892963	0.14275974	7.927160799	-28.68760143	-13.20012418	-1.523996224	1652.745876	3.828450693	5.119612094	Halo383_Massive	33	0	89	89	0
2.149896331	0.002204215	-2.149420467	-0.045177815	9.770123746	7.443356014	-2.421289565	-1.3544869	1754.542389	3.857787533	2.478674183	Halo383_Massive	36	0	90	90	0
2.388965347	-0.046199297	-2.38829763	0.032488175	16.5332471	8.169537765	-5.375855706	-1.445174761	1740.236117	3.879233367	3.405726798	Halo383_Massive	36	0	91	91	0
2.195233173	-0.038851199	-2.194377167	-0.047414285	14.35774665	-7.342383845	0.300321024	-1.337497431	1775.082117	3.621317817	2.661570966	Halo383_Massive	36	0	92	92	0
1.181824399	-0.185902128	-1.155461143	-0.164495764	14.85170568	-10.51773103	-3.433981342	-1.396032865	1718.830805	3.96747135	5.663719771	Halo383_Massive	35	0	93	93	0
2.154805978	-0.057308089	-2.152232993	-0.088304761	7.564910079	2.590703989	1.810437463	-1.316301397	1761.251788	3.964868095	17.43174115	Halo383_Massive	36	0	94	94	0
2.181220679	0.069305086	-2.176010113	-0.133792534	12.98131547	13.84101946	-7.825584212	-1.379224748	1749.150866	3.810551288	2.571962114	Halo383_Massive	36	0	95	95	0
2.213895235	0.083289001	-2.21077893	-0.082774251	9.327400018	9.708736337	-4.555602761	-1.365658202	1749.895608	3.819529529	1.373821713	Halo383_Massive	36	0	96	96	0
2.061120226	-0.073103775	-2.057707276	-0.09334446	7.565615754	-0.178765729	-3.43622416	-1.33742802	1762.320093	3.683987879	6.778993898	Halo383_Massive	36	0	97	97	0
1.196619961	-0.38365315	0.755001338	-0.845389007	-10.44849836	2.832977899	-19.40345316	-1.4514828	1737.846761	3.847300556	2.588758961	Halo383_Massive	35	0	99	99	0
2.846254708	0.715230857	-2.225345908	-1.624021637	-20.06643553	31.87470836	21.81799408	-1.724595528	1506.792111	3.840815423	5.51014474	Halo383_Massive	30	0	101	101	0
3.114950591	0.845522989	-2.202642558	-2.033807715	-13.34608643	11.85318323	18.01144844	-1.516711949	1511.871237	3.820433577	8.323337005	Halo383_Massive	30	0	102	102	0
2.43051233	1.164261906	2.111227404	0.307576416	5.911676249	5.772991386	-8.150165925	-1.461315397	1775.072954	4.032392532	4.310402239	Halo383_Massive	36	0	103	103	0
2.212605892	1.179573569	1.853292968	0.263697181	-2.115694582	-5.790369688	-5.305205635	-1.473746176	1753.809717	3.850227105	20.08329756	Halo383_Massive	36	0	104	104	0
1.805711917	0.61561875	1.655402038	0.375836634	-8.836784351	-12.23180681	-4.438019651	-1.448332954	1743.116107	3.765689804	2.307928398	Halo383_Massive	36	0	105	105	0
1.871956102	1.118042951	1.477898664	-0.264603757	-6.655823465	-3.502302195	0.761954531	-1.425784907	1749.454518	3.680800254	15.92613387	Halo383_Massive	36	0	106	106	0
2.276673265	1.28649445	1.858990547	0.268937411	3.667814377	-4.124126171	-4.375916679	-1.417536472	1758.357685	3.781862821	20.54149502	Halo383_Massive	36	0	107	107	0
1.576651258	-0.206867207	-1.559666976	0.102342928	9.744442167	22.53418442	-4.442915449	-1.323859655	1739.535346	3.774914114	3.759055796	Halo383_Massive	35	0	109	109	0
2.251435679	-0.086388122	-2.248756403	-0.06778162	4.526006964	-32.13721264	3.399076851	-1.473747706	1743.359033	3.771581938	5.30523222	Halo383_Massive	36	0	110	110	0
1.642150748	-0.377607725	-1.596627215	-0.069663637	12.31398829	-5.086337133	-0.703841107	-1.375924633	1704.605455	3.852405184	9.085975413	Halo383_Massive	35	0	111	111	0
2.321441077	1.095835387	2.038718923	0.178489864	-9.188238687	-2.711312012	-1.866621885	-1.472751872	1740.546417	3.797638874	15.4111122	Halo383_Massive	36	0	112	112	0
1.68208376	0.556187433	1.554647032	-0.321144701	10.74403962	15.47225614	-4.238676402	-1.527195128	1787.10484	3.775646571	5.585788827	Halo383_Massive	37	0	113	113	0
0.453476011	0.012575388	-0.02360512	-0.452686592	-8.544244039	-12.81169303	-4.429918893	-1.499894176	1720.292037	3.594442791	5.552028433	Halo383_Massive	35	0	115	115	0
3.853091012	-0.991476594	-3.715064373	-0.248155629	-5.076704877	-5.840136573	10.08664266	-1.359341545	1786.040223	3.84030356	2.810459109	Halo383_Massive	37	0	116	116	0
3.87945835	-1.146123171	-3.699218542	-0.22886885	-4.758695764	0.367633564	4.761040343	-1.383894971	1785.273966	3.890003714	7.997332384	Halo383_Massive	37	0	117	117	0
1.505156473	-0.675736849	-0.017250918	-1.344833865	-1.568669426	-3.256333588	-9.157830125	-1.444143199	1738.799731	3.478174275	11.78392633	Halo383_Massive	36	0	119	119	0
1.830074053	-0.580725175	-1.720202445	0.229853988	-10.92353213	-2.092370805	17.7944539	-1.472050783	1725.723977	3.841844521	7.585036815	Halo383_Massive	35	0	120	120	0
1.643188268	-0.48526187	-1.568013942	-0.076947254	-8.851741782	-1.178701276	7.954141154	-1.421834422	1732.185805	3.811770625	7.047463508	Halo383_Massive	35	0	121	121	0
0.440564456	-0.00233375	-0.185416802	-0.399640092	-6.617636737	-18.4812553	1.452825771	-1.508386695	1730.745566	3.433983564	12.96371938	Halo383_Massive	35	0	122	122	0
0.049687501	0.049458416	-0.003083047	0.003634232	-0.236647991	-1.729041485	-0.628184893	-2.422812018	561.0823548	3.701082002	36.89980474	Halo383_Massive	14	2	123	123	0
2.72839342	1.872826722	1.963744488	0.283475412	12.49082376	11.94820145	-20.64509584	-1.595473222	1843.455929	4.269760313	4.088238663	Halo383_Massive	38	0	124	124	0
0.899814596	0.176955245	0.792297901	0.388094298	-10.22367494	-7.065929344	-3.505469376	-1.474664749	1809.246444	3.755241455	3.71552829	Halo383_Massive	38	0	125	125	0
1.424259007	-0.224978935	-1.392779901	-0.195095728	0.15498023	-22.31519842	8.051673225	-1.461644949	1738.721621	4.350921596	3.28929225	Halo383_Massive	36	0	126	126	0
0.614454598	-0.332666096	-0.082440787	0.509991409	24.83118387	11.71306386	12.25653375	-1.45165302	1856.120269	3.922308276	24.34395905	Halo383_Massive	38	0	127	127	0
0.66922437	-0.575400852	-0.222138684	0.259671951	15.4286385	17.62089359	20.3298063	-1.43800815	1816.628126	3.711289251	20.93650111	Halo383_Massive	38	0	128	128	0
2.422504981	1.101809305	2.142923163	0.249853868	-5.728576154	-1.296600738	-3.116472554	-1.516302998	1739.682889	4.356483375	4.482127216	Halo383_Massive	36	0	129	129	0
0.357887164	0.114186078	0.159872916	0.299141125	-4.607153988	-10.83193878	-17.69458732	-1.416378153	1772.671761	3.625415281	12.38766626	Halo383_Massive	38	0	130	130	0
0.392173093	0.106770063	0.364266393	-0.098538739	-14.09282786	-26.10799545	3.773105315	-1.346088628	1887.868316	3.928630595	15.73434281	Halo383_Massive	39	0	132	132	0
0.958420824	0.224016695	0.899280505	0.244298114	-11.23291428	-7.606796253	-0.946812303	-1.492621736	1789.449863	3.503598592	20.24274909	Halo383_Massive	38	0	133	133	0
3.115285178	0.844566137	-2.202741593	-2.034610345	-13.48885455	11.56867818	18.32973697	-1.521547571	1511.946835	3.741142038	8.705373904	Halo383_Massive	30	0	134	134	0
1.895413617	-0.119630655	-1.886954492	0.132981314	10.10478338	7.957892331	-22.80904812	-1.455290516	1670.121486	3.627160691	14.54075198	Halo383_Massive	35	0	135	135	0
0.559355722	0.070481753	0.407697423	0.376422577	-6.16931028	-29.88829547	5.326002738	-1.415348734	1885.635572	3.696007667	15.8226991	Halo383_Massive	39	0	136	136	0
0.720648495	0.708475416	0.039228957	-0.125928263	-5.847778892	0.569882805	2.027894042	-1.494649234	1862.818976	3.698125642	4.771241892	Halo383_Massive	38	0	137	137	0
0.4928091	0.098062758	0.259251226	0.407471848	17.54932079	-4.852898342	-15.91143162	-1.38781662	1893.768749	3.845678299	5.388669868	Halo383_Massive	39	0	139	139	0
2.641765766	1.822086385	1.798755019	-0.650698046	-9.045598628	-24.58257614	-23.27015019	-1.574853904	1909.871026	3.602846817	3.916595354	Halo383_Massive	40	0	140	140	0
2.375284144	1.621775627	1.33999497	-1.102829117	-17.53634063	-22.36220816	-10.15095149	-1.554468344	1911.051492	3.730208502	3.627007075	Halo383_Massive	40	0	141	141	0
1.663543826	1.147811564	1.015880008	-0.64644759	-13.63770034	-18.74207838	0.621573038	-1.545648226	1899.376732	3.740447446	11.50295426	Halo383_Massive	40	0	142	142	0
1.539104495	1.019085471	0.987311382	-0.59625807	-18.6797526	-22.80850113	4.029761022	-1.525812198	1911.176307	3.821727961	21.57054089	Halo383_Massive	40	0	143	143	0
0.360251435	-0.037223999	0.095451966	-0.345375726	-17.32039259	-23.92633062	-10.09540155	-1.348674314	1902.50531	3.876664069	44.44943883	Halo383_Massive	40	0	144	144	0
0.496099075	-0.236654873	0.379936187	0.213909458	3.107127554	-14.24808215	1.369375044	-1.293673425	1923.418525	3.781410556	4.249658493	Halo383_Massive	40	0	145	145	0
2.621711349	0.978521851	2.398133298	0.405982843	0.555188433	18.23024257	-14.54280821	-1.383083682	1735.40316	3.975400419	5.722666468	Halo383_Massive	35	0	146	146	0
0.360429014	-0.096105264	-0.168305213	-0.303885188	-1.02938303	-21.78068245	-7.756083337	-1.328086825	1923.812335	3.835125802	3.280946639	Halo383_Massive	40	0	147	147	0
0.182486683	0.070480726	-0.032284997	0.1652015	11.54709344	0.571480709	-6.439294331	-1.26721744	1896.291141	3.830880775	4.203583094	Halo383_Massive	40	0	148	148	0
0.353310161	-0.27141039	0.225918035	-0.011203211	-32.46241043	-29.375235	19.70800582	-1.480187432	1875.334337	4.014051181	3.385881602	Halo383_Massive	39	0	149	149	0
1.695144773	1.120495454	1.260503265	0.170696392	7.821565651	4.610709414	1.057784881	-1.545271036	1776.697865	3.90439202	24.41136153	Halo383_Massive	37	0	150	150	0
1.409419094	1.174136796	-0.547148088	-0.555422304	-18.05409452	-24.87873048	4.735453395	-1.565464858	1982.482309	3.794107446	5.527846441	Halo383_Massive	41	0	153	153	0
2.22476337	1.863291324	1.041010519	-0.627705817	7.208997224	-23.13117231	-9.758258064	-1.657954304	1921.359453	3.651014934	5.112191348	Halo383_Massive	40	0	154	154	0
1.281900653	-0.482592382	-0.930060903	0.738485337	16.3430099	-16.89715426	-2.041832118	-1.418907356	1959.867716	3.759848981	10.8209113	Halo383_Massive	41	0	157	157	0
1.335987087	-0.937044409	-0.650136502	0.695795805	8.460503847	-13.74035134	2.545693212	-1.405963764	1951.064325	3.473930165	24.87054686	Halo383_Massive	41	0	158	158	0
1.388648779	-0.885034099	-0.69282725	0.815506271	9.180297818	-14.46760934	5.26455016	-1.411756441	1951.329798	4.014711919	1.859371915	Halo383_Massive	41	0	159	159	0
1.314278009	-0.786867034	-0.704762817	0.781969519	11.8418549	-14.58641743	2.965873899	-1.410494867	1953.413384	3.783877616	14.86528164	Halo383_Massive	41	0	160	160	0
1.383538209	-0.799542179	-0.733903864	0.858076569	11.52345235	-15.42184519	4.827166292	-1.415863108	1953.363891	3.792969455	7.732708682	Halo383_Massive	41	0	161	161	0
1.723949825	-1.28186077	-1.01817868	0.540507299	-15.82738792	-18.78577176	14.13299298	-1.375421131	1975.565079	3.897526623	15.34249369	Halo383_Massive	41	0	163	163	0
0.293610581	-0.005450907	-0.204423019	-0.210686236	4.033402251	-17.69655365	0.754147413	-1.313579886	1924.347375	3.763907909	2.9178555	Halo383_Massive	40	0	164	164	0
0.48898324	-0.322475046	-0.291880169	-0.223428783	4.096499293	-19.96427649	-1.155884801	-1.342457233	1903.398057	3.68007967	25.49217489	Halo383_Massive	40	0	165	165	0
0.736485619	-0.350739471	-0.630911336	0.146095094	-36.79443529	-18.58528051	15.37169974	-1.439062925	1930.047684	3.958248402	1.998666479	Halo383_Massive	41	0	167	167	0
0.396072738	-0.089938228	-0.341224236	-0.179863143	12.72819058	-20.12520407	4.560266432	-1.393768143	1897.135953	3.966410963	2.735937095	Halo383_Massive	40	0	168	168	0
2.735696638	0.993662375	2.548373736	0.049623407	10.06320684	19.70123864	-18.17621447	-1.416338521	1768.032053	3.733504264	6.844990852	Halo383_Massive	36	0	171	171	0
2.939815505	2.049986399	2.047380556	-0.498300943	1.397778524	-16.77839308	-19.65381072	-1.688987965	1916.97825	4.021449768	5.830922997	Halo383_Massive	40	0	176	176	0
2.224076997	0.821652643	2.043072657	0.311864615	3.362606991	20.45849198	-7.387288102	-1.5114447	1643.421795	3.730635607	7.064196187	Halo383_Massive	35	0	177	177	0
2.369389308	0.791360595	2.191469984	0.430364278	0.721741066	26.86716799	2.012669131	-1.392201806	1697.280327	3.94456726	4.079939462	Halo383_Massive	35	0	178	178	0
0.891247199	0.677679343	-0.344033655	-0.465524565	-29.50577841	-25.06230323	10.39340808	-1.577142779	1945.42828	3.755417309	30.97192916	Halo383_Massive	41	0	179	179	0
0.90751255	-0.894982356	-0.13185622	0.072107894	4.044741441	4.06820093	5.333748292	-1.255097289	1988.057204	3.635487893	17.33999274	Halo383_Massive	42	0	181	181	0
1.436107706	-0.914012137	-0.783445691	0.783070882	-1.798394171	-12.98106614	10.31182329	-1.44935953	1950.665873	3.732635751	12.1217751	Halo383_Massive	41	0	182	182	0
1.618488624	1.055151166	1.022649364	-0.678490766	-18.17331292	-19.14715712	-0.167995616	-1.541842445	1900.302159	3.711090175	35.78554485	Halo383_Massive	40	0	183	183	0
2.52853507	1.635745303	1.883396611	-0.413090923	-7.112886793	-22.47641529	-6.119380751	-1.58804005	1886.084092	3.976062121	3.149504214	Halo383_Massive	39	0	184	184	0
1.768657227	1.206749279	1.138165066	-0.613583609	-17.53857156	-33.04876813	0.238792483	-1.544348493	1916.717038	3.765443385	18.07981874	Halo383_Massive	40	0	185	185	0
1.717425224	1.299004511	0.974812159	-0.558460327	-20.28963122	-22.40332333	8.649586151	-1.5402386	1920.810154	4.178191343	4.114369084	Halo383_Massive	40	0	186	186	0
1.784226521	1.338535202	1.015236702	-0.600901182	-19.1152691	-19.88262219	1.189740956	-1.514346303	1927.096681	3.796016879	2.898002484	Halo383_Massive	40	0	187	187	0
1.786632298	1.342115767	1.016872749	-0.597285567	-19.17980095	-20.74221563	-0.014152815	-1.520625936	1926.828427	3.814286768	4.020019359	Halo383_Massive	40	0	188	188	0
1.081500908	0.312374768	-0.859744086	-0.57698035	3.368068914	6.320455314	2.54977669	-1.526472572	1533.399897	4.105469762	3.879911235	Halo383_Massive	31	0	191	191	0
0.433015407	-0.030655703	0.321287286	0.288681573	27.11486847	-18.59262406	-5.652581121	-1.206672955	2022.336273	3.805434322	21.70601033	Halo383_Massive	44	0	196	196	0
0.660307495	-0.383207755	0.481716374	0.238971002	15.08132805	-17.86004289	9.805135109	-1.224352754	1997.790364	4.18877733	2.121287084	Halo383_Massive	42	0	197	197	0
0.1940283	0.14412846	-0.124944915	0.035534999	-2.474567446	-1.406196126	18.45857226	-1.21348304	2037.573618	3.623133753	7.140668342	Halo383_Massive	45	0	198	198	0
1.564523987	1.252072137	0.76547328	-0.542311097	-23.90678877	-33.64461377	3.905856093	-1.407033025	1914.01009	3.966430921	3.742360035	Halo383_Massive	40	0	199	199	0
0.426533882	-0.317172207	-0.253526221	0.130603978	19.35640679	12.6175056	13.0705142	-1.303302848	2052.649484	4.066832743	6.595618649	Halo383_Massive	45	0	201	201	0
0.244505668	-0.06118666	0.235978138	0.018802463	-28.23313421	-28.39875202	8.396058236	-1.463087339	1893.272829	4.057734834	2.646437332	Halo383_Massive	39	0	203	203	0
0.491593416	0.000523953	-0.491422142	-0.012964945	0.641849745	12.14294361	2.164718845	-1.592642579	1269.911841	3.674558148	4.360061359	Halo383_Massive	27	1	204	204	0
2.242794345	0.983280836	1.994572204	0.29149099	-5.955628756	-4.401357742	-4.38277691	-1.383074332	1746.603064	4.239949799	5.062794698	Halo383_Massive	36	0	205	205	0

