Distance from Tangos Halo			x			y			z			vx			vy			vz			Mean [Fe/H]			Mean Tform			Total Stellar Mass			Half-light radius			Simulation			Output Number			Tangos Halo ID			Internal ID			Count ID			
kpc			kpc			kpc			kpc			km s**-1			km s**-1			km s**-1			dec			Myr			log10(msol)			pc			N/A			N/A			N/A			N/A			N/A			
0.2197439851920058          0.03545767663802137         -0.20669242823318942            -0.06563849714038278            -6.2675875391219895         -1.7930257758551609         -12.546906839062467         -1.8680114026845567         853.498116936012            3.864575637912512           4.146215145520816           Halo1459_fiducial_hires         00020           0           2           1           
0.10601663979653139         -0.0477868941198149         0.09323565767612375         0.016218902610186586            3.5898170690384528          -11.736013869031584         -6.835681409719573          -2.146560428969991          899.4173540757756           3.901189611146387           4.110308628441827           Halo1459_fiducial_hires         00021           0           3           2           
0.07896350450463631         0.06561835778242872         -0.0315840816049206         -0.03052723300119656            0.24652797797843032         9.278705515338228           6.000306204112821           -1.9030399217272176         929.2797161904183           4.366302693191952           2.728071634571014           Halo1459_fiducial_hires         00023           0           4           3           
0.6353325634264405          0.0698319932727957          -0.5461300662645737         -0.31703771003915227            3.468443727723016           -10.17692766506769          -2.0782788625779283         -1.9810072773157341         932.7290001495818           3.731801735001619           54.69109343454517           Halo1459_fiducial_hires         00023           0           5           4           
0.001683723914349454            0.0009723641700410164           0.0004349395205736073           0.0013039408557753113           -0.5746188349966068         -0.24450306089060803            -0.24860082162361813            -3.0985396375304797         456.8848402851183           3.5261072753657943          6.804358840660939           Halo1459_fiducial_hires         00015           2           6           5           
0.7993614414029573          0.5399719039908214          0.5859064911888016          -0.06420779145732272            -1.6081052601628223         -0.5965510774933659         1.519487989848115           -2.3607089080108064         1112.1417477250006          4.184525047369336           4.901637913925015           Halo1445_fiducial_hires         00021           0           2           8           
0.26076298604280557         -0.13057481633441884            0.09153817972665737         -0.20632090025314523            6.017360329093157           4.4157694424717455          -2.228459626447343          -2.633346315758318          1354.6472274602888          3.793025697457091           10.344024919556784          Halo600_fiducial_hires          00029           0           1           10          
0.09418354856250408         -0.0502154864164533         0.07967004409866521         -0.0012766429086199919          4.003722466254178           3.702198102414724           -1.3305851937343678         -3.041116484372395          1350.3691883599452          3.793873409395623           0.12109246404967318         Halo600_fiducial_hires          00029           0           2           11          
0.1639945007413853          -0.08205904785340105            0.06284838992356374         -0.1273208106435959         9.320672045880615           0.3658690054210732          4.36157337754645            -2.7355448341871758         1344.0970828994923          3.7994189046795146          1.0490291873746442          Halo600_fiducial_hires          00029           0           3           12          
0.041792246052382465            0.0256146323293003          0.026943923279573442            -0.019092077913166413           8.781877322340486           -2.242737763773426          -0.482638618326515          -2.364104800949378          1356.8682091759297          4.101074937453294           2.644984777674288           Halo600_fiducial_hires          00029           0           4           13          
0.011083879955456703            -0.0038456724241768825          -0.010394121530507932           0.00015948695181577932          0.2107915410623546          0.16744309631859405         0.4113429948968719          -2.598316636937965          562.8039329735569           3.8254840959415284          20.649361212500263          Halo600_fiducial_hires          00018           3           10          16          
0.160507910021143           0.03431821787887332         -0.12437399018700879            0.09547858223729366         1.0544857588085867          6.9949709555546065          2.9530141203980245          -2.038905837547022          657.5256539582758           4.017940531298374           3.7366004695185846          Halo624_fiducial_hires          00017           0           2           18          
0.20002796080590665         0.059273594371734364            -0.17567981595693255            0.07506282954675952         6.296500672712073           -2.9538904960098282         2.807674681210776           -2.5869455756908244         646.9892682535445           4.441764945608911           1.2440246366159757          Halo624_fiducial_hires          00017           0           4           21          
0.3314952258390288          -0.27773638517568805            0.16961495463699197         -0.06310588139785978            -5.021242140249188          -2.4879639474351087         -2.621814918819115          -2.324622696888548          802.8328433107989           3.608814886252702           4.078892414957608           Halo624_fiducial_hires          00022           1           5           22          
0.2652692678596471          -0.25726351004347564            0.041694732879372726            -0.04944512231622866            -1.5047814562435056         -3.137210507681876          -3.8713617896688266         -2.4742467771596677         769.6649339379146           3.532427169251471           0.7980120992444142          Halo624_fiducial_hires          00021           1           6           23          
0.34973426847026073         -0.321569845946063          0.08444436467198102         -0.10851747322794836            7.554308000617993           -4.948833379812821          -2.7457794819418897         -2.512524163318508          743.4764511604504           3.4852283754654274          0.4993930754397062          Halo624_fiducial_hires          00021           1           7           24          
0.44839968587220036         0.35378799218442836         -0.27532303406532527            -0.009672734352420775           6.927279027097198           -5.514568717376924          -0.6241698286011516         -2.251271215922067          1253.19708717787            4.178349666491957           13.132812478723691          Halo624_fiducial_hires          00032           0           8           25          
0.3353087769641938          -0.019809863871420964           0.31438152460818686         -0.11490779863875442            -0.7828442238725292         15.454760289590205          1.0900705710965495          -1.9886827019282736         908.508626834191            4.175296134295727           5.51701637250006            Halo624_fiducial_hires          00025           0           9           26          
0.003506002842016582            -3.2718517826177283e-05         -0.0028233548712646357          0.002078377419810868            -0.4407306974767536         -7.505979646050836          5.150674471819196           -2.5390486717992986         524.7436171506769           4.317664701148607           7.420816820186296           Halo624_fiducial_hires          00030           2           10          27          
0.005057737987300145            0.0032318741330527702           0.0038159900475875476           0.0007575771265692311           -0.6598600296386485         -0.49337611475692267            -0.12471383328410468            -2.3736594157284587         11094.765998418177          3.3246013844756703          6.530911928850233           Halo624_fiducial_hires          00118           0           15          28          
0.05452223781748437         -0.03888392800212159            -0.03794535943549446            0.004567740913738693            1.0125081736940182          7.481717696024713           -8.766436677259595          -2.305974957235834          747.1925459010364           4.418117396538981           0.6730150423361926          Halo605_fiducial_hires          00019           0           4           29          
0.291341642533739           -0.03798405085572654            -0.19141577849791247            0.2163265224072859          -0.14579086635563107            6.664263534783615           2.7650189373702148          -1.947249753587682          770.4518842088048           3.63349726104091            4.23227567610603            Halo605_fiducial_hires          00020           0           5           30          
0.21250824213891792         -0.008900972398867618           0.21196441138853184         0.012313162542733897            6.4452812413391545          16.4433927569018            -9.585123426678345          -2.6146706266932003         609.0863881928112           3.735482217238043           7.459251979797073           Halo605_fiducial_hires          00019           0           6           31          
0.1866114419064468          0.06843652013098368         0.16400385924926014         -0.05694740656200728            3.4939173036198814          1.5071544322841326          2.5875983303511307          -1.8575868165572191         756.4147468743427           3.959201590529981           2.9632547788169883          Halo605_fiducial_hires          00020           0           7           32          
0.11298225164340113         0.06137569231573252         0.07341907219692985         -0.06006374461157975            -14.677758524908288         -5.916432175824649          -6.100815237327938          -2.1058833023283956         755.4490212329704           3.4083655914109126          5.478977585011141           Halo605_fiducial_hires          00020           0           8           33          
0.3701234242518929          0.15878170815659057         0.32758082918667547         -0.06686193748212949            -3.397199497997303          7.254669993532091           -1.0428769676777234         -2.1327909466204806         763.5207974866594           4.308648577227345           3.787791067658782           Halo605_fiducial_hires          00020           0           13          34          
0.285241755581084           0.07739938678428557         0.2659551541353328          -0.06811791277919296            -2.342428185261059          2.4066024740510827          -0.8563852915601572         -2.012649835933241          762.0549362122089           3.989107440628902           14.245575006066614          Halo605_fiducial_hires          00020           0           12          35          
0.25196126306178646         0.041904035427210475            0.2401541120767336          -0.06367520986405648            2.2786720607666076          2.576434481370877           1.910222531322032           -1.9994756823612667         758.4665647676753           4.167292427085181           4.431597538548899           Halo605_fiducial_hires          00020           0           16          36          
0.06341258283959275         -0.04951037071751111            -0.034733203133555435           0.019065242035577076            2.3747284824420998          5.873503780732709           -11.198817033157326         -2.3032329645064955         748.0989564509259           3.8888500520180482          2.9118627635265804          Halo605_fiducial_hires          00019           0           9           38          
0.055094745098435226            0.0268473514081803          -0.04498765954276283            -0.017051719817335772           -13.564770225826077         -10.848590628313703         -4.492202231013389          -2.1484732363859083         758.2517529606986           3.780911484267565           1.1315565913052812          Halo605_fiducial_hires          00020           0           11          39          
0.2539844578939335          0.047621203527582756            0.22370865635856022         -0.11042990037324618            -11.751607366956046         -3.9621954489255207         -7.76019859299541           -2.069699571251912          759.9144043309702           3.6579952001997347          2.28157737422285            Halo605_fiducial_hires          00020           0           17          40          
0.48206888278824805         0.22831414587290055         0.42295086804324455         -0.037089375407224276           -2.065898980961479          2.5038665969315255          -1.106214994784555          -2.8172260538164786         337.55918515052593          3.483523910793866           16.83790404727902           Halo605_fiducial_hires          00020           0           18          41          
2.037870156132269           0.28383400683753734         -1.9555643636378233         0.49811750570105623         -8.896268253605188          36.01303592555455           0.9503798540142122          -2.3979831455719136         637.5386262954809           4.102774046560154           6.975362129597751           Halo605_fiducial_hires          00026           0           20          43          
0.14008813023788327         -0.10376142436624984            0.052026556908894385            0.07843142497241236         -4.852759269447177          54.938807906387915          -5.772872174425032          -1.9290492360840075         1064.4622509296405          3.782871901740649           15.446212506971108          Halo605_fiducial_hires          00027           0           21          44          
0.37313791533907475         -0.18705439112325525            0.2344381795641024          0.22199391565381552         0.6636062266402147          3.2898873385020333          -11.804311387100492         -1.6283357151724556         1177.9410764024258          3.6874625977565705          11.322152602832768          Halo605_fiducial_hires          00029           0           23          46          
0.5054524314615365          -0.20714965124724669            0.17014268421127615         0.42851213456453313         5.1654849897443365          4.807744008691847           -1.73638283660683           -1.6503280476145792         1201.336835189589           3.804931649856264           8.28335189738933            Halo605_fiducial_hires          00029           0           24          47          
0.27521163612479005         -0.19643075444446367            0.18442244344591277         0.05607821074486959         3.2775008560442567          7.113355067543422           -11.276412018851056         -1.6599528613769239         1072.6819300679051          3.5657349073222684          10.220518522360006          Halo605_fiducial_hires          00028           0           25          48          
0.504622122587083           0.08338898784901781         0.183353709856965           -0.4626782687701658         1.633875240089779           -32.014135657370794         8.542885588604541           -1.6755683409193844         1271.4832330924282          3.5765577679329628          10.925888194074924          Halo605_fiducial_hires          00031           0           27          51          
0.719378502178158           -0.1473919806048798         0.5141083743373576          -0.48111704697037244            -3.0901913902032363         -17.869512205909107         19.08566540980336           -1.6196197255431701         1312.182340297803           3.694517467012381           3.6385259721000245          Halo605_fiducial_hires          00031           0           28          52          
1.255370216558403           -0.20574539962854033            1.0017507162304051          -0.7280925172569671         -0.38237786815658414            -14.126113979836378         12.531407046801244          -1.6922054367325978         1304.4892530601148          3.6116109550485342          24.09991502580995           Halo605_fiducial_hires          00031           0           29          53          
1.8410802403879079          0.2412657218028471          -1.3165136119495764         1.264183219547067           -3.031505041887804          5.777410031328888           -7.9445974627439035         -2.7185500434270855         478.85000481719646          3.7637304964390945          18.923788587821022          Halo605_fiducial_hires          00026           0           26          54          
0.5020065480472111          -0.1322090415178031         0.43224613642637955         -0.21839098233865822            -1.1857693591100655         -19.321098779939895         18.83006026475799           -1.621998296908809          1320.9267437686535          3.732064821750675           5.469372028117432           Halo605_fiducial_hires          00032           0           30          55          
0.4624646587497121          0.08213534944307437         -0.40427644252950384            0.20901651365243437         -0.46216801733021534            -28.573577643045013         6.669859507488724           -1.683784873776164          1324.0432906533208          3.6742869484430116          27.694592818733145          Halo605_fiducial_hires          00033           0           31          56          
0.8090354597354682          0.04696879207334431         -0.6468617369437197         0.483634367015892           -3.396602448813899          -7.84885291451802           10.511957202137392          -1.6320965248047024         1347.2532999848768          3.6391677703222274          27.08112093689343           Halo605_fiducial_hires          00033           0           32          57          
0.6652416219609787          -0.007662319123215531           -0.4761346638302605         0.46452501154780135         -5.358391137734651          3.622713980920624           0.8129824285575917          -1.6106573054751785         1333.7960954758446          3.6304453710731313          12.933606707191235          Halo605_fiducial_hires          00033           0           33          58          
0.35847826733463084         0.05887422564218367         0.07421685023604772         -0.3457345120859322         -1.9018677025131412         5.246188714065327           -12.374521993979846         -1.5978125786535933         1337.0970600228711          3.6542687142916823          7.9529602599996         Halo605_fiducial_hires          00033           0           34          59          
0.39317811953610715         -0.2098900515031132         0.26738563866932535         0.19758572872299685         0.4531245114222848          4.091381482781593           -12.161496196866636         -1.6369012850638829         1177.609361005345           3.633771094925121           84.25465405177613           Halo605_fiducial_hires          00029           0           35          60          
0.30781486419572324         -0.015802729233923053           0.062091961635690265            0.3010728361526822          9.218313955624295           1.2421179404332734          5.591497025420874           -1.4380460303765885         1526.295780581578           4.18289220224502            2.086646074899575           Halo605_fiducial_hires          00035           0           36          61          
0.015450023560138278            -0.011295183359944248           0.001555190806059194            0.010426094304358261            -0.530353386849726          0.0915476484983001          0.6661371669259983          -2.6592775424978012         563.3528418450323           3.9248706437883403          21.7184836035841            Halo605_fiducial_hires          00014           8           38          62          
0.3780235919485893          0.12974285284575593         0.0976630561586005          0.3413657212840126          8.182441900516306           -0.06376501435255406            -5.165501134908839          -1.4464987184885276         1528.1568480633912          3.801399888804709           6.8693556712970025          Halo605_fiducial_hires          00036           0           40          63          
0.010033039855765953            -0.007593121394938862           0.00655181939475824         0.00028294673193158816          0.07042334214795105         0.7303765150707664          0.4623088942769571          -2.8330987565902825         959.9782637019565           3.704956979524979           7.837710483777407           Halo605_fiducial_hires          00025           1           39          64          
0.1980171283895148          -0.07101905851998579            -0.1593097188481027         -0.09374161265545158            5.082765826985374           -6.543771405699334          24.560218584888702          -1.4961175351725462         1530.5510223941378          3.8824787753252905          3.8614765787669016          Halo605_fiducial_hires          00036           0           45          66          
0.3690240925059818          0.15868186848512358         0.3261396148730525          -0.06805730728221814            -3.073355908621579          7.042405413128007           -1.9885342653254925         -2.107039372440086          763.8685134612341           3.55759144850858            3.664127048049642           Halo605_fiducial_hires          00020           0           47          68          
