Distance from Tangos Halo           x           y           z           vx          vy          vz          Mean [Fe/H]         Mean Tform          Total Stellar Mass          Half-light radius           Simulation          Output Number           Tangos Halo ID          Internal ID         Count ID            
kpc         kpc         kpc         kpc         km s**-1            km s**-1            km s**-1            dec         Myr         log10   (msol)          pc          N/A         N/A         N/A         N/A         N/A         
4.804264885499771           -0.4000981021857152         -3.8245748820621133         -2.8798454073390296         -14.26090692250762          25.610605239668633          4.241728055757762           -2.5384079356173723         848.153962424629            4.332914062189806           7.398397463248238           Halo383_fiducial_early          00020           0           4           4                       
0.15193821404648888         -0.08594336204916024            0.10142290185318156         -0.07356870521537726            -2.950218221060042          -4.209119295776454          -9.08733407511066           -1.868067573080193          759.9616644320615           3.8571948667947433          4.234521184951302           Halo383_fiducial_early          00019           0           7           7           
1.2837600622740197          0.0671871075829434          0.9874662399264196          0.8175794854746906          -0.939680804237342          -5.999441451697799          1.4137621416445534          -2.03067487520193           1092.403039610227           4.130499380967931           24.272617058291537          Halo383_fiducial_early          00024           0           10          10                              
4.188187580529859           -0.7749535332507852         -3.026537465447859          -2.789342790200875          -2.814102101891999          15.32524492245822           5.5276993001112595          -2.4831152350615233         854.9528677845062           3.965413012196786           3.663384047695268           Halo383_fiducial_early          00021           0           13          13          
4.958695730309094           -0.3853497307132341         -3.9631185509142832         -2.955310522131022          -11.113695715635243         7.0531332681791605          -3.9848892053378315         -2.5184418168683407         833.6425341789048           4.015206122408521           2.935317339484768           Halo383_fiducial_early          00020           0           14          14          
0.8193263732741245          0.2885873756185021          0.4188274384287803          0.6423368348417816          15.931649109718167          -1.1597179975967733         15.279496352709943          -1.6210201882072717         1095.2808268530646          3.948794967204028           3.916971903736109           Halo383_fiducial_early          00024           0           15          15          
4.686381420507558           -0.5003418603253295         -3.5801908058402545         -2.982291507391119          -2.927484552717275          0.5901189831914089          -0.9627234747119138         -2.3133459611380465         873.6831701991614           4.022445277686898           3.660434761918995           Halo383_fiducial_early          00021           0           16          16          
0.13603018883088913         0.12818548228801774         0.04527641911675216         0.004768676526022578            -19.38167828558559          1.249558683417657           -3.933583252862159          -1.6723897791764635         1100.2261326180635          3.622361076770141           3.2099993393774         Halo383_fiducial_early          00024           0           17          17              
1.261788537888228           0.06527883212966117         0.885827165666592           0.8961915091033689          1.6090904558144934          0.7570911369198026          11.39397177240796           -1.810371820774324          1097.6749381690179          3.770315114224272           4.675726606409067           Halo383_fiducial_early          00024           0           20          20          
1.251910793778147           0.13500343981125368         0.9064777641815104          0.8528497932593907          3.2701126770625497          3.4469739209132464          2.35115540942275            -2.0969209839189897         1071.171223574277           3.844275106397851           23.515956311368747          Halo383_fiducial_early          00024           0           21          21          
1.240184927691668           0.13889861875361223         0.8375786594316398          0.9040065363966379          1.6532530895838642          -5.211980748519917          11.30054780874446           -1.8910811581824323         1099.8235034901309          4.125925083570231           4.522048308035025           Halo383_fiducial_early          00025           0           22          22          
0.5109703314951562          0.21616473855339147         0.24476030449575834         0.39300875157895493         17.385865339632876          -8.155246565293318          4.348059175201261           -1.7448288303958885         1091.4939614184477          3.9351289975355264          8.219693669991717           Halo383_fiducial_early          00024           0           23          23          
0.23535818119490207         0.22468071452967056         -0.045841080849738446           0.05301551923763067         -6.251003535224371          6.520276207758528           -4.656131936038895          -1.574703362448929          1277.0483627214228          3.8731163594934443          17.882712240474557          Halo383_fiducial_early          00028           0           31          31          
0.03321740169216509         -0.010293594585586366           0.029213999781956903            -0.01199916257298485            3.0166372480449195          -15.322313770491851         -13.47675005408839          -1.9104176516842555         748.5518866700662           3.9097254097439604          3.2418639156327846          Halo383_fiducial_early          00018           0           32          32          
1.2814251359206672          0.13068872629544614         0.9339973679990834          0.8675366000115048          0.6944303582378023          2.925407249152512           7.704842759912283           -2.0187769309274235         1094.9664126203638          3.9664646974193216          5.508669622524992           Halo383_fiducial_early          00024           0           37          37          
3.4287627722242715          0.1911047228153464          -3.0968732295004884         -1.4592016082477528         5.302192395081217           41.78617007293175           23.421847441125728          -2.296750787425739          951.2107102558805           4.225612350770788           12.979277415119169          Halo383_fiducial_early          00022           0           40          40          
1.3316841538303628          0.06812704767403943         -0.916628653577277          -0.9636043287474081         -13.240669320378586         10.997243923917129          4.407736157079597           -1.6609846438904756         1532.142702522383           3.9525166433511965          15.827040751995753          Halo383_fiducial_early          00032           0           43          43          
0.09203685936706849         0.08977172669626592         -0.00290323914140679            0.020084615272119608            -0.8461046460915831         0.5164394232306188          0.777819647598032           -3.5891735627921184         657.2652046120705           3.9328255984423404          3.210304878637154           Halo383_fiducial_early          00017           5           45          45          
0.5472689467838149          0.5162440513237303          -0.00011273794634211012         0.18164626854554386         1.9332149928339806          -1.7022958772427703         5.217325723263331           -1.8390306189689698         1182.6605446411577          3.7172904183536373          2.845512145335545           Halo383_fiducial_early          00026           1           47          47          
1.0902464457275318          1.0411867020721388          -0.3213564168190146         0.03602245437946294         3.0783238878280352          -2.9231570719171467         6.334107011681882           -1.973343672208066          1191.275371038193           3.6616774903802303          4.390896803829139           Halo383_fiducial_early          00026           1           48          48          
0.6347352919230803          0.5866354511121775          0.06775999474397547         0.2327151078516939          -9.563233019379354          -7.821258103267567          1.610818008973674           -1.849123242053116          1178.736134036408           3.834264945145614           12.091901273002723          Halo383_fiducial_early          00026           1           49          49          
1.1283028833674966          1.0364300436721936          -0.42392613485464736            0.13844418867136352         4.096170182648421           -5.165845758041841          10.308721258523253          -1.885167903516514          1200.0755000266267          3.893184559701698           3.0581636912480583          Halo383_fiducial_early          00027           1           50          50          
0.5661231834633014          0.17864689238067513         0.2823193569251089          0.45703011651574865         -9.753001939836102          -3.763835102813131          -2.0379409864671483         -1.7900196513917415         1179.80021825092            3.9866537669295763          4.4081568707306475          Halo383_fiducial_early          00026           1           51          51          
0.47759450294123595         0.170341278581418           0.24818665267946471         0.3707880034231721          -9.803675851175855          -3.642522768554496          -5.909374571725055          -1.8091857766710469         1181.5916935953135          3.8124247891687433          3.0565435846714197          Halo383_fiducial_early          00026           1           52          52          
1.190758520820962           1.1119400053369999          0.40595534630437113         0.1292112078935083          7.890785174995639           3.933265783186462           -2.4923087834448894         -2.234558526916632          889.6909812934954           4.400074868964545           5.68258858171087            Halo383_fiducial_early          00021           1           53          53          
0.25652053563378496         0.039377404017614026            -0.23361613131341333            0.0983651790247244          11.377767746826578          12.82464406846692           13.390981927576595          -1.934097225639204          1020.9849279968158          3.6807226011744314          7.204828296585384           Halo383_fiducial_early          00026           1           56          56          
0.18980656874227772         0.0006687345585305593           -0.1886670297311639         0.02075664290506059         -6.239273332199869          8.590332013514715           4.159527719941725           -1.369647784541586          2105.210482787524           3.81983729304853            3.0781026792226562          Halo383_fiducial_early          00040           0           58          58          
0.10353738278034515         0.057462915372739454            -0.0480317906861755         0.07149090902633308         7.174158504684817           -7.150281270035489          5.820640462503114           -1.3830002352568063         2091.850649132419           4.341860164840819           3.725175891623347           Halo383_fiducial_early          00040           0           59          59          
0.5089455126259392          0.13720003437907402         -0.4460703453837328         0.20303431325571772         0.43604461797222244         13.057818242948617          2.881941402250093           -1.5140562315564894         2086.8881787554055          3.629303358932467           2.6918230194070225          Halo383_fiducial_early          00040           0           61          61          
1.4311458224000224          0.10103275471112931         1.1052621687649815          0.9035299030716194          -1.8707850876638            3.403388663298726           3.651099768534683           -2.2129113721185414         1082.0131831229903          4.198872605002341           5.317930978264401           Halo383_fiducial_early          00024           0           63          63          
0.3267063513128316          0.054577151220616106            -0.32208531896515563            -0.004407023924020747           12.88094171694237           -30.487082313266207         -10.292841471086987         -1.5682005828292815         2288.4055465868805          3.762159570389284           19.86765462092838           Halo383_fiducial_early          00046           0           66          66          
3.271316897892295           0.1805560788574266          -2.9549496344456245         -1.3918284401134293         4.832502656148456           39.45399536740115           22.262231698403077          -2.2233636148596285         942.1506236758638           3.737230207374004           16.06238401452131           Halo383_fiducial_early          00022           0           67          67                      
1.4307567551690321          0.10268649619103598         1.1049056609276704          0.9031632501449167          -1.6271751344677077         3.107959471097839           3.8751130794458994          -2.207571285771477          1081.9905942691732          3.8288403218742335          5.814310670531224           Halo383_fiducial_early          00024           0           75          75          
1.1338591707873755          1.1117745332291942          -0.21940892210950105            -0.03812782894294106            -6.302450863970076          -5.071096717993869          7.368781514295436           -1.981413184283467          1177.8662730672554          5.304246295500665           10.300596519426122          Halo383_fiducial_early          00026           1           999         999       
