0.000000000000000000e+00 2.445511244674699380e+00 1.000000000000000000e+00
1.391371795185176452e-01 2.445511244674699380e+00 1.000000000000000000e+00
1.950225869538533274e-01 2.264307167665019715e+00 1.000000000000000000e+00
2.545067533007486782e-01 1.994311244790269333e+00 1.000000000000000000e+00
3.206448661339347250e-01 1.647651008103602432e+00 1.000000000000000000e+00
3.917280481286812277e-01 1.306683243545589512e+00 1.000000000000000000e+00
4.674029029241318911e-01 1.058220032587839476e+00 1.000000000000000000e+00
4.993786789288895966e-01 9.937818547376126022e-01 1.000000000000000000e+00
5.473632639791078391e-01 9.313582634444468322e-01 1.000000000000000000e+00
5.639126807131166208e-01 9.169281201514878354e-01 1.000000000000000000e+00
6.314878950872738761e-01 8.757413406945162571e-01 1.000000000000000000e+00
6.826287124183020305e-01 8.488907494747230942e-01 1.000000000000000000e+00
7.193243270821154667e-01 8.274996980443317662e-01 1.000000000000000000e+00
7.393851958683687053e-01 8.148647887509076204e-01 1.000000000000000000e+00
1.257907763371266308e+00 5.994827224453829206e-01 7.500000000000000000e-01
1.430452820307091422e+00 4.963791023890369858e-01 5.000000000000000000e-01
1.544159498177305023e+00 5.015342068418958688e-01 5.000000000000000000e-01
1.660629107339572474e+00 5.082614534196129297e-01 5.000000000000000000e-01
1.779785923897407862e+00 5.156231383672610358e-01 5.000000000000000000e-01
1.901440018054818992e+00 5.191531888838049058e-01 5.000000000000000000e-01
2.025509031199841381e+00 5.199643124071126055e-01 5.000000000000000000e-01
2.100418689162165897e+00 5.201112239045659891e-01 5.000000000000000000e-01
2.152080852110367815e+00 5.203276593465114841e-01 5.000000000000000000e-01
2.281012106217338076e+00 5.207908846055263608e-01 5.000000000000000000e-01
2.411766464653963382e+00 5.188217338223474195e-01 5.000000000000000000e-01
2.545262697514227845e+00 5.156354406267491530e-01 5.000000000000000000e-01
2.680653441564358364e+00 5.142391863508074534e-01 5.000000000000000000e-01
2.817779978987036138e+00 5.152386667042179180e-01 5.000000000000000000e-01
2.956465984844926620e+00 5.201205439948799469e-01 5.000000000000000000e-01
3.097418370360700557e+00 5.291198730189355937e-01 5.000000000000000000e-01
3.183211857057670180e+00 5.307578068226563861e-01 5.000000000000000000e-01
3.240416847947115375e+00 5.286744569715366993e-01 5.000000000000000000e-01
3.384386947265271228e+00 5.165076750304954389e-01 5.000000000000000000e-01
3.530568877879641576e+00 5.098110677618952202e-01 5.000000000000000000e-01
3.677929247236751742e+00 5.179854184879879586e-01 5.000000000000000000e-01
3.826909105921095566e+00 5.328828483541584449e-01 5.000000000000000000e-01
3.977262221702718037e+00 5.353733825435659233e-01 5.000000000000000000e-01
4.129167273171224117e+00 5.340803047660408476e-01 5.000000000000000000e-01
4.282348097676146992e+00 5.319407267087205016e-01 5.000000000000000000e-01
4.437025362835096409e+00 5.264649039988641421e-01 5.000000000000000000e-01
4.592611021324593423e+00 5.276110265846931657e-01 5.000000000000000000e-01
4.673830585222153999e+00 5.297955782366341460e-01 5.000000000000000000e-01
4.749046132990666358e+00 5.320946071727202797e-01 5.000000000000000000e-01
4.905782103798302707e+00 5.383786157418144480e-01 5.000000000000000000e-01
5.064775974095359956e+00 5.420050940601662814e-01 5.000000000000000000e-01
5.223388147550688032e+00 5.416932485341924286e-01 5.000000000000000000e-01
5.383711942490517544e+00 5.378732573599693811e-01 5.000000000000000000e-01
5.544217954555157313e+00 5.333276914103830535e-01 5.000000000000000000e-01
5.705190172620175915e+00 5.322037457321994181e-01 5.000000000000000000e-01
5.867476326794692554e+00 5.333768889045878980e-01 5.000000000000000000e-01
6.030077925061599231e+00 5.364852254234633300e-01 5.000000000000000000e-01
6.192842821820464749e+00 5.366479455818569111e-01 5.000000000000000000e-01
6.234382744886509897e+00 5.357330713315355819e-01 5.000000000000000000e-01
6.356339571573941249e+00 5.323449294890816308e-01 5.000000000000000000e-01
6.520691943557422654e+00 5.304997587204592913e-01 5.000000000000000000e-01
6.684562016711914190e+00 5.264995431994113906e-01 5.000000000000000000e-01
6.849548635958284670e+00 5.243219262246786583e-01 5.000000000000000000e-01
7.014214907138436317e+00 5.283681628446486034e-01 5.000000000000000000e-01
7.178856422749799293e+00 5.316535972877391991e-01 5.000000000000000000e-01
7.344690372861830241e+00 5.360122577523394050e-01 5.000000000000000000e-01
7.509088552772303693e+00 5.392918913787198010e-01 5.000000000000000000e-01
7.674244167362161306e+00 5.388135674617221538e-01 5.000000000000000000e-01
7.706505945514551925e+00 5.387598889516892475e-01 5.000000000000000000e-01
7.839334792415646014e+00 5.392667223802630749e-01 5.000000000000000000e-01
8.004309014879805062e+00 5.380964455210236475e-01 5.000000000000000000e-01
8.170052219290630191e+00 5.377583458091246271e-01 5.000000000000000000e-01
8.334205781609533403e+00 5.402326552819859407e-01 5.000000000000000000e-01
8.498955729932141878e+00 5.405138969143858940e-01 5.000000000000000000e-01
8.663291587383310954e+00 5.357293590898378755e-01 5.000000000000000000e-01
8.828929674503820380e+00 5.351247524057195504e-01 5.000000000000000000e-01
8.991841393879044020e+00 5.354716641277887934e-01 5.000000000000000000e-01
9.110382358529445668e+00 5.360110089800835809e-01 5.000000000000000000e-01
9.155302400239270000e+00 5.362001257940911536e-01 5.000000000000000000e-01
9.318423188619341602e+00 5.355885651224127075e-01 5.000000000000000000e-01
9.481173716574035737e+00 5.354866668370903415e-01 5.000000000000000000e-01
9.644190815464618538e+00 5.367830012790746341e-01 5.000000000000000000e-01
9.805524187354969001e+00 5.359628184877414103e-01 5.000000000000000000e-01
9.968150489908529366e+00 5.369291127582090928e-01 5.000000000000000000e-01
1.013167508945477202e+01 5.374550958823696156e-01 5.000000000000000000e-01
1.029058396140795395e+01 5.361076140709092330e-01 5.000000000000000000e-01
1.044883360447014553e+01 5.337279402864073541e-01 5.000000000000000000e-01
1.060785588577129879e+01 5.321488448415925276e-01 5.000000000000000000e-01
1.076816423087360697e+01 5.315221993072533069e-01 5.000000000000000000e-01
1.092555112868294742e+01 5.332672212875497753e-01 5.000000000000000000e-01
1.108305463504244237e+01 5.354410643378617607e-01 5.000000000000000000e-01
1.121756669442734911e+01 5.351955896365853116e-01 5.000000000000000000e-01
1.123985743028177531e+01 5.349383187281380181e-01 5.000000000000000000e-01
1.139656536794201536e+01 5.334590031546657674e-01 5.000000000000000000e-01
1.155208774878045475e+01 5.333598803317025627e-01 5.000000000000000000e-01
1.170674134697055280e+01 5.329695301022635556e-01 5.000000000000000000e-01
1.186092116192996926e+01 5.327835748193131549e-01 5.000000000000000000e-01
1.201461901331338034e+01 5.330973759210034801e-01 5.000000000000000000e-01
1.216807516505263465e+01 5.323525833716263866e-01 5.000000000000000000e-01
1.232072617961151018e+01 5.331484499126502019e-01 5.000000000000000000e-01
1.247151004219291082e+01 5.333673404804690765e-01 5.000000000000000000e-01
1.247771627156416052e+01 5.333563801248767389e-01 5.000000000000000000e-01
1.262311092409120583e+01 5.330861393365817769e-01 5.000000000000000000e-01
1.277222672318706387e+01 5.325639875315314464e-01 5.000000000000000000e-01
1.292374224453485532e+01 5.326982843978645965e-01 5.000000000000000000e-01
1.306993109124727503e+01 5.331935195309266406e-01 5.000000000000000000e-01
1.321835329092905553e+01 5.330273772181036707e-01 5.000000000000000000e-01
1.336671133339138606e+01 5.329981782187952488e-01 5.000000000000000000e-01
1.351107355683160982e+01 5.331684589678633568e-01 5.000000000000000000e-01
1.365686525188714739e+01 5.331386679627614367e-01 5.000000000000000000e-01
1.380153933041350989e+01 5.334481587088517607e-01 5.000000000000000000e-01
1.000000000000000000e+02 5.334481587088517607e-01 5.000000000000000000e-01
