0.000000000000000000e+00 2.374662383100615948e+00 1.000000000000000000e+00
1.962987551891213212e-01 2.374662383100615948e+00 1.000000000000000000e+00
2.567359422457565210e-01 2.277436299025750621e+00 1.000000000000000000e+00
3.206870440824025059e-01 2.138934366859464475e+00 1.000000000000000000e+00
3.917255724175284781e-01 1.966218690599833785e+00 1.000000000000000000e+00
4.674113564349052230e-01 1.791727181210552633e+00 1.000000000000000000e+00
5.474782543884694208e-01 1.641742785270863703e+00 1.000000000000000000e+00
5.774371999538666644e-01 1.596653040579802285e+00 1.000000000000000000e+00
6.314068072030226686e-01 1.530749365537506845e+00 1.000000000000000000e+00
7.194873593727676431e-01 1.455947874694503374e+00 1.000000000000000000e+00
8.109448825043552578e-01 1.405057638403302889e+00 1.000000000000000000e+00
8.422132138227784726e-01 1.390792213133448696e+00 1.000000000000000000e+00
9.061188272887970019e-01 1.363998907453744192e+00 1.000000000000000000e+00
1.004665898664839130e+00 1.323936019812798515e+00 1.000000000000000000e+00
1.779847304309380762e+00 1.220773704938260540e+00 1.000000000000000000e+00
1.901390789703710338e+00 1.219829926380086915e+00 1.000000000000000000e+00
2.025951381949809171e+00 1.216475902960089339e+00 1.000000000000000000e+00
2.152139622755751436e+00 1.212781358437921453e+00 1.000000000000000000e+00
2.281014499619973712e+00 1.210957860161702371e+00 1.000000000000000000e+00
2.411775636106196163e+00 1.212095152349667915e+00 1.000000000000000000e+00
2.956982417596677237e+00 9.040361916403301112e-01 7.500000000000000000e-01
3.097826334542467475e+00 9.100192673386732212e-01 7.500000000000000000e-01
3.240429007818022011e+00 9.087259351898346882e-01 7.500000000000000000e-01
3.384824218417391783e+00 9.083411066893521957e-01 7.500000000000000000e-01
3.531144827027502764e+00 9.080069208457793861e-01 7.500000000000000000e-01
3.678747027248594037e+00 9.042264964338180278e-01 7.500000000000000000e-01
3.735663815473420968e+00 9.029852508304750947e-01 7.500000000000000000e-01
3.827599569820539394e+00 9.030221812470090592e-01 7.500000000000000000e-01
3.977470154079223441e+00 9.108113961807908776e-01 7.500000000000000000e-01
4.129494751990056223e+00 9.257914492202073964e-01 7.500000000000000000e-01
4.282119766684635565e+00 9.350906398045294443e-01 7.500000000000000000e-01
4.437499004000109437e+00 9.349082434893218885e-01 7.500000000000000000e-01
4.593177723478454766e+00 9.393283417314590711e-01 7.500000000000000000e-01
4.751786664380938774e+00 9.529275124278793196e-01 7.500000000000000000e-01
4.906400013678026362e+00 9.598965825641142535e-01 7.500000000000000000e-01
5.067783290523580675e+00 9.560325678470894539e-01 7.500000000000000000e-01
5.224299378226813673e+00 9.487221666062563008e-01 7.500000000000000000e-01
5.384346750236503887e+00 9.403120274251741684e-01 7.500000000000000000e-01
5.547815902446084024e+00 9.304434054110257701e-01 7.500000000000000000e-01
5.705340319601392984e+00 9.299256057602002246e-01 7.500000000000000000e-01
5.869568255955996960e+00 9.326734709368010856e-01 7.500000000000000000e-01
6.034285524669872558e+00 9.332488982982175552e-01 7.500000000000000000e-01
6.194624598626485401e+00 9.361151083081716839e-01 7.500000000000000000e-01
6.358964325666927486e+00 9.408451631040377627e-01 7.500000000000000000e-01
6.520755064122342404e+00 9.431955508413777389e-01 7.500000000000000000e-01
6.684840164704366927e+00 9.432937384666998382e-01 7.500000000000000000e-01
6.849500321273856329e+00 9.405985386997152142e-01 7.500000000000000000e-01
7.016768896341544881e+00 9.349602303096522515e-01 7.500000000000000000e-01
7.180428693690494413e+00 9.310983141018499554e-01 7.500000000000000000e-01
7.344226681509185894e+00 9.286676981863672964e-01 7.500000000000000000e-01
7.508922206430057145e+00 9.260930720073217159e-01 7.500000000000000000e-01
7.677689312813059885e+00 9.246212432173052109e-01 7.500000000000000000e-01
7.839220545043874999e+00 9.265863465506815055e-01 7.500000000000000000e-01
8.005322036550325038e+00 9.304139606116357264e-01 7.500000000000000000e-01
8.175320755020319297e+00 9.335231690992619180e-01 7.500000000000000000e-01
8.338542718784925256e+00 9.329548221534873509e-01 7.500000000000000000e-01
8.503878607999210359e+00 9.296256824894132409e-01 7.500000000000000000e-01
8.663791226067116824e+00 9.275300280263546471e-01 7.500000000000000000e-01
8.832200091983905210e+00 9.280596188961461879e-01 7.500000000000000000e-01
8.995696032897297911e+00 9.291505925037959468e-01 7.500000000000000000e-01
9.154931895966452515e+00 9.277592033524900694e-01 7.500000000000000000e-01
9.323656132210965453e+00 9.261558673527345853e-01 7.500000000000000000e-01
9.482755401673793827e+00 9.275241933876660072e-01 7.500000000000000000e-01
9.645911705383738877e+00 9.304928185036256405e-01 7.500000000000000000e-01
9.805955059499282811e+00 9.314270092992028571e-01 7.500000000000000000e-01
9.969151264230854181e+00 9.285054546363961103e-01 7.500000000000000000e-01
1.013469466778943229e+01 9.253022499140567403e-01 7.500000000000000000e-01
1.028851571621678396e+01 9.259111665524604184e-01 7.500000000000000000e-01
1.045055345318986717e+01 9.272184211848832902e-01 7.500000000000000000e-01
1.061541274910233845e+01 9.272671078155777513e-01 7.500000000000000000e-01
1.077330637543802183e+01 9.286019903838952372e-01 7.500000000000000000e-01
1.092571286302979239e+01 9.307574199950705562e-01 7.500000000000000000e-01
1.109018448374199117e+01 9.315351390369375206e-01 7.500000000000000000e-01
1.124137760472350323e+01 9.317629766656190249e-01 7.500000000000000000e-01
1.140273246244595384e+01 9.323068466058049841e-01 7.500000000000000000e-01
1.155769668897711533e+01 9.326496910591381972e-01 7.500000000000000000e-01
1.170965670425929517e+01 9.324600556406902330e-01 7.500000000000000000e-01
1.186228046807450376e+01 9.305449950269417680e-01 7.500000000000000000e-01
1.202087135910781512e+01 9.277516224174559012e-01 7.500000000000000000e-01
1.212123842236805338e+01 9.287079564174993696e-01 7.500000000000000000e-01
1.216939881189660255e+01 9.301563636261215295e-01 7.500000000000000000e-01
1.232242975410967389e+01 9.362314462540179960e-01 7.500000000000000000e-01
1.247394199907940404e+01 9.394385203150534824e-01 7.500000000000000000e-01
1.262501232154563624e+01 9.387458702359184892e-01 7.500000000000000000e-01
1.277689765633125596e+01 9.391313241248411270e-01 7.500000000000000000e-01
1.292897867204693796e+01 9.402248485014005341e-01 7.500000000000000000e-01
1.307621945750228853e+01 9.371603325849414690e-01 7.500000000000000000e-01
1.322216511314388399e+01 9.329371316288159743e-01 7.500000000000000000e-01
1.336689941427890993e+01 9.317439705181573828e-01 7.500000000000000000e-01
1.351094348087123187e+01 9.309431698591082993e-01 7.500000000000000000e-01
1.366503397748550697e+01 9.286744219378338938e-01 7.500000000000000000e-01
1.380309645105753091e+01 9.272788074832992722e-01 7.500000000000000000e-01
1.000000000000000000e+02 9.272788074832992722e-01 7.500000000000000000e-01
