0.000000000000000000e+00 4.478338910805058859e+00 1.000000000000000000e+00
2.544630125849358104e-01 4.478338910805058859e+00 1.000000000000000000e+00
3.206505596387284607e-01 4.387807334929822112e+00 1.000000000000000000e+00
3.917292070238330703e-01 4.252104898019234192e+00 1.000000000000000000e+00
4.429382676142597508e-01 4.169066927422552027e+00 1.000000000000000000e+00
4.673859096057218498e-01 4.145108300493662412e+00 1.000000000000000000e+00
5.473560511197862466e-01 4.156316306885342371e+00 1.000000000000000000e+00
5.519372259714894202e-01 4.159900387719223325e+00 1.000000000000000000e+00
5.952882193767722319e-01 4.195690167773680201e+00 1.000000000000000000e+00
6.314604095718906462e-01 4.207207605692200758e+00 1.000000000000000000e+00
7.164623850286739870e-01 4.103963916063273487e+00 1.000000000000000000e+00
7.193279126366083354e-01 4.097240915942802708e+00 1.000000000000000000e+00
8.109666102484938133e-01 3.871244793791959182e+00 1.000000000000000000e+00
8.639142555533463330e-01 3.762603537406287835e+00 1.000000000000000000e+00
9.061135835322416954e-01 3.689236110513941291e+00 1.000000000000000000e+00
9.958337478970992196e-01 3.549923940752613305e+00 1.000000000000000000e+00
1.004682488654760064e+00 3.538997526333193200e+00 1.000000000000000000e+00
1.106491620998817149e+00 3.481962459172033064e+00 1.000000000000000000e+00
1.118616258731128132e+00 3.484132872350421462e+00 1.000000000000000000e+00
1.174988546286736879e+00 3.507107176971110185e+00 1.000000000000000000e+00
1.211461111306747718e+00 3.519376397150869362e+00 1.000000000000000000e+00
1.221147450264745471e+00 3.521029441772419943e+00 1.000000000000000000e+00
1.319566521037194073e+00 3.488568435147006319e+00 1.000000000000000000e+00
1.367117598716649507e+00 3.449638894125723887e+00 1.000000000000000000e+00
1.427485411852719377e+00 3.392514091368197260e+00 1.000000000000000000e+00
1.430388074446905966e+00 3.389637886238263675e+00 1.000000000000000000e+00
1.544191935200211363e+00 3.274364449793667475e+00 1.000000000000000000e+00
1.660714978075680026e+00 3.180863256772414882e+00 1.000000000000000000e+00
1.705152978739523206e+00 3.154278855235257417e+00 1.000000000000000000e+00
1.779736750678193591e+00 3.130603956098101381e+00 1.000000000000000000e+00
1.901396325327280534e+00 3.150463501034636238e+00 1.000000000000000000e+00
2.025554735060995259e+00 3.123985483191420442e+00 1.000000000000000000e+00
2.027251727588742281e+00 3.123143264199799596e+00 1.000000000000000000e+00
2.152148110513544044e+00 3.059432942810010214e+00 1.000000000000000000e+00
2.280913253957756126e+00 2.992392653546521064e+00 1.000000000000000000e+00
2.412145999113666672e+00 2.906502390215973008e+00 1.000000000000000000e+00
2.486496894613767328e+00 2.862469879120980831e+00 1.000000000000000000e+00
2.544942157768716129e+00 2.839032909199898924e+00 1.000000000000000000e+00
2.680329464802877926e+00 2.843709539116246354e+00 1.000000000000000000e+00
2.817493293145389099e+00 2.945766288314791481e+00 1.000000000000000000e+00
2.956513888396267387e+00 2.994483244195806027e+00 1.000000000000000000e+00
3.097359623615328683e+00 2.892350264420114225e+00 1.000000000000000000e+00
3.129494921674309538e+00 2.870278349570645204e+00 1.000000000000000000e+00
3.240193495256210365e+00 2.838629311541925659e+00 1.000000000000000000e+00
3.384505752467362072e+00 2.842055313399558081e+00 1.000000000000000000e+00
3.530325753582657988e+00 2.829623577419829950e+00 1.000000000000000000e+00
3.677957431665424437e+00 2.805015442047214425e+00 1.000000000000000000e+00
3.781665314234203823e+00 2.795943597402249736e+00 1.000000000000000000e+00
3.827318702624281865e+00 2.788547244408570158e+00 1.000000000000000000e+00
3.977530516244532688e+00 2.734353965163267564e+00 1.000000000000000000e+00
4.129057838592643748e+00 2.672179031885807632e+00 1.000000000000000000e+00
4.282582419119438377e+00 2.681084042498490749e+00 1.000000000000000000e+00
4.436601380837486452e+00 2.839828087296367265e+00 1.000000000000000000e+00
4.446312268844419435e+00 2.848929760363094310e+00 1.000000000000000000e+00
4.591717914956850777e+00 2.911906802431242003e+00 1.000000000000000000e+00
4.748072930692397442e+00 2.888820901551558240e+00 1.000000000000000000e+00
4.905634767538417762e+00 2.804610368026402067e+00 1.000000000000000000e+00
5.029784210898677443e+00 2.750210942371889455e+00 1.000000000000000000e+00
5.063810091301495397e+00 2.741157712468951235e+00 1.000000000000000000e+00
5.223084116744897365e+00 2.682310100355976168e+00 1.000000000000000000e+00
5.383274430403289124e+00 2.625307936225463212e+00 1.000000000000000000e+00
5.543931357853852937e+00 2.603586542644790836e+00 1.000000000000000000e+00
5.690572740293471377e+00 2.591469385723505159e+00 1.000000000000000000e+00
5.705479552372671570e+00 2.590006888251492168e+00 1.000000000000000000e+00
5.867183081862047622e+00 2.566877286678475478e+00 1.000000000000000000e+00
6.029794765296343506e+00 2.535403136124683154e+00 1.000000000000000000e+00
6.192921563578878796e+00 2.507218827005174955e+00 1.000000000000000000e+00
6.356421661855697458e+00 2.461587945715596693e+00 1.000000000000000000e+00
6.412956792183377885e+00 2.449118341252515929e+00 1.000000000000000000e+00
6.520699742169299817e+00 2.439278535850283092e+00 1.000000000000000000e+00
6.684774339351712058e+00 2.418223343049004992e+00 1.000000000000000000e+00
6.849272248433494248e+00 2.414060526743668333e+00 1.000000000000000000e+00
7.014044083053716960e+00 2.435107814911710022e+00 1.000000000000000000e+00
7.178929635768683148e+00 2.424823515993153489e+00 1.000000000000000000e+00
7.337427411053385917e+00 2.364247016377512889e+00 1.000000000000000000e+00
7.344056207016594229e+00 2.361008452494890442e+00 1.000000000000000000e+00
7.509445902031250064e+00 2.275561030349170455e+00 1.000000000000000000e+00
7.674348665597541697e+00 2.192082358197177783e+00 1.000000000000000000e+00
7.839356160497787052e+00 2.228117400154638439e+00 1.000000000000000000e+00
7.932513687628078181e+00 2.357939565818121697e+00 1.000000000000000000e+00
8.004488796479238388e+00 2.459030686061328907e+00 1.000000000000000000e+00
8.169540636007459611e+00 2.559460863295313970e+00 1.000000000000000000e+00
8.302858844328000032e+00 2.567862241735798357e+00 1.000000000000000000e+00
8.334224796727092155e+00 2.567972216152083043e+00 1.000000000000000000e+00
8.499341254080782448e+00 2.569305165222846021e+00 1.000000000000000000e+00
8.663392202735947123e+00 2.574411030358862984e+00 1.000000000000000000e+00
8.827604905947758596e+00 2.581670620620636569e+00 1.000000000000000000e+00
8.991667510655821260e+00 2.573863939619630337e+00 1.000000000000000000e+00
9.015599054859469774e+00 2.573775016761501000e+00 1.000000000000000000e+00
9.155863959409375141e+00 2.584982419391129937e+00 1.000000000000000000e+00
9.318780665121117579e+00 2.601791904207732209e+00 1.000000000000000000e+00
9.481089995680845206e+00 2.588688488730592319e+00 1.000000000000000000e+00
9.643755080851821759e+00 2.572369345872133728e+00 1.000000000000000000e+00
9.805955743485155196e+00 2.568699905707685360e+00 1.000000000000000000e+00
9.813041521745210716e+00 2.568793672915433035e+00 1.000000000000000000e+00
9.967096812072577805e+00 2.574837270537782441e+00 1.000000000000000000e+00
1.012798177618578599e+01 2.576975240597576544e+00 1.000000000000000000e+00
1.028906595082364817e+01 2.576164326719609488e+00 1.000000000000000000e+00
1.044858835068191105e+01 2.574851529092993196e+00 1.000000000000000000e+00
1.060837643414709142e+01 2.570675216375323036e+00 1.000000000000000000e+00
1.068258521455060084e+01 2.571772748062637781e+00 1.000000000000000000e+00
1.076675756604690015e+01 2.574408054275186597e+00 1.000000000000000000e+00
1.092515583174457205e+01 2.574678913180648454e+00 1.000000000000000000e+00
1.108296625272441638e+01 2.569023647453838599e+00 1.000000000000000000e+00
1.123979621539614726e+01 2.567935176754352788e+00 1.000000000000000000e+00
1.139621960456664240e+01 2.561882209396721510e+00 1.000000000000000000e+00
1.149103848357113300e+01 2.565155926057030022e+00 1.000000000000000000e+00
1.155187007451040415e+01 2.567611067176826189e+00 1.000000000000000000e+00
1.170670921648108731e+01 2.567262326434569086e+00 1.000000000000000000e+00
1.186098529409432878e+01 2.569352885321413371e+00 1.000000000000000000e+00
1.201505661610522147e+01 2.577151450598540450e+00 1.000000000000000000e+00
1.216800368721487402e+01 2.576197078995205558e+00 1.000000000000000000e+00
1.222997735196444502e+01 2.575053147122467578e+00 1.000000000000000000e+00
1.232013117836021188e+01 2.572719344761906335e+00 1.000000000000000000e+00
1.247199833837736094e+01 2.567595021513637388e+00 1.000000000000000000e+00
1.262310611075978173e+01 2.564974878819561432e+00 1.000000000000000000e+00
1.277232835445476944e+01 2.562004757329118032e+00 1.000000000000000000e+00
1.292139788796710320e+01 2.558125005571052935e+00 1.000000000000000000e+00
1.306989024575163505e+01 2.562829691085947381e+00 1.000000000000000000e+00
1.309683950840756772e+01 2.564823415336245027e+00 1.000000000000000000e+00
1.321780315808028661e+01 2.571311821631731220e+00 1.000000000000000000e+00
1.336465645939518865e+01 2.566309389335490909e+00 1.000000000000000000e+00
1.351099624356941575e+01 2.558808646369626238e+00 1.000000000000000000e+00
1.365705994681564128e+01 2.558395404635577464e+00 1.000000000000000000e+00
1.380171700741146878e+01 2.565900397979822944e+00 1.000000000000000000e+00
1.000000000000000000e+02 2.565900397979822944e+00 1.000000000000000000e+00
