0.000000000000000000e+00 7.084557271726804606e-01 1.000000000000000000e+00
3.917280481286812277e-01 7.084557271726804606e-01 1.000000000000000000e+00
7.393851958683687053e-01 4.785328744432691406e-01 7.500000000000000000e-01
8.732379497933521195e-01 3.666950287214225113e-01 5.000000000000000000e-01
1.004673496202640903e+00 3.663173050251346541e-01 2.500000000000000000e-01
1.211541480699725115e+00 3.279993343087276303e-01 0.000000000000000000e+00
1.257907763371266308e+00 3.271973373714911482e-01 0.000000000000000000e+00
1.319464056470257329e+00 3.290371234222951857e-01 0.000000000000000000e+00
1.406541235367311460e+00 3.355132448120861088e-01 0.000000000000000000e+00
1.430452820307091422e+00 3.374772206352345538e-01 0.000000000000000000e+00
1.544159498177305023e+00 3.448346375687201260e-01 0.000000000000000000e+00
1.660629107339572474e+00 3.496465564936556136e-01 0.000000000000000000e+00
1.779785923897407862e+00 3.530055182091171861e-01 0.000000000000000000e+00
1.901440018054818992e+00 3.546976254903486114e-01 0.000000000000000000e+00
2.025509031199841381e+00 3.557189391174310766e-01 0.000000000000000000e+00
2.100418689162165897e+00 3.561441249036189083e-01 0.000000000000000000e+00
2.152080852110367815e+00 3.565312827142483321e-01 0.000000000000000000e+00
2.281012106217338076e+00 3.572455074740374381e-01 0.000000000000000000e+00
2.411766464653963382e+00 3.548055292995264676e-01 0.000000000000000000e+00
2.545262697514227845e+00 3.508750270635263568e-01 0.000000000000000000e+00
2.680653441564358364e+00 3.498535868191086085e-01 0.000000000000000000e+00
2.817779978987036138e+00 3.505502599639117034e-01 0.000000000000000000e+00
2.956465984844926620e+00 3.539175834248249330e-01 0.000000000000000000e+00
3.097418370360700557e+00 3.627500458813318063e-01 0.000000000000000000e+00
3.183211857057670180e+00 3.655990545494192112e-01 0.000000000000000000e+00
3.240416847947115375e+00 3.647341011195967542e-01 0.000000000000000000e+00
3.384386947265271228e+00 3.549038286926940455e-01 0.000000000000000000e+00
3.530568877879641576e+00 3.479839982000437204e-01 0.000000000000000000e+00
3.677929247236751742e+00 3.546670568468595075e-01 0.000000000000000000e+00
3.826909105921095566e+00 3.648827849450591576e-01 0.000000000000000000e+00
3.977262221702718037e+00 3.663088696290065505e-01 0.000000000000000000e+00
4.129167273171224117e+00 3.655291471718243312e-01 0.000000000000000000e+00
4.282348097676146992e+00 3.638254729404463150e-01 0.000000000000000000e+00
4.437025362835096409e+00 3.585825603033418463e-01 0.000000000000000000e+00
4.592611021324593423e+00 3.570074511879607337e-01 0.000000000000000000e+00
4.673830585222153999e+00 3.572917242405239113e-01 0.000000000000000000e+00
4.749046132990666358e+00 3.580697325244696083e-01 0.000000000000000000e+00
4.905782103798302707e+00 3.626337427528634749e-01 0.000000000000000000e+00
5.064775974095359956e+00 3.662408037362896440e-01 0.000000000000000000e+00
5.223388147550688032e+00 3.663520892107302029e-01 0.000000000000000000e+00
5.383711942490517544e+00 3.638115719581058727e-01 0.000000000000000000e+00
5.544217954555157313e+00 3.611869537332767499e-01 0.000000000000000000e+00
5.705190172620175915e+00 3.594332478684771348e-01 0.000000000000000000e+00
5.867476326794692554e+00 3.589309028766068388e-01 0.000000000000000000e+00
6.030077925061599231e+00 3.607166844264281802e-01 0.000000000000000000e+00
6.192842821820464749e+00 3.609892027827276695e-01 0.000000000000000000e+00
6.234382744886509897e+00 3.607156335314665729e-01 0.000000000000000000e+00
6.356339571573941249e+00 3.589928547292062788e-01 0.000000000000000000e+00
6.520691943557422654e+00 3.563571379994188715e-01 0.000000000000000000e+00
6.684562016711914190e+00 3.554584415931080765e-01 0.000000000000000000e+00
6.849548635958284670e+00 3.549078833981938463e-01 0.000000000000000000e+00
7.014214907138436317e+00 3.564722153867826981e-01 0.000000000000000000e+00
7.178856422749799293e+00 3.589721729572837861e-01 0.000000000000000000e+00
7.344690372861830241e+00 3.636158338489524078e-01 0.000000000000000000e+00
7.509088552772303693e+00 3.663995591090109527e-01 0.000000000000000000e+00
7.674244167362161306e+00 3.659598930922803861e-01 0.000000000000000000e+00
7.706505945514551925e+00 3.658645041841917522e-01 0.000000000000000000e+00
7.839334792415646014e+00 3.656718218189743408e-01 0.000000000000000000e+00
8.004309014879805062e+00 3.650711103097079580e-01 0.000000000000000000e+00
8.170052219290630191e+00 3.649130487695865788e-01 0.000000000000000000e+00
8.334205781609533403e+00 3.656980377340944832e-01 0.000000000000000000e+00
8.498955729932141878e+00 3.658937708774967490e-01 0.000000000000000000e+00
8.663291587383310954e+00 3.644387330131748093e-01 0.000000000000000000e+00
8.828929674503820380e+00 3.642374467802971250e-01 0.000000000000000000e+00
8.991841393879044020e+00 3.649310812446230901e-01 0.000000000000000000e+00
9.110382358529445668e+00 3.657090681267853305e-01 0.000000000000000000e+00
9.155302400239270000e+00 3.659001489973089938e-01 0.000000000000000000e+00
9.318423188619341602e+00 3.652449282023993993e-01 0.000000000000000000e+00
9.481173716574035737e+00 3.635456570761917972e-01 0.000000000000000000e+00
9.644190815464618538e+00 3.623759235029236914e-01 0.000000000000000000e+00
9.805524187354969001e+00 3.628273524813638296e-01 0.000000000000000000e+00
9.968150489908529366e+00 3.635724754063854869e-01 0.000000000000000000e+00
1.013167508945477202e+01 3.623213589061898277e-01 0.000000000000000000e+00
1.029058396140795395e+01 3.607167097315024384e-01 0.000000000000000000e+00
1.044883360447014553e+01 3.598442578709749595e-01 0.000000000000000000e+00
1.060785588577129879e+01 3.593332822830123119e-01 0.000000000000000000e+00
1.076816423087360697e+01 3.586241873476731512e-01 0.000000000000000000e+00
1.092555112868294742e+01 3.594030530966809689e-01 0.000000000000000000e+00
1.108305463504244237e+01 3.602892537880502122e-01 0.000000000000000000e+00
1.121756669442734911e+01 3.598128689569293215e-01 0.000000000000000000e+00
1.123985743028177531e+01 3.595826999679903602e-01 0.000000000000000000e+00
1.139656536794201536e+01 3.578769159555726942e-01 0.000000000000000000e+00
1.155208774878045475e+01 3.581403137086825450e-01 0.000000000000000000e+00
1.170674134697055280e+01 3.597123012385117224e-01 0.000000000000000000e+00
1.186092116192996926e+01 3.606567010356955261e-01 0.000000000000000000e+00
1.201461901331338034e+01 3.599810910269111153e-01 0.000000000000000000e+00
1.216807516505263465e+01 3.594091181656278167e-01 0.000000000000000000e+00
1.232072617961151018e+01 3.588466700814361143e-01 0.000000000000000000e+00
1.247151004219291082e+01 3.590709548006920104e-01 0.000000000000000000e+00
1.247771627156416052e+01 3.590816339281892033e-01 0.000000000000000000e+00
1.262311092409120583e+01 3.593329527713022831e-01 0.000000000000000000e+00
1.277222672318706387e+01 3.606584719808000883e-01 0.000000000000000000e+00
1.292374224453485532e+01 3.621289387949675476e-01 0.000000000000000000e+00
1.306993109124727503e+01 3.613494526143457564e-01 0.000000000000000000e+00
1.321835329092905553e+01 3.601480082362988333e-01 0.000000000000000000e+00
1.336671133339138606e+01 3.601676935825632864e-01 0.000000000000000000e+00
1.351107355683160982e+01 3.602599750508146403e-01 0.000000000000000000e+00
1.365686525188714739e+01 3.611279668117192698e-01 0.000000000000000000e+00
1.380153933041350989e+01 3.609068943007255337e-01 0.000000000000000000e+00
1.000000000000000000e+02 3.609068943007255337e-01 0.000000000000000000e+00
