0.000000000000000000e+00 2.572099354411522487e+00 1.000000000000000000e+00
1.946070522241255263e-01 2.572099354411522487e+00 1.000000000000000000e+00
2.544948499449402046e-01 2.572099354411522487e+00 1.000000000000000000e+00
3.206659886834267170e-01 2.132494221726449979e+00 1.000000000000000000e+00
7.358220979843659304e-01 7.435108604308745539e-01 7.500000000000000000e-01
8.403067866577069722e-01 8.173869837275289374e-01 5.000000000000000000e-01
9.573044006534162653e-01 5.883915062976921018e-01 2.500000000000000000e-01
1.195394731177329195e+00 5.662070774758328762e-01 0.000000000000000000e+00
1.211466403007140702e+00 5.664041361070704106e-01 0.000000000000000000e+00
1.274856792457437438e+00 5.663994969298770110e-01 0.000000000000000000e+00
1.319464458506716786e+00 5.656406998105028006e-01 0.000000000000000000e+00
1.376979493792968245e+00 5.637875124164591911e-01 0.000000000000000000e+00
1.430453809555262135e+00 5.614111495521846296e-01 0.000000000000000000e+00
1.544144443082615670e+00 5.577549629640042861e-01 0.000000000000000000e+00
1.632846133593028881e+00 5.617772418839452886e-01 0.000000000000000000e+00
1.660829334682560443e+00 5.645385579864947712e-01 0.000000000000000000e+00
1.779872565465422163e+00 5.735599435571997473e-01 0.000000000000000000e+00
1.901423391023227216e+00 5.627583159955328318e-01 0.000000000000000000e+00
2.025629856747438673e+00 5.511500594977482015e-01 0.000000000000000000e+00
2.042905070646497290e+00 5.504692536070205922e-01 0.000000000000000000e+00
2.152121664123739730e+00 5.484635671292954484e-01 0.000000000000000000e+00
2.280823185430871369e+00 5.477144872327578407e-01 0.000000000000000000e+00
2.411914541612051543e+00 5.487894574886506005e-01 0.000000000000000000e+00
2.510045828711587657e+00 5.497092463680468555e-01 0.000000000000000000e+00
2.545017901790708414e+00 5.501728583762741653e-01 0.000000000000000000e+00
2.680240301454748675e+00 5.533684790186824687e-01 0.000000000000000000e+00
2.817371281910337810e+00 5.556239687995595533e-01 0.000000000000000000e+00
2.956750457102635732e+00 5.565662970018506739e-01 0.000000000000000000e+00
3.097522013183469980e+00 5.560281895901779681e-01 0.000000000000000000e+00
3.151279343137423972e+00 5.538288596350607884e-01 0.000000000000000000e+00
3.240050407667776966e+00 5.469924405850052906e-01 0.000000000000000000e+00
3.384521058000300009e+00 5.321318390123445097e-01 0.000000000000000000e+00
3.530345333836488741e+00 5.176979808693311647e-01 0.000000000000000000e+00
3.677929664679034261e+00 5.088561831367643951e-01 0.000000000000000000e+00
3.763633179408719887e+00 5.046586847661400643e-01 0.000000000000000000e+00
3.826857810129460358e+00 5.015191576305525478e-01 0.000000000000000000e+00
3.977287891520835394e+00 4.954373181913800939e-01 0.000000000000000000e+00
4.110160124983692320e+00 4.933156187684640259e-01 0.000000000000000000e+00
4.129003754658412184e+00 4.930938090920229389e-01 0.000000000000000000e+00
4.282219590083832905e+00 4.911890105545470009e-01 0.000000000000000000e+00
4.436421184489374170e+00 4.861282378103718438e-01 0.000000000000000000e+00
4.591655936359182455e+00 4.809057488274475767e-01 0.000000000000000000e+00
4.684137725115875561e+00 4.864528936714456742e-01 0.000000000000000000e+00
4.748154272542821630e+00 4.906685335961841754e-01 0.000000000000000000e+00
4.905559451229158263e+00 4.918628049101499422e-01 0.000000000000000000e+00
5.063881947468792610e+00 4.867159422952485603e-01 0.000000000000000000e+00
5.136802451058531283e+00 4.855098409001423199e-01 0.000000000000000000e+00
5.223014972389306010e+00 4.861606456384378050e-01 0.000000000000000000e+00
5.382964447645480988e+00 4.861738991128156107e-01 0.000000000000000000e+00
5.543728228174837902e+00 4.852533160364684850e-01 0.000000000000000000e+00
5.705239128023387174e+00 4.857890008747223765e-01 0.000000000000000000e+00
5.749777517296304374e+00 4.857751835532280182e-01 0.000000000000000000e+00
5.867185764747778975e+00 4.862081888004788910e-01 0.000000000000000000e+00
6.029825104712982942e+00 4.875036066596677431e-01 0.000000000000000000e+00
6.193245234160913881e+00 4.872627251329510467e-01 0.000000000000000000e+00
6.356729984968164437e+00 4.861896048579490426e-01 0.000000000000000000e+00
6.377309564705426759e+00 4.861745256418171790e-01 0.000000000000000000e+00
6.520523440423425576e+00 4.862356553769073830e-01 0.000000000000000000e+00
6.685052145850660210e+00 4.854985699192234661e-01 0.000000000000000000e+00
6.849552555867966852e+00 4.863445137301875554e-01 0.000000000000000000e+00
7.013908186303249082e+00 4.858296156530925169e-01 0.000000000000000000e+00
7.107571355202800589e+00 4.860835389079681268e-01 0.000000000000000000e+00
7.179117030902157026e+00 4.862587650503312209e-01 0.000000000000000000e+00
7.343952618748460281e+00 4.857610866752734013e-01 0.000000000000000000e+00
7.508955288373069692e+00 4.863954546214329100e-01 0.000000000000000000e+00
7.674241958503771777e+00 4.858195737923880486e-01 0.000000000000000000e+00
7.839461952291798319e+00 4.854204018963302336e-01 0.000000000000000000e+00
7.918140619227375332e+00 4.856520525941935840e-01 0.000000000000000000e+00
8.004870464960754717e+00 4.860000787889101059e-01 0.000000000000000000e+00
8.169330706812544918e+00 4.862439740566398272e-01 0.000000000000000000e+00
8.334597487460582599e+00 4.858411774507831460e-01 0.000000000000000000e+00
8.499171235043057493e+00 4.849255458533168195e-01 0.000000000000000000e+00
8.663821898782094522e+00 4.850566199467757911e-01 0.000000000000000000e+00
8.828714450813142989e+00 4.848835441781062516e-01 0.000000000000000000e+00
8.846741592451820679e+00 4.847883153711363691e-01 0.000000000000000000e+00
8.992104869150233881e+00 4.837203021950245430e-01 0.000000000000000000e+00
9.155049594120937329e+00 4.825155907741634498e-01 0.000000000000000000e+00
9.318552273311517808e+00 4.824165500534655093e-01 0.000000000000000000e+00
9.481859727837914420e+00 4.834205693584494590e-01 0.000000000000000000e+00
9.644290115942599328e+00 4.822887492141029186e-01 0.000000000000000000e+00
9.805877182714585416e+00 4.802891345867462691e-01 0.000000000000000000e+00
9.812948781694673883e+00 4.801881076233765477e-01 0.000000000000000000e+00
9.967682946346442918e+00 4.787756714593177643e-01 0.000000000000000000e+00
1.012857227606069266e+01 4.793678909667479227e-01 0.000000000000000000e+00
1.028848587230418232e+01 4.792658983438375375e-01 0.000000000000000000e+00
1.044889347735885465e+01 4.797462376528581762e-01 0.000000000000000000e+00
1.060881146526444851e+01 4.812745050315176409e-01 0.000000000000000000e+00
1.076738898586372528e+01 4.807725879851637574e-01 0.000000000000000000e+00
1.090982036357170593e+01 4.804495644464843451e-01 0.000000000000000000e+00
1.092495038165919397e+01 4.804997328016953340e-01 0.000000000000000000e+00
1.108278743108680686e+01 4.812045339476583306e-01 0.000000000000000000e+00
1.123967559071966171e+01 4.809086456169499590e-01 0.000000000000000000e+00
1.139631779231774367e+01 4.805797271351537336e-01 0.000000000000000000e+00
1.155193275096279670e+01 4.822882332744903300e-01 0.000000000000000000e+00
1.170685541466686530e+01 4.824812042150246616e-01 0.000000000000000000e+00
1.186157910619941092e+01 4.825476999825691893e-01 0.000000000000000000e+00
1.201542721049169948e+01 4.820361566280386700e-01 0.000000000000000000e+00
1.216839687956076688e+01 4.821427174425738649e-01 0.000000000000000000e+00
1.231974721420798069e+01 4.823226205491013552e-01 0.000000000000000000e+00
1.236482782070458519e+01 4.825281739625340016e-01 0.000000000000000000e+00
1.247128165280237333e+01 4.829032264176134626e-01 0.000000000000000000e+00
1.262247946416380984e+01 4.824402295383577455e-01 0.000000000000000000e+00
1.277224650801769990e+01 4.810645941390063740e-01 0.000000000000000000e+00
1.292235265712505665e+01 4.810789373448220441e-01 0.000000000000000000e+00
1.306969971481751358e+01 4.814457513067592620e-01 0.000000000000000000e+00
1.319296991630457683e+01 4.805133292180469584e-01 0.000000000000000000e+00
1.321796154376677812e+01 4.802241120503541461e-01 0.000000000000000000e+00
1.336550790853463866e+01 4.795146104756269345e-01 0.000000000000000000e+00
1.351097516044100288e+01 4.810268563531255870e-01 0.000000000000000000e+00
1.365766846872398510e+01 4.818472353671081065e-01 0.000000000000000000e+00
1.380111739674735816e+01 4.817074478991542064e-01 0.000000000000000000e+00
1.000000000000000000e+02 4.817074478991542064e-01 0.000000000000000000e+00
