0.000000000000000000e+00 3.143980993621419362e+00 1.000000000000000000e+00
1.946070522241255263e-01 3.143980993621419362e+00 1.000000000000000000e+00
2.544948499449402046e-01 3.143980993621419362e+00 1.000000000000000000e+00
3.206659886834267170e-01 2.534702078954999660e+00 1.000000000000000000e+00
3.862610311891437331e-01 1.995779122500358049e+00 1.000000000000000000e+00
5.473555058005740159e-01 1.368167476854864617e+00 1.000000000000000000e+00
5.781294623162221979e-01 1.311540899098607049e+00 1.000000000000000000e+00
6.184278755170853348e-01 1.250177848547322057e+00 1.000000000000000000e+00
6.314056114417565535e-01 1.233419731319457036e+00 1.000000000000000000e+00
6.625071235828083882e-01 1.202870555509327311e+00 1.000000000000000000e+00
6.930112297235798691e-01 1.182641793203682345e+00 1.000000000000000000e+00
7.193213270694347461e-01 1.173273625750293370e+00 1.000000000000000000e+00
7.358220979843659304e-01 1.169364999700942098e+00 1.000000000000000000e+00
7.885090390827705908e-01 1.158330759338846327e+00 1.000000000000000000e+00
8.109454724737635845e-01 1.149565890211056818e+00 1.000000000000000000e+00
8.403067866577069722e-01 1.131486125136985876e+00 1.000000000000000000e+00
1.195394731177329195e+00 8.901055780668725159e-01 7.500000000000000000e-01
1.211466403007140702e+00 8.890989620700986418e-01 7.500000000000000000e-01
1.274856792457437438e+00 8.846649292283610411e-01 7.500000000000000000e-01
1.319464458506716786e+00 8.811892173559545682e-01 7.500000000000000000e-01
1.376979493792968245e+00 8.765510540741879852e-01 7.500000000000000000e-01
1.430453809555262135e+00 8.724839152244142637e-01 7.500000000000000000e-01
1.544144443082615670e+00 8.669442263346315292e-01 7.500000000000000000e-01
1.632846133593028881e+00 8.676190344076082361e-01 7.500000000000000000e-01
1.660829334682560443e+00 8.687176961969030886e-01 7.500000000000000000e-01
1.779872565465422163e+00 8.748110535732693815e-01 7.500000000000000000e-01
1.901423391023227216e+00 8.768991582990188771e-01 7.500000000000000000e-01
2.025629856747438673e+00 8.748172604111791317e-01 7.500000000000000000e-01
2.042905070646497290e+00 8.745246581988613821e-01 7.500000000000000000e-01
2.152121664123739730e+00 8.738488266392682169e-01 7.500000000000000000e-01
2.280823185430871369e+00 8.754995491898036608e-01 7.500000000000000000e-01
2.411914541612051543e+00 8.776340120119573429e-01 7.500000000000000000e-01
2.510045828711587657e+00 8.777667883569012508e-01 7.500000000000000000e-01
2.545017901790708414e+00 8.774340850042818829e-01 7.500000000000000000e-01
2.680240301454748675e+00 8.751431321323008827e-01 7.500000000000000000e-01
2.817371281910337810e+00 8.727567125421913374e-01 7.500000000000000000e-01
2.956750457102635732e+00 8.710423148955254158e-01 7.500000000000000000e-01
3.097522013183469980e+00 8.690776451846916606e-01 7.500000000000000000e-01
3.151279343137423972e+00 8.674298160612582409e-01 7.500000000000000000e-01
3.240050407667776966e+00 8.631681961101764777e-01 7.500000000000000000e-01
3.384521058000300009e+00 8.540891206909383415e-01 7.500000000000000000e-01
3.530345333836488741e+00 8.462052845049894412e-01 7.500000000000000000e-01
3.677929664679034261e+00 8.403709654320079547e-01 7.500000000000000000e-01
3.763633179408719887e+00 8.371595547824869366e-01 7.500000000000000000e-01
3.826857810129460358e+00 8.348168513653840828e-01 7.500000000000000000e-01
3.977287891520835394e+00 8.308527456166917569e-01 7.500000000000000000e-01
4.110160124983692320e+00 8.304190079231137389e-01 7.500000000000000000e-01
4.591655936359182455e+00 6.440939542946637619e-01 5.000000000000000000e-01
4.684137725115875561e+00 6.465128549150180870e-01 5.000000000000000000e-01
4.748154272542821630e+00 6.483802734820334202e-01 5.000000000000000000e-01
4.905559451229158263e+00 6.489728697483222453e-01 5.000000000000000000e-01
5.063881947468792610e+00 6.464184620676750592e-01 5.000000000000000000e-01
5.136802451058531283e+00 6.457496880757016555e-01 5.000000000000000000e-01
5.223014972389306010e+00 6.453357911138660752e-01 5.000000000000000000e-01
5.382964447645480988e+00 6.433379568958087491e-01 5.000000000000000000e-01
5.543728228174837902e+00 6.443727231818223711e-01 5.000000000000000000e-01
5.705239128023387174e+00 6.454673834536805987e-01 5.000000000000000000e-01
5.749777517296304374e+00 6.451651799158629741e-01 5.000000000000000000e-01
5.867185764747778975e+00 6.455109475452194268e-01 5.000000000000000000e-01
6.029825104712982942e+00 6.487620980493224998e-01 5.000000000000000000e-01
6.193245234160913881e+00 6.476080771868871766e-01 5.000000000000000000e-01
6.356729984968164437e+00 6.459599483345137561e-01 5.000000000000000000e-01
6.377309564705426759e+00 6.459319732347631460e-01 5.000000000000000000e-01
6.520523440423425576e+00 6.455444464826016748e-01 5.000000000000000000e-01
6.685052145850660210e+00 6.432426652134084488e-01 5.000000000000000000e-01
7.179117030902157026e+00 8.148184213858458147e-01 7.500000000000000000e-01
7.343952618748460281e+00 8.138705928824693236e-01 7.500000000000000000e-01
7.508955288373069692e+00 8.124823395039881824e-01 7.500000000000000000e-01
7.674241958503771777e+00 8.116473274524683701e-01 7.500000000000000000e-01
7.839461952291798319e+00 8.103997630839649968e-01 7.500000000000000000e-01
7.918140619227375332e+00 8.099603500228017561e-01 7.500000000000000000e-01
8.004870464960754717e+00 8.098894683911248560e-01 7.500000000000000000e-01
8.169330706812544918e+00 8.105042908797881474e-01 7.500000000000000000e-01
8.334597487460582599e+00 8.112254194617773972e-01 7.500000000000000000e-01
8.499171235043057493e+00 8.117926768942130833e-01 7.500000000000000000e-01
8.663821898782094522e+00 8.109300247669489758e-01 7.500000000000000000e-01
8.828714450813142989e+00 8.079158434695778990e-01 7.500000000000000000e-01
8.846741592451820679e+00 8.074431099115336741e-01 7.500000000000000000e-01
8.992104869150233881e+00 8.027964759805387152e-01 7.500000000000000000e-01
9.155049594120937329e+00 7.971246369433370171e-01 7.500000000000000000e-01
9.318552273311517808e+00 7.922595962249046053e-01 7.500000000000000000e-01
9.481859727837914420e+00 7.866645289232335747e-01 7.500000000000000000e-01
9.644290115942599328e+00 7.795436431357632978e-01 7.500000000000000000e-01
9.805877182714585416e+00 7.720002824573327649e-01 7.500000000000000000e-01
9.812948781694673883e+00 7.716744609077316186e-01 7.500000000000000000e-01
9.967682946346442918e+00 7.652804149642903342e-01 7.500000000000000000e-01
1.012857227606069266e+01 7.619462379060870649e-01 7.500000000000000000e-01
1.028848587230418232e+01 7.639644613507007298e-01 7.500000000000000000e-01
1.044889347735885465e+01 7.705294610489731300e-01 7.500000000000000000e-01
1.060881146526444851e+01 7.759067347151722416e-01 7.500000000000000000e-01
1.076738898586372528e+01 7.743589503625115666e-01 7.500000000000000000e-01
1.090982036357170593e+01 7.688417648127778836e-01 7.500000000000000000e-01
1.092495038165919397e+01 7.682766123335340591e-01 7.500000000000000000e-01
1.108278743108680686e+01 7.648337379542293757e-01 7.500000000000000000e-01
1.123967559071966171e+01 7.655483381893374295e-01 7.500000000000000000e-01
1.139631779231774367e+01 7.654158478559800471e-01 7.500000000000000000e-01
1.155193275096279670e+01 7.611208225371675073e-01 7.500000000000000000e-01
1.170685541466686530e+01 7.552335756054791016e-01 7.500000000000000000e-01
1.186157910619941092e+01 7.501508819730213773e-01 7.500000000000000000e-01
1.201542721049169948e+01 7.468178890252644697e-01 7.500000000000000000e-01
1.216839687956076688e+01 7.449043455499392286e-01 7.500000000000000000e-01
1.231974721420798069e+01 7.439421195966882117e-01 7.500000000000000000e-01
1.236482782070458519e+01 7.441733433908147566e-01 7.500000000000000000e-01
1.247128165280237333e+01 7.462271436898967325e-01 7.500000000000000000e-01
1.262247946416380984e+01 7.510999056466268753e-01 7.500000000000000000e-01
1.277224650801769990e+01 7.541926962063784101e-01 7.500000000000000000e-01
1.292235265712505665e+01 7.566424971577914160e-01 7.500000000000000000e-01
1.306969971481751358e+01 7.595266927281121294e-01 7.500000000000000000e-01
1.319296991630457683e+01 7.600609189811828870e-01 7.500000000000000000e-01
1.321796154376677812e+01 7.599448231030803136e-01 7.500000000000000000e-01
1.336550790853463866e+01 7.593617223869766342e-01 7.500000000000000000e-01
1.351097516044100288e+01 7.603836247073528787e-01 7.500000000000000000e-01
1.365766846872398510e+01 7.609759680506339441e-01 7.500000000000000000e-01
1.380111739674735816e+01 7.603167450458075960e-01 7.500000000000000000e-01
1.000000000000000000e+02 7.603167450458075960e-01 7.500000000000000000e-01
