0.000000000000000000e+00 1.466397622279653090e+00 1.000000000000000000e+00
3.917255724175284781e-01 1.466397622279653090e+00 1.000000000000000000e+00
4.674113564349052230e-01 1.418356666822543799e+00 1.000000000000000000e+00
5.474782543884694208e-01 1.339906302583403486e+00 1.000000000000000000e+00
5.774371999538666644e-01 1.309935775996137641e+00 1.000000000000000000e+00
6.314068072030226686e-01 1.264463120102097049e+00 1.000000000000000000e+00
7.194873593727676431e-01 1.220834656657984851e+00 1.000000000000000000e+00
8.109448825043552578e-01 1.198735549851525750e+00 1.000000000000000000e+00
8.422132138227784726e-01 1.193169960427782339e+00 1.000000000000000000e+00
9.061188272887970019e-01 1.183528147650896978e+00 1.000000000000000000e+00
1.004665898664839130e+00 1.176123090022017870e+00 1.000000000000000000e+00
1.085968332123915081e+00 1.185839427785700728e+00 1.000000000000000000e+00
1.106501505049128475e+00 1.190590560901871875e+00 1.000000000000000000e+00
1.182920404234646394e+00 1.205883594406480963e+00 1.000000000000000000e+00
1.211478151354461685e+00 1.206076709166518102e+00 1.000000000000000000e+00
1.319576395211548014e+00 1.163259940428430061e+00 1.000000000000000000e+00
1.430470762476865554e+00 1.092797565308037511e+00 1.000000000000000000e+00
1.544197705198365744e+00 1.063363554180157156e+00 1.000000000000000000e+00
1.653814639749173754e+00 1.061539178866891753e+00 1.000000000000000000e+00
1.660657046476660348e+00 1.061566285909340879e+00 1.000000000000000000e+00
1.779847304309380762e+00 1.061957788530407676e+00 1.000000000000000000e+00
1.901390789703710338e+00 1.061398887161009386e+00 1.000000000000000000e+00
2.025951381949809171e+00 1.055863803579483173e+00 1.000000000000000000e+00
2.152139622755751436e+00 1.052725770142280970e+00 1.000000000000000000e+00
2.281014499619973712e+00 1.052708277259446934e+00 1.000000000000000000e+00
2.411775636106196163e+00 1.051119812684400578e+00 1.000000000000000000e+00
2.545050089492480350e+00 1.058103398414130591e+00 1.000000000000000000e+00
2.680395706997372951e+00 1.046819002786206321e+00 1.000000000000000000e+00
3.240429007818022011e+00 7.960690303865654016e-01 7.500000000000000000e-01
3.384824218417391783e+00 7.982790720486194758e-01 7.500000000000000000e-01
3.531144827027502764e+00 8.002667751542756891e-01 7.500000000000000000e-01
3.678747027248594037e+00 7.935622690282336800e-01 7.500000000000000000e-01
3.735663815473420968e+00 7.911887494626177464e-01 7.500000000000000000e-01
3.827599569820539394e+00 7.903821227764308288e-01 7.500000000000000000e-01
3.977470154079223441e+00 7.957813180825091814e-01 7.500000000000000000e-01
4.129494751990056223e+00 8.149649059035251053e-01 7.500000000000000000e-01
4.282119766684635565e+00 8.252977492825348538e-01 7.500000000000000000e-01
4.437499004000109437e+00 8.190446231145112055e-01 7.500000000000000000e-01
4.593177723478454766e+00 8.203265527675420721e-01 7.500000000000000000e-01
4.751786664380938774e+00 8.384073646344398778e-01 7.500000000000000000e-01
4.906400013678026362e+00 8.284290355739404310e-01 7.500000000000000000e-01
5.067783290523580675e+00 7.987828649408400539e-01 7.500000000000000000e-01
5.224299378226813673e+00 8.140737147546379671e-01 7.500000000000000000e-01
5.384346750236503887e+00 8.260552933144943433e-01 7.500000000000000000e-01
5.547815902446084024e+00 8.114084322142656180e-01 7.500000000000000000e-01
5.705340319601392984e+00 8.158695589021984773e-01 7.500000000000000000e-01
5.869568255955996960e+00 8.194295661426397315e-01 7.500000000000000000e-01
6.034285524669872558e+00 8.171345953774048487e-01 7.500000000000000000e-01
6.194624598626485401e+00 8.202844661539211435e-01 7.500000000000000000e-01
6.358964325666927486e+00 8.260400720297793598e-01 7.500000000000000000e-01
6.520755064122342404e+00 8.273194353791265554e-01 7.500000000000000000e-01
6.684840164704366927e+00 8.272776146909531780e-01 7.500000000000000000e-01
6.849500321273856329e+00 8.249744486466809024e-01 7.500000000000000000e-01
7.016768896341544881e+00 8.179592418332705117e-01 7.500000000000000000e-01
7.180428693690494413e+00 8.157040232784674716e-01 7.500000000000000000e-01
7.344226681509185894e+00 8.142253429392307673e-01 7.500000000000000000e-01
7.508922206430057145e+00 8.116036735798464186e-01 7.500000000000000000e-01
7.677689312813059885e+00 8.094448609837392450e-01 7.500000000000000000e-01
7.839220545043874999e+00 8.120755528816772095e-01 7.500000000000000000e-01
8.005322036550325038e+00 8.152145625475085700e-01 7.500000000000000000e-01
8.175320755020319297e+00 8.192192934291334661e-01 7.500000000000000000e-01
8.338542718784925256e+00 8.186089827582900824e-01 7.500000000000000000e-01
8.503878607999210359e+00 8.147241607475762537e-01 7.500000000000000000e-01
8.663791226067116824e+00 8.126676073420922020e-01 7.500000000000000000e-01
8.832200091983905210e+00 8.133490654066992676e-01 7.500000000000000000e-01
8.995696032897297911e+00 8.160685296527663279e-01 7.500000000000000000e-01
9.154931895966452515e+00 8.132763367192770154e-01 7.500000000000000000e-01
9.323656132210965453e+00 8.103656933625674741e-01 7.500000000000000000e-01
9.482755401673793827e+00 8.122715506726775336e-01 7.500000000000000000e-01
9.645911705383738877e+00 8.156595676008490114e-01 7.500000000000000000e-01
9.805955059499282811e+00 8.169448947684195828e-01 7.500000000000000000e-01
9.969151264230854181e+00 8.134371296468869694e-01 7.500000000000000000e-01
1.013469466778943229e+01 8.088104439543640778e-01 7.500000000000000000e-01
1.028851571621678396e+01 8.115923691263946527e-01 7.500000000000000000e-01
1.045055345318986717e+01 8.133000815012969564e-01 7.500000000000000000e-01
1.061541274910233845e+01 8.115491346066726619e-01 7.500000000000000000e-01
1.077330637543802183e+01 8.124951110955036526e-01 7.500000000000000000e-01
1.092571286302979239e+01 8.158915458709555812e-01 7.500000000000000000e-01
1.109018448374199117e+01 8.157903108063815356e-01 7.500000000000000000e-01
1.124137760472350323e+01 8.152463123394454447e-01 7.500000000000000000e-01
1.140273246244595384e+01 8.164207877963937099e-01 7.500000000000000000e-01
1.155769668897711533e+01 8.174310853468167437e-01 7.500000000000000000e-01
1.170965670425929517e+01 8.172092315813418439e-01 7.500000000000000000e-01
1.186228046807450376e+01 8.155560999642215148e-01 7.500000000000000000e-01
1.202087135910781512e+01 8.100388047707227646e-01 7.500000000000000000e-01
1.212123842236805338e+01 8.116246553819256304e-01 7.500000000000000000e-01
1.216939881189660255e+01 8.137415016582476568e-01 7.500000000000000000e-01
1.232242975410967389e+01 8.214493206618255217e-01 7.500000000000000000e-01
1.247394199907940404e+01 8.247377601150016613e-01 7.500000000000000000e-01
1.262501232154563624e+01 8.203414883064814589e-01 7.500000000000000000e-01
1.277689765633125596e+01 8.203131854685756785e-01 7.500000000000000000e-01
1.292897867204693796e+01 8.240821514698876138e-01 7.500000000000000000e-01
1.307621945750228853e+01 8.199530787969853129e-01 7.500000000000000000e-01
1.322216511314388399e+01 8.147894642156311429e-01 7.500000000000000000e-01
1.336689941427890993e+01 8.163359222649274605e-01 7.500000000000000000e-01
1.351094348087123187e+01 8.165890921690299731e-01 7.500000000000000000e-01
1.366503397748550697e+01 8.128171180438111820e-01 7.500000000000000000e-01
1.380309645105753091e+01 8.112685863096040784e-01 7.500000000000000000e-01
1.000000000000000000e+02 8.112685863096040784e-01 7.500000000000000000e-01
