0.000000000000000000e+00 7.689448650924520123e+00 1.000000000000000000e+00
2.544642688067594305e-01 7.689448650924520123e+00 1.000000000000000000e+00
3.206647236883382601e-01 7.111952309649447024e+00 1.000000000000000000e+00
3.917298822098553845e-01 6.341835943228230299e+00 1.000000000000000000e+00
4.267630535382554990e-01 5.990960723478558236e+00 1.000000000000000000e+00
4.673855324740953110e-01 5.657871217346689185e+00 1.000000000000000000e+00
5.473550896429411061e-01 5.271230464606139421e+00 1.000000000000000000e+00
5.580106751214772842e-01 5.245040526627893662e+00 1.000000000000000000e+00
6.314106422325990176e-01 5.157053676592775915e+00 1.000000000000000000e+00
6.552817502900236679e-01 5.156599738792496446e+00 1.000000000000000000e+00
1.004664990359552590e+00 3.886185438842975959e+00 7.500000000000000000e-01
1.082776731778303692e+00 3.770202972696008015e+00 7.500000000000000000e-01
1.106495625124583215e+00 3.740858592088753376e+00 7.500000000000000000e-01
1.186065228436340879e+00 3.685315368715977424e+00 7.500000000000000000e-01
1.211461079384332118e+00 3.682682414205761479e+00 7.500000000000000000e-01
1.309466230787724728e+00 3.728072493321761716e+00 7.500000000000000000e-01
1.319462897283975034e+00 3.735598917171855327e+00 7.500000000000000000e-01
1.430389738742334549e+00 3.773126984208453827e+00 7.500000000000000000e-01
1.521373817272672735e+00 3.620686704408885515e+00 7.500000000000000000e-01
1.871904603408352186e+00 2.630472583633213013e+00 5.000000000000000000e-01
1.901384106711277333e+00 2.595568102553891698e+00 5.000000000000000000e-01
1.933242635960831679e+00 2.560225275090771024e+00 5.000000000000000000e-01
1.989145839724877574e+00 2.518274929332998902e+00 5.000000000000000000e-01
2.014290151330035528e+00 2.509154241983875711e+00 5.000000000000000000e-01
2.025491235734983242e+00 2.507489996135981336e+00 5.000000000000000000e-01
2.039236150755077137e+00 2.506156720646343761e+00 5.000000000000000000e-01
2.062246554474417071e+00 2.507220045761250127e+00 5.000000000000000000e-01
2.092258077925305049e+00 2.512260695700308855e+00 5.000000000000000000e-01
2.117194796358025766e+00 2.518180485105273814e+00 5.000000000000000000e-01
2.141878410466273586e+00 2.524729590533747015e+00 5.000000000000000000e-01
2.151996414436527782e+00 2.527471201688538116e+00 5.000000000000000000e-01
2.176041199958660854e+00 2.533947584179166768e+00 5.000000000000000000e-01
2.478385897555024364e+00 2.253697154564789695e+00 2.500000000000000000e-01
2.515613183029760780e+00 2.250026009007719985e+00 2.500000000000000000e-01
2.544913081980889835e+00 2.247003355443567330e+00 2.500000000000000000e-01
2.563573699073287582e+00 2.245200568579884148e+00 2.500000000000000000e-01
2.601059956933143624e+00 2.242189808016031183e+00 2.500000000000000000e-01
2.642316924189077820e+00 2.240069361028252271e+00 2.500000000000000000e-01
2.680096504073577357e+00 2.238846060179571218e+00 2.500000000000000000e-01
2.685158318441408287e+00 2.238675433626478917e+00 2.500000000000000000e-01
2.747137321924344455e+00 2.234846263773719865e+00 2.500000000000000000e-01
2.802444721945699602e+00 2.225471242503978431e+00 2.500000000000000000e-01
2.817262050918718508e+00 2.221586334548052655e+00 2.500000000000000000e-01
2.857878775696771179e+00 2.208978512061232191e+00 2.500000000000000000e-01
2.918956206983576163e+00 2.189365379199788020e+00 2.500000000000000000e-01
2.956346253868515461e+00 2.181710038683278174e+00 2.500000000000000000e-01
2.968158543082295431e+00 2.180290462563351905e+00 2.500000000000000000e-01
3.281355925075924329e+00 2.060794627551322034e+00 0.000000000000000000e+00
3.348216112772933961e+00 2.071281471933187568e+00 0.000000000000000000e+00
3.384336402154776824e+00 2.076277672248325601e+00 0.000000000000000000e+00
3.428107623594584208e+00 2.081320371123537960e+00 0.000000000000000000e+00
3.488605202278592721e+00 2.086910442173094182e+00 0.000000000000000000e+00
3.530336743020952905e+00 2.090657316621599371e+00 0.000000000000000000e+00
3.557576422951620021e+00 2.093264222004165731e+00 0.000000000000000000e+00
3.642752824532668576e+00 2.099955169187612825e+00 0.000000000000000000e+00
3.677881497282515788e+00 2.100103822600329462e+00 0.000000000000000000e+00
3.728884402093777695e+00 2.096050865666680973e+00 0.000000000000000000e+00
3.826933126491536719e+00 2.079103533270597826e+00 0.000000000000000000e+00
3.830840284379344762e+00 2.078397378311395371e+00 0.000000000000000000e+00
3.937675016104899228e+00 2.064045434183740202e+00 0.000000000000000000e+00
3.977304341777549102e+00 2.061218234876993183e+00 0.000000000000000000e+00
4.129042634063944561e+00 2.057269873962332074e+00 0.000000000000000000e+00
4.282021193086635868e+00 2.058432478275513233e+00 0.000000000000000000e+00
4.342700536280908352e+00 2.058013795934135803e+00 0.000000000000000000e+00
4.436239145733559042e+00 2.065141005013183761e+00 0.000000000000000000e+00
4.591667093992001014e+00 2.101879643704939404e+00 0.000000000000000000e+00
4.748108723442761026e+00 2.124989443536281275e+00 0.000000000000000000e+00
4.750748939891315636e+00 2.125204315944975164e+00 0.000000000000000000e+00
4.905440803835163344e+00 2.129244657756629966e+00 0.000000000000000000e+00
5.063749054994408638e+00 2.108794796112837489e+00 0.000000000000000000e+00
5.222913507227581853e+00 2.083964632522722571e+00 0.000000000000000000e+00
5.257495278741201261e+00 2.078563329214183852e+00 0.000000000000000000e+00
5.382921047907322176e+00 2.062612576051210844e+00 0.000000000000000000e+00
5.543705074178883585e+00 2.064031323903770865e+00 0.000000000000000000e+00
5.705181679406817530e+00 2.076982565201074937e+00 0.000000000000000000e+00
5.867144718337976350e+00 2.079731350497725284e+00 0.000000000000000000e+00
6.029774129202945865e+00 2.073013191183170623e+00 0.000000000000000000e+00
6.139671330613245992e+00 2.067258686581523008e+00 0.000000000000000000e+00
6.192795998010359959e+00 2.063756406482464723e+00 0.000000000000000000e+00
6.356381458820729691e+00 2.052396033964302813e+00 0.000000000000000000e+00
6.520324666132322200e+00 2.049470295512556550e+00 0.000000000000000000e+00
6.684535249324531136e+00 2.033859610832071230e+00 0.000000000000000000e+00
6.849060698482651866e+00 2.020544308765273023e+00 0.000000000000000000e+00
7.013809822658655158e+00 2.014122448908783447e+00 0.000000000000000000e+00
7.178859986811188421e+00 2.006668105148152748e+00 0.000000000000000000e+00
7.343812204260291132e+00 2.003873093771297409e+00 0.000000000000000000e+00
7.360239528469684878e+00 2.003572109821475600e+00 0.000000000000000000e+00
7.360345138360328221e+00 2.003570063094876730e+00 0.000000000000000000e+00
7.508909003632448176e+00 1.997749669607661538e+00 0.000000000000000000e+00
7.674068505906148197e+00 1.988353871121524730e+00 0.000000000000000000e+00
7.839223773103461745e+00 1.984494767375033719e+00 0.000000000000000000e+00
8.004348580807343794e+00 1.986136218937271991e+00 0.000000000000000000e+00
8.169336967785019610e+00 1.996051326523950564e+00 0.000000000000000000e+00
8.334171982343759666e+00 2.001874900659928791e+00 0.000000000000000000e+00
8.498796245237553393e+00 2.008928999812284566e+00 0.000000000000000000e+00
8.655094255602724829e+00 2.014045225254719629e+00 0.000000000000000000e+00
8.663399124223236214e+00 2.014008728141083893e+00 0.000000000000000000e+00
8.827624163118381162e+00 2.003747203197630888e+00 0.000000000000000000e+00
8.991419747409008068e+00 1.977328801162190119e+00 0.000000000000000000e+00
9.155062193561592565e+00 1.960033585091008446e+00 0.000000000000000000e+00
9.318156282516030231e+00 1.960974949105815046e+00 0.000000000000000000e+00
9.481028303352934117e+00 1.962019102326521214e+00 0.000000000000000000e+00
9.643402122257894504e+00 1.961980056479444068e+00 0.000000000000000000e+00
9.805423134881664282e+00 1.965477804538182660e+00 0.000000000000000000e+00
9.966944577969423236e+00 1.959543801248508910e+00 0.000000000000000000e+00
1.010050614449652961e+01 1.954371603622506504e+00 0.000000000000000000e+00
1.012806238259190472e+01 1.953673273759769513e+00 0.000000000000000000e+00
1.028881340325029647e+01 1.948775303031521577e+00 0.000000000000000000e+00
1.044845290962980577e+01 1.943354580016993349e+00 0.000000000000000000e+00
1.060787300743860584e+01 1.940763166733205480e+00 0.000000000000000000e+00
1.076693011565512492e+01 1.945959510902552703e+00 0.000000000000000000e+00
1.092524637592015857e+01 1.942873518004022415e+00 0.000000000000000000e+00
1.108260943090350281e+01 1.931786491204163125e+00 0.000000000000000000e+00
1.123960891357793379e+01 1.924104879165975168e+00 0.000000000000000000e+00
1.131517775767876621e+01 1.924108713124723202e+00 0.000000000000000000e+00
1.139608790392023430e+01 1.926076204735656994e+00 0.000000000000000000e+00
1.155164268858550258e+01 1.934499988396460868e+00 0.000000000000000000e+00
1.170660666197147570e+01 1.948823475882125900e+00 0.000000000000000000e+00
1.186091729064439626e+01 1.978490841528150357e+00 0.000000000000000000e+00
1.191550016827006964e+01 1.995836315899945035e+00 0.000000000000000000e+00
1.201459777896741699e+01 2.030631452542342341e+00 0.000000000000000000e+00
1.216746510151957850e+01 2.071850793739452357e+00 0.000000000000000000e+00
1.231979683979594320e+01 2.094107212483665048e+00 0.000000000000000000e+00
1.242427521206976415e+01 2.100142859087817282e+00 0.000000000000000000e+00
1.247116211452237877e+01 2.101147753294722698e+00 0.000000000000000000e+00
1.262197377273488108e+01 2.100220976592056754e+00 0.000000000000000000e+00
1.277200096608321367e+01 2.098386174457484987e+00 0.000000000000000000e+00
1.292132872323831627e+01 2.096865418399878056e+00 0.000000000000000000e+00
1.306985642911922341e+01 2.094319557649211738e+00 0.000000000000000000e+00
1.321738112886976779e+01 2.097689209850699843e+00 0.000000000000000000e+00
1.336440952989646647e+01 2.104865304733002596e+00 0.000000000000000000e+00
1.351065356465850442e+01 2.102974723206778584e+00 0.000000000000000000e+00
1.354846617046351653e+01 2.100048835852125428e+00 0.000000000000000000e+00
1.365639876949188647e+01 2.090040310346960251e+00 0.000000000000000000e+00
1.380090800004243867e+01 2.083726236866707993e+00 0.000000000000000000e+00
1.000000000000000000e+02 2.083726236866707993e+00 0.000000000000000000e+00
