0.000000000000000000e+00 9.107530538571374512e-01 1.000000000000000000e+00
3.917280481286812277e-01 9.107530538571374512e-01 1.000000000000000000e+00
4.674029029241318911e-01 9.137645235793366849e-01 1.000000000000000000e+00
4.993786789288895966e-01 9.164290274791820901e-01 1.000000000000000000e+00
5.473632639791078391e-01 9.185270944494555723e-01 1.000000000000000000e+00
5.639126807131166208e-01 9.180083373406697778e-01 1.000000000000000000e+00
6.314878950872738761e-01 9.022135354747363722e-01 1.000000000000000000e+00
6.826287124183020305e-01 8.750694203533511129e-01 1.000000000000000000e+00
7.193243270821154667e-01 8.498381770640249799e-01 1.000000000000000000e+00
7.393851958683687053e-01 8.349195067270633874e-01 1.000000000000000000e+00
1.106585540841620752e+00 6.334344950640561356e-01 7.500000000000000000e-01
1.211541480699725115e+00 6.267943676550850052e-01 7.500000000000000000e-01
1.257907763371266308e+00 6.241458833966289088e-01 7.500000000000000000e-01
1.319464056470257329e+00 6.255798506670970927e-01 7.500000000000000000e-01
1.406541235367311460e+00 6.368270916599507725e-01 7.500000000000000000e-01
1.430452820307091422e+00 6.406295945865480013e-01 7.500000000000000000e-01
1.544159498177305023e+00 6.557259280014058334e-01 7.500000000000000000e-01
1.660629107339572474e+00 6.684569436801820475e-01 7.500000000000000000e-01
1.779785923897407862e+00 6.792876223820495385e-01 7.500000000000000000e-01
1.901440018054818992e+00 6.840808714119149814e-01 7.500000000000000000e-01
2.025509031199841381e+00 6.847281197377489415e-01 7.500000000000000000e-01
2.100418689162165897e+00 6.846872805397533623e-01 7.500000000000000000e-01
2.152080852110367815e+00 6.849345517133064165e-01 7.500000000000000000e-01
2.281012106217338076e+00 6.856690447836121249e-01 7.500000000000000000e-01
2.411766464653963382e+00 6.830587923352854363e-01 7.500000000000000000e-01
2.545262697514227845e+00 6.787786294569898571e-01 7.500000000000000000e-01
2.680653441564358364e+00 6.771966274131302477e-01 7.500000000000000000e-01
2.817779978987036138e+00 6.787465465302947587e-01 7.500000000000000000e-01
2.956465984844926620e+00 6.853168232826596373e-01 7.500000000000000000e-01
3.097418370360700557e+00 6.970951318459958079e-01 7.500000000000000000e-01
3.183211857057670180e+00 6.990915534877553128e-01 7.500000000000000000e-01
3.240416847947115375e+00 6.962118917772920357e-01 7.500000000000000000e-01
3.384386947265271228e+00 6.796941792318066389e-01 7.500000000000000000e-01
3.530568877879641576e+00 6.708053404296016042e-01 7.500000000000000000e-01
3.677929247236751742e+00 6.814952990656245602e-01 7.500000000000000000e-01
3.826909105921095566e+00 7.013175710247607775e-01 7.500000000000000000e-01
3.977262221702718037e+00 7.043756566389626217e-01 7.500000000000000000e-01
4.129167273171224117e+00 7.026714177210127144e-01 7.500000000000000000e-01
4.282348097676146992e+00 7.003527960376368933e-01 7.500000000000000000e-01
4.437025362835096409e+00 6.930881731879465768e-01 7.500000000000000000e-01
4.592611021324593423e+00 6.940683013241810695e-01 7.500000000000000000e-01
4.673830585222153999e+00 6.970420555256445772e-01 7.500000000000000000e-01
4.749046132990666358e+00 7.003782951929351519e-01 7.500000000000000000e-01
4.905782103798302707e+00 7.089462965789620208e-01 7.500000000000000000e-01
5.064775974095359956e+00 7.131101695811925545e-01 7.500000000000000000e-01
5.223388147550688032e+00 7.127515010637524018e-01 7.500000000000000000e-01
5.383711942490517544e+00 7.075993385464059982e-01 7.500000000000000000e-01
5.544217954555157313e+00 7.010334138579501495e-01 7.500000000000000000e-01
5.705190172620175915e+00 6.994313646966395792e-01 7.500000000000000000e-01
5.867476326794692554e+00 7.006462940573555676e-01 7.500000000000000000e-01
6.030077925061599231e+00 7.051718769228998429e-01 7.500000000000000000e-01
6.192842821820464749e+00 7.056587249905988957e-01 7.500000000000000000e-01
6.234382744886509897e+00 7.043728334684677961e-01 7.500000000000000000e-01
6.356339571573941249e+00 6.994807002775783600e-01 7.500000000000000000e-01
6.520691943557422654e+00 6.962375237249625037e-01 7.500000000000000000e-01
6.684562016711914190e+00 6.906915763944846409e-01 7.500000000000000000e-01
6.849548635958284670e+00 6.879946851859473078e-01 7.500000000000000000e-01
7.014214907138436317e+00 6.928782343365634810e-01 7.500000000000000000e-01
7.178856422749799293e+00 6.974634744387916419e-01 7.500000000000000000e-01
7.344690372861830241e+00 7.028902806525292313e-01 7.500000000000000000e-01
7.509088552772303693e+00 7.069947176092674646e-01 7.500000000000000000e-01
7.674244167362161306e+00 7.068089296357458196e-01 7.500000000000000000e-01
7.706505945514551925e+00 7.068529722056500209e-01 7.500000000000000000e-01
7.839334792415646014e+00 7.074332881074228974e-01 7.500000000000000000e-01
8.004309014879805062e+00 7.048369443871563833e-01 7.500000000000000000e-01
8.170052219290630191e+00 7.045147953113112260e-01 7.500000000000000000e-01
8.334205781609533403e+00 7.078139944804889838e-01 7.500000000000000000e-01
8.498955729932141878e+00 7.077732999443706596e-01 7.500000000000000000e-01
8.663291587383310954e+00 7.005428932062208736e-01 7.500000000000000000e-01
8.828929674503820380e+00 6.994625781088914529e-01 7.500000000000000000e-01
8.991841393879044020e+00 6.999276534510863179e-01 7.500000000000000000e-01
9.110382358529445668e+00 7.006737846679879089e-01 7.500000000000000000e-01
9.155302400239270000e+00 7.009683895509825069e-01 7.500000000000000000e-01
9.318423188619341602e+00 7.003619523418649351e-01 7.500000000000000000e-01
9.481173716574035737e+00 7.005233272354162155e-01 7.500000000000000000e-01
9.644190815464618538e+00 7.021874318473555476e-01 7.500000000000000000e-01
9.805524187354969001e+00 7.012808359517682666e-01 7.500000000000000000e-01
9.968150489908529366e+00 7.029876377098961404e-01 7.500000000000000000e-01
1.013167508945477202e+01 7.038185941348205077e-01 7.500000000000000000e-01
1.029058396140795395e+01 7.011684216845317508e-01 7.500000000000000000e-01
1.044883360447014553e+01 6.973212814170692830e-01 7.500000000000000000e-01
1.060785588577129879e+01 6.948369527274039781e-01 7.500000000000000000e-01
1.076816423087360697e+01 6.948932306984374474e-01 7.500000000000000000e-01
1.092555112868294742e+01 6.982445732199313859e-01 7.500000000000000000e-01
1.108305463504244237e+01 7.007862574719639914e-01 7.500000000000000000e-01
1.121756669442734911e+01 7.001063991739728820e-01 7.500000000000000000e-01
1.123985743028177531e+01 6.997458815878667693e-01 7.500000000000000000e-01
1.139656536794201536e+01 6.975731694641031932e-01 7.500000000000000000e-01
1.155208774878045475e+01 6.968706150001230393e-01 7.500000000000000000e-01
1.170674134697055280e+01 6.964275628175432553e-01 7.500000000000000000e-01
1.186092116192996926e+01 6.962363645039078008e-01 7.500000000000000000e-01
1.201461901331338034e+01 6.968554942622873227e-01 7.500000000000000000e-01
1.216807516505263465e+01 6.958667618608141980e-01 7.500000000000000000e-01
1.232072617961151018e+01 6.959196046043484296e-01 7.500000000000000000e-01
1.247151004219291082e+01 6.963120238876309154e-01 7.500000000000000000e-01
1.247771627156416052e+01 6.963245145877552389e-01 7.500000000000000000e-01
1.262311092409120583e+01 6.962592861308887215e-01 7.500000000000000000e-01
1.277222672318706387e+01 6.955790050776329281e-01 7.500000000000000000e-01
1.292374224453485532e+01 6.961295851098974197e-01 7.500000000000000000e-01
1.306993109124727503e+01 6.966842351258035748e-01 7.500000000000000000e-01
1.321835329092905553e+01 6.958753982695422557e-01 7.500000000000000000e-01
1.336671133339138606e+01 6.959458107122166171e-01 7.500000000000000000e-01
1.351107355683160982e+01 6.964809745666598051e-01 7.500000000000000000e-01
1.365686525188714739e+01 6.960978852987426135e-01 7.500000000000000000e-01
1.380153933041350989e+01 6.961057172119071712e-01 7.500000000000000000e-01
1.000000000000000000e+02 6.961057172119071712e-01 7.500000000000000000e-01
