0.000000000000000000e+00 1.019424877989219436e+00 1.000000000000000000e+00
3.917255724175284781e-01 1.019424877989219436e+00 1.000000000000000000e+00
9.061188272887970019e-01 5.796369894072029849e-01 7.500000000000000000e-01
1.004665898664839130e+00 5.219587144794161082e-01 5.000000000000000000e-01
1.182920404234646394e+00 3.978562331331687574e-01 2.500000000000000000e-01
1.430470762476865554e+00 3.719895544404717147e-01 0.000000000000000000e+00
1.544197705198365744e+00 3.727369494767489022e-01 0.000000000000000000e+00
1.653814639749173754e+00 3.762489141409742222e-01 0.000000000000000000e+00
1.660657046476660348e+00 3.763088352354189148e-01 0.000000000000000000e+00
1.779847304309380762e+00 3.765110195940150617e-01 0.000000000000000000e+00
1.901390789703710338e+00 3.763002973489934511e-01 0.000000000000000000e+00
2.025951381949809171e+00 3.740657642804807170e-01 0.000000000000000000e+00
2.152139622755751436e+00 3.723898228628240159e-01 0.000000000000000000e+00
2.281014499619973712e+00 3.715483506150802362e-01 0.000000000000000000e+00
2.411775636106196163e+00 3.724600975566593752e-01 0.000000000000000000e+00
2.545050089492480350e+00 3.755639728157539881e-01 0.000000000000000000e+00
2.680395706997372951e+00 3.694353413551133003e-01 0.000000000000000000e+00
2.817504752038368476e+00 3.630071560623164828e-01 0.000000000000000000e+00
2.956982417596677237e+00 3.709869106188372623e-01 0.000000000000000000e+00
3.097826334542467475e+00 3.725335009437406031e-01 0.000000000000000000e+00
3.240429007818022011e+00 3.680566193743145531e-01 0.000000000000000000e+00
3.384824218417391783e+00 3.673797111024430517e-01 0.000000000000000000e+00
3.531144827027502764e+00 3.678524799843282400e-01 0.000000000000000000e+00
3.678747027248594037e+00 3.660246906827341329e-01 0.000000000000000000e+00
3.735663815473420968e+00 3.654811096174284124e-01 0.000000000000000000e+00
3.827599569820539394e+00 3.653532724622600147e-01 0.000000000000000000e+00
3.977470154079223441e+00 3.683320664776247866e-01 0.000000000000000000e+00
4.129494751990056223e+00 3.804823011222276397e-01 0.000000000000000000e+00
4.282119766684635565e+00 3.860519344308031564e-01 0.000000000000000000e+00
4.437499004000109437e+00 3.808668801462523068e-01 0.000000000000000000e+00
4.593177723478454766e+00 3.791393850595817794e-01 0.000000000000000000e+00
4.751786664380938774e+00 3.863856657703376718e-01 0.000000000000000000e+00
4.906400013678026362e+00 3.848072663175368113e-01 0.000000000000000000e+00
5.067783290523580675e+00 3.716980558803634205e-01 0.000000000000000000e+00
5.224299378226813673e+00 3.769207210656698170e-01 0.000000000000000000e+00
5.384346750236503887e+00 3.784851908346941740e-01 0.000000000000000000e+00
5.547815902446084024e+00 3.711802880394701742e-01 0.000000000000000000e+00
5.705340319601392984e+00 3.723977122486255564e-01 0.000000000000000000e+00
5.869568255955996960e+00 3.746042667034890083e-01 0.000000000000000000e+00
6.034285524669872558e+00 3.763005956196056601e-01 0.000000000000000000e+00
6.194624598626485401e+00 3.790543396883892524e-01 0.000000000000000000e+00
6.358964325666927486e+00 3.823257218491572518e-01 0.000000000000000000e+00
6.520755064122342404e+00 3.807641570561813293e-01 0.000000000000000000e+00
6.684840164704366927e+00 3.790177545189559183e-01 0.000000000000000000e+00
6.849500321273856329e+00 3.784196220660067667e-01 0.000000000000000000e+00
7.016768896341544881e+00 3.754342401499832227e-01 0.000000000000000000e+00
7.180428693690494413e+00 3.725368557552794502e-01 0.000000000000000000e+00
7.344226681509185894e+00 3.709474632929229965e-01 0.000000000000000000e+00
7.508922206430057145e+00 3.713477115709523102e-01 0.000000000000000000e+00
7.677689312813059885e+00 3.716765403720523886e-01 0.000000000000000000e+00
7.839220545043874999e+00 3.732859450202800633e-01 0.000000000000000000e+00
8.005322036550325038e+00 3.735038027950523531e-01 0.000000000000000000e+00
8.175320755020319297e+00 3.737535809695838318e-01 0.000000000000000000e+00
8.338542718784925256e+00 3.736850804304875928e-01 0.000000000000000000e+00
8.503878607999210359e+00 3.723212738840546709e-01 0.000000000000000000e+00
8.663791226067116824e+00 3.711112753951201215e-01 0.000000000000000000e+00
8.832200091983905210e+00 3.715477953969822389e-01 0.000000000000000000e+00
8.995696032897297911e+00 3.736333857243739898e-01 0.000000000000000000e+00
9.154931895966452515e+00 3.736656416746835241e-01 0.000000000000000000e+00
9.323656132210965453e+00 3.732750280299286794e-01 0.000000000000000000e+00
9.482755401673793827e+00 3.735428707661547776e-01 0.000000000000000000e+00
9.645911705383738877e+00 3.743524972935226569e-01 0.000000000000000000e+00
9.805955059499282811e+00 3.752387572375390223e-01 0.000000000000000000e+00
9.969151264230854181e+00 3.742795180297898705e-01 0.000000000000000000e+00
1.013469466778943229e+01 3.707807653587434360e-01 0.000000000000000000e+00
1.028851571621678396e+01 3.710801597865051593e-01 0.000000000000000000e+00
1.045055345318986717e+01 3.727592220812844803e-01 0.000000000000000000e+00
1.061541274910233845e+01 3.729167087430110272e-01 0.000000000000000000e+00
1.077330637543802183e+01 3.732737433252707460e-01 0.000000000000000000e+00
1.092571286302979239e+01 3.740747200096899983e-01 0.000000000000000000e+00
1.109018448374199117e+01 3.750284757434877991e-01 0.000000000000000000e+00
1.124137760472350323e+01 3.761221989188464065e-01 0.000000000000000000e+00
1.140273246244595384e+01 3.754481439804214227e-01 0.000000000000000000e+00
1.155769668897711533e+01 3.756575217527659549e-01 0.000000000000000000e+00
1.170965670425929517e+01 3.763133547589149197e-01 0.000000000000000000e+00
1.186228046807450376e+01 3.742097380028072129e-01 0.000000000000000000e+00
1.202087135910781512e+01 3.698321286239246719e-01 0.000000000000000000e+00
1.212123842236805338e+01 3.712787988525768634e-01 0.000000000000000000e+00
1.216939881189660255e+01 3.729232134296650014e-01 0.000000000000000000e+00
1.232242975410967389e+01 3.775453343667981021e-01 0.000000000000000000e+00
1.247394199907940404e+01 3.788295465869927492e-01 0.000000000000000000e+00
1.262501232154563624e+01 3.773897712264430715e-01 0.000000000000000000e+00
1.277689765633125596e+01 3.768408891668025840e-01 0.000000000000000000e+00
1.292897867204693796e+01 3.777053009486570079e-01 0.000000000000000000e+00
1.307621945750228853e+01 3.767754987627499053e-01 0.000000000000000000e+00
1.322216511314388399e+01 3.739195915451614116e-01 0.000000000000000000e+00
1.336689941427890993e+01 3.736907835480530737e-01 0.000000000000000000e+00
1.351094348087123187e+01 3.737365672738377498e-01 0.000000000000000000e+00
1.366503397748550697e+01 3.737427807175633943e-01 0.000000000000000000e+00
1.380309645105753091e+01 3.729640455348990913e-01 0.000000000000000000e+00
1.000000000000000000e+02 3.729640455348990913e-01 0.000000000000000000e+00
