0.000000000000000000e+00 2.999156190536049760e+00 1.000000000000000000e+00
1.946070522241255263e-01 2.999156190536049760e+00 1.000000000000000000e+00
2.544948499449402046e-01 2.999156190536049760e+00 1.000000000000000000e+00
3.206659886834267170e-01 2.410765492961321588e+00 1.000000000000000000e+00
3.862610311891437331e-01 1.890662938939667193e+00 1.000000000000000000e+00
5.473555058005740159e-01 1.256753883076107359e+00 1.000000000000000000e+00
5.781294623162221979e-01 1.191724664186379012e+00 1.000000000000000000e+00
6.184278755170853348e-01 1.116750258084423741e+00 1.000000000000000000e+00
6.314056114417565535e-01 1.095358822197866955e+00 1.000000000000000000e+00
9.573044006534162653e-01 7.593751789398415220e-01 7.500000000000000000e-01
1.195394731177329195e+00 6.819832561902055001e-01 5.000000000000000000e-01
1.211466403007140702e+00 6.815366726267145792e-01 5.000000000000000000e-01
1.274856792457437438e+00 6.793958564625762753e-01 5.000000000000000000e-01
1.319464458506716786e+00 6.774262690192676128e-01 5.000000000000000000e-01
1.376979493792968245e+00 6.743092434675505009e-01 5.000000000000000000e-01
1.430453809555262135e+00 6.709614491083800702e-01 5.000000000000000000e-01
1.544144443082615670e+00 6.634284771787740675e-01 5.000000000000000000e-01
1.632846133593028881e+00 6.583413835404143821e-01 5.000000000000000000e-01
1.660829334682560443e+00 6.570475333638543525e-01 5.000000000000000000e-01
2.042905070646497290e+00 5.502221232712755095e-01 2.500000000000000000e-01
2.152121664123739730e+00 5.507783334444664725e-01 2.500000000000000000e-01
2.280823185430871369e+00 5.519457020175172479e-01 2.500000000000000000e-01
2.817371281910337810e+00 6.724233840481043112e-01 5.000000000000000000e-01
2.956750457102635732e+00 6.717553796309091441e-01 5.000000000000000000e-01
3.097522013183469980e+00 6.710955162200947788e-01 5.000000000000000000e-01
3.151279343137423972e+00 6.702012936864683024e-01 5.000000000000000000e-01
3.677929664679034261e+00 5.297876023600383011e-01 2.500000000000000000e-01
3.763633179408719887e+00 5.279917361941136589e-01 2.500000000000000000e-01
3.826857810129460358e+00 5.266062319187279073e-01 2.500000000000000000e-01
3.977287891520835394e+00 5.241797805373292762e-01 2.500000000000000000e-01
4.110160124983692320e+00 5.235962074744345829e-01 2.500000000000000000e-01
4.129003754658412184e+00 5.235338818780745918e-01 2.500000000000000000e-01
4.282219590083832905e+00 5.218608753499818231e-01 2.500000000000000000e-01
4.436421184489374170e+00 5.180757629134831177e-01 2.500000000000000000e-01
4.591655936359182455e+00 5.158857650824512087e-01 2.500000000000000000e-01
4.684137725115875561e+00 5.165391549663109760e-01 2.500000000000000000e-01
4.748154272542821630e+00 5.173685526961492309e-01 2.500000000000000000e-01
4.905559451229158263e+00 5.182031728971744355e-01 2.500000000000000000e-01
5.063881947468792610e+00 5.169973400516302275e-01 2.500000000000000000e-01
5.136802451058531283e+00 5.164563625631793942e-01 2.500000000000000000e-01
5.223014972389306010e+00 5.160670653372962935e-01 2.500000000000000000e-01
5.382964447645480988e+00 5.157950471376074875e-01 2.500000000000000000e-01
5.543728228174837902e+00 5.161281042520972084e-01 2.500000000000000000e-01
5.705239128023387174e+00 5.164628498469193696e-01 2.500000000000000000e-01
5.749777517296304374e+00 5.165528175207760864e-01 2.500000000000000000e-01
5.867185764747778975e+00 5.171323478720996070e-01 2.500000000000000000e-01
6.029825104712982942e+00 5.184399589684652865e-01 2.500000000000000000e-01
6.193245234160913881e+00 5.184535200084737783e-01 2.500000000000000000e-01
6.356729984968164437e+00 5.179222472209530359e-01 2.500000000000000000e-01
6.377309564705426759e+00 5.178834350054648539e-01 2.500000000000000000e-01
6.520523440423425576e+00 5.175762005981985325e-01 2.500000000000000000e-01
6.685052145850660210e+00 5.167429334404205488e-01 2.500000000000000000e-01
6.849552555867966852e+00 5.165607999803841777e-01 2.500000000000000000e-01
7.013908186303249082e+00 5.170543294756958508e-01 2.500000000000000000e-01
7.107571355202800589e+00 5.171125627774815214e-01 2.500000000000000000e-01
7.179117030902157026e+00 5.170258118240524947e-01 2.500000000000000000e-01
7.343952618748460281e+00 5.166214154662446267e-01 2.500000000000000000e-01
7.508955288373069692e+00 5.159222199821440480e-01 2.500000000000000000e-01
7.674241958503771777e+00 5.152462154010635231e-01 2.500000000000000000e-01
7.839461952291798319e+00 5.144816301409245174e-01 2.500000000000000000e-01
7.918140619227375332e+00 5.143111140049845265e-01 2.500000000000000000e-01
8.004870464960754717e+00 5.143849097151146355e-01 2.500000000000000000e-01
8.169330706812544918e+00 5.149152254958035968e-01 2.500000000000000000e-01
8.334597487460582599e+00 5.154838908616700133e-01 2.500000000000000000e-01
8.499171235043057493e+00 5.161332762060617529e-01 2.500000000000000000e-01
8.663821898782094522e+00 5.160193652383420204e-01 2.500000000000000000e-01
8.828714450813142989e+00 5.145741403459970220e-01 2.500000000000000000e-01
8.846741592451820679e+00 5.143506039626640769e-01 2.500000000000000000e-01
8.992104869150233881e+00 5.123212335577878029e-01 2.500000000000000000e-01
9.155049594120937329e+00 5.101393213423089934e-01 2.500000000000000000e-01
9.318552273311517808e+00 5.084115427927620168e-01 2.500000000000000000e-01
9.481859727837914420e+00 5.065788360237015731e-01 2.500000000000000000e-01
9.644290115942599328e+00 5.042839650235081406e-01 2.500000000000000000e-01
9.805877182714585416e+00 5.020699888931696719e-01 2.500000000000000000e-01
9.812948781694673883e+00 5.019801261345777643e-01 2.500000000000000000e-01
9.967682946346442918e+00 5.003556614573366756e-01 2.500000000000000000e-01
1.012857227606069266e+01 5.001758901408441815e-01 2.500000000000000000e-01
1.028848587230418232e+01 5.022396597945922858e-01 2.500000000000000000e-01
1.044889347735885465e+01 5.052873149394253582e-01 2.500000000000000000e-01
1.060881146526444851e+01 5.065001714742906058e-01 2.500000000000000000e-01
1.076738898586372528e+01 5.050859695610663280e-01 2.500000000000000000e-01
1.090982036357170593e+01 5.030170238543287820e-01 2.500000000000000000e-01
1.092495038165919397e+01 5.028387771931535077e-01 2.500000000000000000e-01
1.108278743108680686e+01 5.020801795789587851e-01 2.500000000000000000e-01
1.123967559071966171e+01 5.030689828354725224e-01 2.500000000000000000e-01
1.139631779231774367e+01 5.034832576192028730e-01 2.500000000000000000e-01
1.155193275096279670e+01 5.019499859333586000e-01 2.500000000000000000e-01
1.170685541466686530e+01 5.001721278301382023e-01 2.500000000000000000e-01
1.186157910619941092e+01 4.991421195330149052e-01 2.500000000000000000e-01
1.201542721049169948e+01 4.984910966521054476e-01 2.500000000000000000e-01
1.216839687956076688e+01 4.980213813209751206e-01 2.500000000000000000e-01
1.231974721420798069e+01 4.977948130233156299e-01 2.500000000000000000e-01
1.236482782070458519e+01 4.978578038362979630e-01 2.500000000000000000e-01
1.247128165280237333e+01 4.983558313386089456e-01 2.500000000000000000e-01
1.262247946416380984e+01 4.994201372169976838e-01 2.500000000000000000e-01
1.277224650801769990e+01 4.999015708997387453e-01 2.500000000000000000e-01
1.292235265712505665e+01 5.003602655046223147e-01 2.500000000000000000e-01
1.306969971481751358e+01 5.010805480454836314e-01 2.500000000000000000e-01
1.319296991630457683e+01 5.010636203504806874e-01 2.500000000000000000e-01
1.321796154376677812e+01 5.009814203751135064e-01 2.500000000000000000e-01
1.336550790853463866e+01 5.004941969985674532e-01 2.500000000000000000e-01
1.351097516044100288e+01 5.004778334343700230e-01 2.500000000000000000e-01
1.365766846872398510e+01 5.001557671430140184e-01 2.500000000000000000e-01
1.380111739674735816e+01 4.994083601236991576e-01 2.500000000000000000e-01
1.000000000000000000e+02 4.994083601236991576e-01 2.500000000000000000e-01
