0.000000000000000000e+00 2.782186300336280560e+00 1.000000000000000000e+00
1.938900604568013497e-01 2.782186300336280560e+00 1.000000000000000000e+00
2.544643800030089165e-01 2.563691813071654835e+00 1.000000000000000000e+00
3.206532704137518008e-01 2.271736069324997942e+00 1.000000000000000000e+00
7.002638484232496241e-01 1.146885416775179634e+00 7.500000000000000000e-01
8.140444036908704994e-01 7.732860707243739418e-01 5.000000000000000000e-01
1.004715795034819781e+00 6.270654374998008151e-01 2.500000000000000000e-01
1.062360385354646164e+00 6.275285161864738726e-01 2.500000000000000000e-01
1.106508804108556232e+00 6.231971336970628661e-01 2.500000000000000000e-01
1.169059263305330942e+00 6.113972250704025058e-01 2.500000000000000000e-01
1.530798285883740562e+00 4.659543504407411274e-01 0.000000000000000000e+00
1.544142334157559748e+00 4.669593396378420302e-01 0.000000000000000000e+00
1.579139682128856581e+00 4.711682943782412591e-01 0.000000000000000000e+00
1.660713198216958508e+00 4.844790936214790067e-01 0.000000000000000000e+00
1.704364455785732479e+00 4.910518315261367950e-01 0.000000000000000000e+00
1.779720571344237889e+00 4.986075067162669128e-01 0.000000000000000000e+00
1.901380857924021228e+00 4.996258098646459422e-01 0.000000000000000000e+00
1.904283628967643471e+00 4.995365174424419297e-01 0.000000000000000000e+00
2.025550034544029820e+00 4.947634779008681094e-01 0.000000000000000000e+00
2.151995382899530185e+00 4.912559621337959093e-01 0.000000000000000000e+00
2.193762123139043396e+00 4.906880827226650088e-01 0.000000000000000000e+00
2.280770153320680116e+00 4.909062799788304621e-01 0.000000000000000000e+00
2.411888235736538100e+00 4.918355448533795471e-01 0.000000000000000000e+00
2.479211357444816244e+00 4.901375158856424163e-01 0.000000000000000000e+00
2.544973121095985391e+00 4.881821366027394027e-01 0.000000000000000000e+00
2.680115405967010478e+00 4.896986887439239711e-01 0.000000000000000000e+00
2.817262244745239563e+00 4.924788517908144647e-01 0.000000000000000000e+00
2.861634764480728954e+00 4.926478685055921125e-01 0.000000000000000000e+00
2.956433936447450339e+00 4.923015860271328092e-01 0.000000000000000000e+00
3.097301825516389773e+00 4.937765362516886580e-01 0.000000000000000000e+00
3.104905326197823445e+00 4.940667939041876733e-01 0.000000000000000000e+00
3.240012045632281179e+00 5.015828855640177553e-01 0.000000000000000000e+00
3.384323822152469852e+00 5.049524305412380620e-01 0.000000000000000000e+00
3.457138372680880867e+00 5.036370175325067811e-01 0.000000000000000000e+00
3.530425074985395373e+00 5.009811065493420257e-01 0.000000000000000000e+00
3.678059969073728119e+00 4.956400967634519428e-01 0.000000000000000000e+00
3.826943405976953816e+00 4.998545365768213844e-01 0.000000000000000000e+00
3.847496000990576537e+00 5.008439004384028781e-01 0.000000000000000000e+00
3.977359586222491306e+00 5.052842441573860421e-01 0.000000000000000000e+00
4.129040015330019742e+00 5.044981847816357723e-01 0.000000000000000000e+00
4.282120369645672220e+00 5.012245388368804511e-01 0.000000000000000000e+00
4.345064169984822477e+00 4.997755572859345352e-01 0.000000000000000000e+00
4.436271804099793492e+00 4.981976004876312869e-01 0.000000000000000000e+00
4.591562785171621641e+00 4.966484784190741686e-01 0.000000000000000000e+00
4.733878033357198589e+00 4.946706950163196614e-01 0.000000000000000000e+00
4.748033764015169744e+00 4.945150172441615810e-01 0.000000000000000000e+00
4.905389398302712145e+00 4.946800419426047313e-01 0.000000000000000000e+00
5.064107299516490635e+00 4.958513761085950322e-01 0.000000000000000000e+00
5.222998900972489089e+00 4.949394070205556107e-01 0.000000000000000000e+00
5.383116853271443070e+00 4.930752666871692780e-01 0.000000000000000000e+00
5.543734794846166380e+00 4.907995279679281952e-01 0.000000000000000000e+00
5.564905655848765065e+00 4.907005859921750868e-01 0.000000000000000000e+00
5.705240335700683119e+00 4.909367148716441975e-01 0.000000000000000000e+00
5.867158944646074126e+00 4.900674980828886862e-01 0.000000000000000000e+00
6.029784264428464269e+00 4.911320441126838521e-01 0.000000000000000000e+00
6.049659689098694670e+00 4.913689861735792141e-01 0.000000000000000000e+00
6.192961160867252346e+00 4.905794998694008591e-01 0.000000000000000000e+00
6.356441275966208337e+00 4.856273134343769282e-01 0.000000000000000000e+00
6.520531871996460893e+00 4.880960684028269880e-01 0.000000000000000000e+00
6.582460556332954127e+00 4.904511285482980321e-01 0.000000000000000000e+00
6.684829913339852325e+00 4.934792868893476681e-01 0.000000000000000000e+00
6.849813476564686532e+00 4.928619553668819875e-01 0.000000000000000000e+00
6.967028005770941945e+00 4.921554343708052781e-01 0.000000000000000000e+00
7.013850586773111573e+00 4.929823586879875652e-01 0.000000000000000000e+00
7.178719861697448579e+00 4.970368783257251288e-01 0.000000000000000000e+00
7.310501660596734119e+00 4.954137025161778340e-01 0.000000000000000000e+00
7.344009561160537380e+00 4.947311778155384920e-01 0.000000000000000000e+00
7.509043527846176680e+00 4.927769311203070712e-01 0.000000000000000000e+00
7.674392761585404621e+00 4.929111016778446319e-01 0.000000000000000000e+00
7.839758957644265003e+00 4.924478037438162481e-01 0.000000000000000000e+00
7.847706751712274276e+00 4.923102148733319861e-01 0.000000000000000000e+00
8.004644229301717928e+00 4.884487970708800142e-01 0.000000000000000000e+00
8.169298040547976925e+00 4.876509313503279985e-01 0.000000000000000000e+00
8.334300089465497052e+00 4.893487364924877236e-01 0.000000000000000000e+00
8.450986176092195379e+00 4.894008126536593672e-01 0.000000000000000000e+00
8.499304950165498695e+00 4.893606196061414115e-01 0.000000000000000000e+00
8.663427624071625033e+00 4.894544328329972216e-01 0.000000000000000000e+00
8.827474364439272136e+00 4.901068275806909069e-01 0.000000000000000000e+00
8.991453510754713108e+00 4.917795787504491423e-01 0.000000000000000000e+00
9.023202964726081632e+00 4.919649084713086373e-01 0.000000000000000000e+00
9.155191412162038134e+00 4.922175185708106970e-01 0.000000000000000000e+00
9.318546250419398547e+00 4.917098761095333725e-01 0.000000000000000000e+00
9.481314019435130191e+00 4.905075399910139300e-01 0.000000000000000000e+00
9.643934951203494421e+00 4.893843848107933825e-01 0.000000000000000000e+00
9.689194345490161453e+00 4.893052329504327114e-01 0.000000000000000000e+00
9.806555991424868779e+00 4.897445058502419291e-01 0.000000000000000000e+00
9.967066104596426612e+00 4.913846582953654285e-01 0.000000000000000000e+00
1.012819726439250978e+01 4.934737873015993537e-01 0.000000000000000000e+00
1.028856256038347006e+01 4.944539540342328676e-01 0.000000000000000000e+00
1.037862799987999551e+01 4.945947702033486881e-01 0.000000000000000000e+00
1.044912004334687161e+01 4.947445430788064424e-01 0.000000000000000000e+00
1.060816459738649264e+01 4.951301356940731035e-01 0.000000000000000000e+00
1.076693180640800485e+01 4.961654907147796112e-01 0.000000000000000000e+00
1.090726583048803988e+01 4.968369663380138301e-01 0.000000000000000000e+00
1.092541803305548775e+01 4.968766468174996564e-01 0.000000000000000000e+00
1.108268824991158930e+01 4.969077097408388655e-01 0.000000000000000000e+00
1.124083693006847184e+01 4.963203609841323471e-01 0.000000000000000000e+00
1.139615343777556689e+01 4.956009697902585276e-01 0.000000000000000000e+00
1.154173269568834570e+01 4.952872246747089813e-01 0.000000000000000000e+00
1.155202189678374936e+01 4.952941801043905801e-01 0.000000000000000000e+00
1.170690360164896937e+01 4.958186646908231965e-01 0.000000000000000000e+00
1.186141053560294978e+01 4.962817459617810401e-01 0.000000000000000000e+00
1.201463462202031884e+01 4.966142072819917375e-01 0.000000000000000000e+00
1.203330683307876114e+01 4.966753692922760699e-01 0.000000000000000000e+00
1.216816873557948142e+01 4.982675207362006753e-01 0.000000000000000000e+00
1.231976011052050879e+01 5.012317461493833726e-01 0.000000000000000000e+00
1.247155733276566281e+01 4.990818689065336655e-01 0.000000000000000000e+00
1.256641837223823899e+01 4.978963272498022619e-01 0.000000000000000000e+00
1.262208029334303028e+01 4.975311517571981423e-01 0.000000000000000000e+00
1.277188828398227827e+01 4.961108058926365083e-01 0.000000000000000000e+00
1.292186084530731094e+01 4.950304337253323417e-01 0.000000000000000000e+00
1.307004913296817605e+01 4.941208207018544796e-01 0.000000000000000000e+00
1.310425018638664518e+01 4.937930768328901432e-01 0.000000000000000000e+00
1.321757148467755982e+01 4.926933458741791783e-01 0.000000000000000000e+00
1.336447397362534950e+01 4.924308527875851937e-01 0.000000000000000000e+00
1.351071405422136884e+01 4.930674372662999239e-01 0.000000000000000000e+00
1.354735634981282466e+01 4.931622492854185191e-01 0.000000000000000000e+00
1.365622010340243975e+01 4.931271691361056586e-01 0.000000000000000000e+00
1.380076455667810720e+01 4.931819580301390893e-01 0.000000000000000000e+00
1.000000000000000000e+02 4.931819580301390893e-01 0.000000000000000000e+00
