0.000000000000000000e+00 2.942478613018655320e+00 1.000000000000000000e+00
2.544642688067594305e-01 2.942478613018655320e+00 1.000000000000000000e+00
3.206647236883382601e-01 2.942478613018655320e+00 1.000000000000000000e+00
3.917298822098553845e-01 2.490881006087044991e+00 1.000000000000000000e+00
4.267630535382554990e-01 2.282853515915902687e+00 1.000000000000000000e+00
4.673855324740953110e-01 2.086231258456742843e+00 1.000000000000000000e+00
5.473550896429411061e-01 1.862181533989679227e+00 1.000000000000000000e+00
5.580106751214772842e-01 1.847056453343240312e+00 1.000000000000000000e+00
6.314106422325990176e-01 1.785941658455443948e+00 1.000000000000000000e+00
6.552817502900236679e-01 1.777943282493800847e+00 1.000000000000000000e+00
7.193244297411719446e-01 1.764983741089055203e+00 1.000000000000000000e+00
7.511835080110966789e-01 1.758490687656033113e+00 1.000000000000000000e+00
8.109513043303513413e-01 1.739385408214305206e+00 1.000000000000000000e+00
1.186065228436340879e+00 1.186461908975324553e+00 7.500000000000000000e-01
1.211461079384332118e+00 1.184334611354101563e+00 7.500000000000000000e-01
1.309466230787724728e+00 1.168642944750574397e+00 7.500000000000000000e-01
1.319462897283975034e+00 1.166143219067879100e+00 7.500000000000000000e-01
1.430389738742334549e+00 1.124774541768202463e+00 7.500000000000000000e-01
1.521373817272672735e+00 1.073148950409460234e+00 7.500000000000000000e-01
1.544142930272210279e+00 1.058720262509424304e+00 7.500000000000000000e-01
2.092258077925305049e+00 7.373381539042367372e-01 5.000000000000000000e-01
2.117194796358025766e+00 7.336105504957797230e-01 5.000000000000000000e-01
2.141878410466273586e+00 7.300921358122960392e-01 5.000000000000000000e-01
2.151996414436527782e+00 7.287147435121362760e-01 5.000000000000000000e-01
2.176041199958660854e+00 7.255401628270768954e-01 5.000000000000000000e-01
2.212414781640581474e+00 7.210989835195031894e-01 5.000000000000000000e-01
2.251456889104462622e+00 7.167860456490127152e-01 5.000000000000000000e-01
2.280769281734118081e+00 7.138257060573660606e-01 5.000000000000000000e-01
2.287505786854418410e+00 7.131924530664118800e-01 5.000000000000000000e-01
2.327312721647835758e+00 7.096107231831811912e-01 5.000000000000000000e-01
2.369111451219735542e+00 7.062245864893809122e-01 5.000000000000000000e-01
2.401166556084291415e+00 7.038425879692306042e-01 5.000000000000000000e-01
2.411762362340572619e+00 7.031038345449154292e-01 5.000000000000000000e-01
2.424045022181521070e+00 7.022574899697801021e-01 5.000000000000000000e-01
2.449293952580345657e+00 7.006018289582032210e-01 5.000000000000000000e-01
2.478385897555024364e+00 6.988036852415221434e-01 5.000000000000000000e-01
2.515613183029760780e+00 6.966874847836694862e-01 5.000000000000000000e-01
2.544913081980889835e+00 6.951578061663400421e-01 5.000000000000000000e-01
2.563573699073287582e+00 6.942471861745921347e-01 5.000000000000000000e-01
2.601059956933143624e+00 6.925701305569235133e-01 5.000000000000000000e-01
2.642316924189077820e+00 6.909656638134076267e-01 5.000000000000000000e-01
2.680096504073577357e+00 6.897108369035293007e-01 5.000000000000000000e-01
2.685158318441408287e+00 6.895606988180720265e-01 5.000000000000000000e-01
2.747137321924344455e+00 6.879713346005897900e-01 5.000000000000000000e-01
3.281355925075924329e+00 6.904797698703192266e-01 5.000000000000000000e-01
3.348216112772933961e+00 6.930953683827043577e-01 5.000000000000000000e-01
3.384336402154776824e+00 6.946850299994621336e-01 5.000000000000000000e-01
3.428107623594584208e+00 6.967270897328033952e-01 5.000000000000000000e-01
3.488605202278592721e+00 6.996488816373186426e-01 5.000000000000000000e-01
3.530336743020952905e+00 7.016679814496038503e-01 5.000000000000000000e-01
3.557576422951620021e+00 7.029665354463048299e-01 5.000000000000000000e-01
3.642752824532668576e+00 7.068350548105603037e-01 5.000000000000000000e-01
3.677881497282515788e+00 7.083178442161985888e-01 5.000000000000000000e-01
3.728884402093777695e+00 7.103457267252495377e-01 5.000000000000000000e-01
3.826933126491536719e+00 7.138231855742358523e-01 5.000000000000000000e-01
3.830840284379344762e+00 7.139495744293410384e-01 5.000000000000000000e-01
3.937675016104899228e+00 7.171001511980691356e-01 5.000000000000000000e-01
3.977304341777549102e+00 7.181017636407556193e-01 5.000000000000000000e-01
4.129042634063944561e+00 7.211002903315104628e-01 5.000000000000000000e-01
4.282021193086635868e+00 7.230467917107177289e-01 5.000000000000000000e-01
4.342700536280908352e+00 7.237221401338251869e-01 5.000000000000000000e-01
4.436239145733559042e+00 7.249164748305554351e-01 5.000000000000000000e-01
4.591667093992001014e+00 7.276718423728135710e-01 5.000000000000000000e-01
4.748108723442761026e+00 7.311948530268918001e-01 5.000000000000000000e-01
4.750748939891315636e+00 7.312549607718105138e-01 5.000000000000000000e-01
4.905440803835163344e+00 7.344143619806907664e-01 5.000000000000000000e-01
5.063749054994408638e+00 7.363284095811181151e-01 5.000000000000000000e-01
5.222913507227581853e+00 7.370194676511908627e-01 5.000000000000000000e-01
5.257495278741201261e+00 7.371053895761372488e-01 5.000000000000000000e-01
5.382921047907322176e+00 7.375403564442616355e-01 5.000000000000000000e-01
5.543705074178883585e+00 7.387894996108922419e-01 5.000000000000000000e-01
5.705181679406817530e+00 7.409294704240140250e-01 5.000000000000000000e-01
5.867144718337976350e+00 7.436737316265769060e-01 5.000000000000000000e-01
6.520324666132322200e+00 6.105579696214910035e-01 2.500000000000000000e-01
6.684535249324531136e+00 6.099850115058342848e-01 2.500000000000000000e-01
6.849060698482651866e+00 6.108101022596187368e-01 2.500000000000000000e-01
7.360239528469684878e+00 7.529028057236046845e-01 5.000000000000000000e-01
7.360345138360328221e+00 7.529024355785826073e-01 5.000000000000000000e-01
7.508909003632448176e+00 7.517987838780211263e-01 5.000000000000000000e-01
7.674068505906148197e+00 7.499003548767761984e-01 5.000000000000000000e-01
7.839223773103461745e+00 7.485421523657214138e-01 5.000000000000000000e-01
8.004348580807343794e+00 7.483237232678821016e-01 5.000000000000000000e-01
8.169336967785019610e+00 7.488056756185142993e-01 5.000000000000000000e-01
8.334171982343759666e+00 7.491456142571613075e-01 5.000000000000000000e-01
8.991419747409008068e+00 6.092723665231911667e-01 2.500000000000000000e-01
9.155062193561592565e+00 6.095243152916021145e-01 2.500000000000000000e-01
9.318156282516030231e+00 6.102830130980375634e-01 2.500000000000000000e-01
9.481028303352934117e+00 6.112070971897741734e-01 2.500000000000000000e-01
9.643402122257894504e+00 6.122223729693530014e-01 2.500000000000000000e-01
9.805423134881664282e+00 6.139630049420625735e-01 2.500000000000000000e-01
9.966944577969423236e+00 6.159261655785863709e-01 2.500000000000000000e-01
1.010050614449652961e+01 6.166266298197560225e-01 2.500000000000000000e-01
1.012806238259190472e+01 6.166593272570477513e-01 2.500000000000000000e-01
1.028881340325029647e+01 6.166820372515706694e-01 2.500000000000000000e-01
1.044845290962980577e+01 6.171197414444368201e-01 2.500000000000000000e-01
1.060787300743860584e+01 6.176927643486941344e-01 2.500000000000000000e-01
1.076693011565512492e+01 6.182810757979093630e-01 2.500000000000000000e-01
1.092524637592015857e+01 6.188956117165224091e-01 2.500000000000000000e-01
1.108260943090350281e+01 6.190941480633902483e-01 2.500000000000000000e-01
1.186091729064439626e+01 9.105781934003137623e-01 7.500000000000000000e-01
1.191550016827006964e+01 9.031875387941357136e-01 7.500000000000000000e-01
1.201459777896741699e+01 8.919507080719855097e-01 7.500000000000000000e-01
1.216746510151957850e+01 8.823013226081387606e-01 7.500000000000000000e-01
1.277200096608321367e+01 6.894118823089859793e-01 5.000000000000000000e-01
1.292132872323831627e+01 6.898864999395646347e-01 5.000000000000000000e-01
1.306985642911922341e+01 6.957002045702797011e-01 5.000000000000000000e-01
1.321738112886976779e+01 7.065213955763778308e-01 5.000000000000000000e-01
1.336440952989646647e+01 7.202646587333890738e-01 5.000000000000000000e-01
1.351065356465850442e+01 7.334906261164679808e-01 5.000000000000000000e-01
1.354846617046351653e+01 7.364165890322039720e-01 5.000000000000000000e-01
1.365639876949188647e+01 7.430843548629325612e-01 5.000000000000000000e-01
1.380090800004243867e+01 7.479513398556880688e-01 5.000000000000000000e-01
1.000000000000000000e+02 7.479513398556880688e-01 5.000000000000000000e-01
