0.000000000000000000e+00 4.106869164979011444e+00 1.000000000000000000e+00
1.938900604568013497e-01 4.106869164979011444e+00 1.000000000000000000e+00
2.544643800030089165e-01 3.721491624096207929e+00 1.000000000000000000e+00
3.206532704137518008e-01 3.185830314825409904e+00 1.000000000000000000e+00
3.901821592637461644e-01 2.654539038212244240e+00 1.000000000000000000e+00
5.473621783850932676e-01 2.031393266757505867e+00 1.000000000000000000e+00
8.109467864745423249e-01 8.791828332675203361e-01 7.500000000000000000e-01
1.004715795034819781e+00 9.145818954730008388e-01 5.000000000000000000e-01
1.062360385354646164e+00 9.095072215859808518e-01 5.000000000000000000e-01
1.106508804108556232e+00 9.099660314132617112e-01 5.000000000000000000e-01
1.169059263305330942e+00 9.152932555282321525e-01 5.000000000000000000e-01
1.530798285883740562e+00 6.518469764649832410e-01 2.500000000000000000e-01
1.544142334157559748e+00 6.504619835817234685e-01 2.500000000000000000e-01
1.579139682128856581e+00 6.490257703875812467e-01 2.500000000000000000e-01
1.660713198216958508e+00 6.536584669258486135e-01 2.500000000000000000e-01
1.704364455785732479e+00 6.583507996367661264e-01 2.500000000000000000e-01
1.779720571344237889e+00 6.654794405283188663e-01 2.500000000000000000e-01
1.901380857924021228e+00 6.668017570270050598e-01 2.500000000000000000e-01
1.904283628967643471e+00 6.666913982308620978e-01 2.500000000000000000e-01
2.025550034544029820e+00 6.589187157834635045e-01 2.500000000000000000e-01
2.151995382899530185e+00 6.519060942095945554e-01 2.500000000000000000e-01
2.193762123139043396e+00 6.511581053872668168e-01 2.500000000000000000e-01
2.280770153320680116e+00 6.519306468694809897e-01 2.500000000000000000e-01
2.411888235736538100e+00 6.531095908625221824e-01 2.500000000000000000e-01
2.479211357444816244e+00 6.520271830871544605e-01 2.500000000000000000e-01
2.544973121095985391e+00 6.515607917264859550e-01 2.500000000000000000e-01
2.680115405967010478e+00 6.557101686244447558e-01 2.500000000000000000e-01
2.817262244745239563e+00 6.557119756209325301e-01 2.500000000000000000e-01
2.861634764480728954e+00 6.539507902993690891e-01 2.500000000000000000e-01
2.956433936447450339e+00 6.494730524620375700e-01 2.500000000000000000e-01
3.097301825516389773e+00 6.495858580690725415e-01 2.500000000000000000e-01
3.104905326197823445e+00 6.499432999611011175e-01 2.500000000000000000e-01
3.240012045632281179e+00 6.597520280830978523e-01 2.500000000000000000e-01
3.384323822152469852e+00 6.669511483576193722e-01 2.500000000000000000e-01
3.457138372680880867e+00 6.661502152443166125e-01 2.500000000000000000e-01
3.530425074985395373e+00 6.629707089561844846e-01 2.500000000000000000e-01
3.678059969073728119e+00 6.568341834629635168e-01 2.500000000000000000e-01
3.826943405976953816e+00 6.616573257700942845e-01 2.500000000000000000e-01
3.847496000990576537e+00 6.627417479316454196e-01 2.500000000000000000e-01
3.977359586222491306e+00 6.683037156348007324e-01 2.500000000000000000e-01
4.129040015330019742e+00 6.689591493758757501e-01 2.500000000000000000e-01
4.282120369645672220e+00 6.641762357598400834e-01 2.500000000000000000e-01
4.345064169984822477e+00 6.620867860860205623e-01 2.500000000000000000e-01
4.436271804099793492e+00 6.599873271567506805e-01 2.500000000000000000e-01
4.591562785171621641e+00 6.577584924578634418e-01 2.500000000000000000e-01
4.733878033357198589e+00 6.551990091895666390e-01 2.500000000000000000e-01
4.748033764015169744e+00 6.551615290558669980e-01 2.500000000000000000e-01
4.905389398302712145e+00 6.573236327562060888e-01 2.500000000000000000e-01
5.064107299516490635e+00 6.586280310178654895e-01 2.500000000000000000e-01
5.222998900972489089e+00 6.563678503649611473e-01 2.500000000000000000e-01
5.383116853271443070e+00 6.526878553784113413e-01 2.500000000000000000e-01
5.543734794846166380e+00 6.497671421813677739e-01 2.500000000000000000e-01
5.564905655848765065e+00 6.498579670292895516e-01 2.500000000000000000e-01
5.705240335700683119e+00 6.520380358179942437e-01 2.500000000000000000e-01
5.867158944646074126e+00 6.517243648453238114e-01 2.500000000000000000e-01
6.029784264428464269e+00 6.500812568853577833e-01 2.500000000000000000e-01
6.049659689098694670e+00 6.498740845218204942e-01 2.500000000000000000e-01
6.192961160867252346e+00 6.468057952558381452e-01 2.500000000000000000e-01
6.356441275966208337e+00 6.424950213769332619e-01 2.500000000000000000e-01
6.520531871996460893e+00 6.477193632463053019e-01 2.500000000000000000e-01
6.582460556332954127e+00 6.501500184183994779e-01 2.500000000000000000e-01
6.684829913339852325e+00 6.512189228420756093e-01 2.500000000000000000e-01
6.849813476564686532e+00 6.465429865343339522e-01 2.500000000000000000e-01
6.967028005770941945e+00 6.465366050676724097e-01 2.500000000000000000e-01
7.013850586773111573e+00 6.487587099147139602e-01 2.500000000000000000e-01
7.178719861697448579e+00 6.564590303109381075e-01 2.500000000000000000e-01
7.310501660596734119e+00 6.557347326654042741e-01 2.500000000000000000e-01
7.344009561160537380e+00 6.553932750432739374e-01 2.500000000000000000e-01
7.509043527846176680e+00 6.557160822978752579e-01 2.500000000000000000e-01
7.674392761585404621e+00 6.552293513330750274e-01 2.500000000000000000e-01
7.839758957644265003e+00 6.544104497336280524e-01 2.500000000000000000e-01
7.847706751712274276e+00 6.542791148225056697e-01 2.500000000000000000e-01
8.004644229301717928e+00 6.499999127412466882e-01 2.500000000000000000e-01
8.169298040547976925e+00 6.471700582834917226e-01 2.500000000000000000e-01
8.334300089465497052e+00 6.506231950951452125e-01 2.500000000000000000e-01
8.450986176092195379e+00 6.514788898374610504e-01 2.500000000000000000e-01
8.499304950165498695e+00 6.509687112832514000e-01 2.500000000000000000e-01
8.663427624071625033e+00 6.469242721381338601e-01 2.500000000000000000e-01
8.827474364439272136e+00 6.448528826139091619e-01 2.500000000000000000e-01
8.991453510754713108e+00 6.498840652469669577e-01 2.500000000000000000e-01
9.023202964726081632e+00 6.506935661053087072e-01 2.500000000000000000e-01
9.155191412162038134e+00 6.513531721299326005e-01 2.500000000000000000e-01
9.318546250419398547e+00 6.515066158201949786e-01 2.500000000000000000e-01
9.481314019435130191e+00 6.519841882945883738e-01 2.500000000000000000e-01
9.643934951203494421e+00 6.504318781785618508e-01 2.500000000000000000e-01
9.689194345490161453e+00 6.499575865223158333e-01 2.500000000000000000e-01
9.806555991424868779e+00 6.494095606361014461e-01 2.500000000000000000e-01
9.967066104596426612e+00 6.503714877392209326e-01 2.500000000000000000e-01
1.012819726439250978e+01 6.524800430400672369e-01 2.500000000000000000e-01
1.028856256038347006e+01 6.527902995005958608e-01 2.500000000000000000e-01
1.037862799987999551e+01 6.526853674705904718e-01 2.500000000000000000e-01
1.044912004334687161e+01 6.522494398440719099e-01 2.500000000000000000e-01
1.060816459738649264e+01 6.511888753353564097e-01 2.500000000000000000e-01
1.076693180640800485e+01 6.539311568977369538e-01 2.500000000000000000e-01
1.090726583048803988e+01 6.584796477445841179e-01 2.500000000000000000e-01
1.092541803305548775e+01 6.588332852269471740e-01 2.500000000000000000e-01
1.108268824991158930e+01 6.576231049143880236e-01 2.500000000000000000e-01
1.124083693006847184e+01 6.522876595036526393e-01 2.500000000000000000e-01
1.139615343777556689e+01 6.475141088530020905e-01 2.500000000000000000e-01
1.154173269568834570e+01 6.473779110823433269e-01 2.500000000000000000e-01
1.155202189678374936e+01 6.475605908872398286e-01 2.500000000000000000e-01
1.170690360164896937e+01 6.515379903514048054e-01 2.500000000000000000e-01
1.186141053560294978e+01 6.538145714544058018e-01 2.500000000000000000e-01
1.201463462202031884e+01 6.554288284545112253e-01 2.500000000000000000e-01
1.203330683307876114e+01 6.555129556906260646e-01 2.500000000000000000e-01
1.216816873557948142e+01 6.548705307484462557e-01 2.500000000000000000e-01
1.231976011052050879e+01 6.546341769978237801e-01 2.500000000000000000e-01
1.247155733276566281e+01 6.581159480277775087e-01 2.500000000000000000e-01
1.256641837223823899e+01 6.587651536262832952e-01 2.500000000000000000e-01
1.262208029334303028e+01 6.585320862586260260e-01 2.500000000000000000e-01
1.277188828398227827e+01 6.582100114891131781e-01 2.500000000000000000e-01
1.292186084530731094e+01 6.587922227369250594e-01 2.500000000000000000e-01
1.307004913296817605e+01 6.559086120645885032e-01 2.500000000000000000e-01
1.310425018638664518e+01 6.548208450493407939e-01 2.500000000000000000e-01
1.321757148467755982e+01 6.519077541897422279e-01 2.500000000000000000e-01
1.336447397362534950e+01 6.513369330856579875e-01 2.500000000000000000e-01
1.351071405422136884e+01 6.533196920592194701e-01 2.500000000000000000e-01
1.354735634981282466e+01 6.536703381173472049e-01 2.500000000000000000e-01
1.365622010340243975e+01 6.547183082660602560e-01 2.500000000000000000e-01
1.380076455667810720e+01 6.577345613178640082e-01 2.500000000000000000e-01
1.000000000000000000e+02 6.577345613178640082e-01 2.500000000000000000e-01
