0.000000000000000000e+00 2.738667793363028569e+00 1.000000000000000000e+00
2.544635715496534889e-01 2.738667793363028569e+00 1.000000000000000000e+00
3.207146238318441256e-01 2.738667793363028569e+00 1.000000000000000000e+00
3.719044986225946703e-01 2.435076236530505422e+00 1.000000000000000000e+00
3.917290842753376467e-01 2.322850405681832875e+00 1.000000000000000000e+00
4.381437241442687203e-01 2.095816366683441956e+00 1.000000000000000000e+00
4.673934850793949880e-01 1.987424427814352024e+00 1.000000000000000000e+00
5.341418361491131472e-01 1.831179880794916226e+00 1.000000000000000000e+00
5.473618198489764719e-01 1.810936933618688682e+00 1.000000000000000000e+00
6.314167037497701029e-01 1.719186957143852279e+00 1.000000000000000000e+00
6.599031534952503053e-01 1.688380118264249719e+00 1.000000000000000000e+00
1.004669349917759691e+00 1.117495275706433366e+00 7.500000000000000000e-01
1.104855175048918170e+00 1.089153076808651921e+00 7.500000000000000000e-01
1.106492179766380257e+00 1.088788313337642810e+00 7.500000000000000000e-01
1.201986781692035322e+00 1.078708795745482618e+00 7.500000000000000000e-01
1.211462738546696949e+00 1.078637784445641623e+00 7.500000000000000000e-01
1.317513333777556417e+00 1.085272809881282496e+00 7.500000000000000000e-01
1.319470821786281389e+00 1.085463170586839388e+00 7.500000000000000000e-01
1.430389572904384510e+00 1.096391486608163657e+00 7.500000000000000000e-01
1.479262000084474504e+00 1.100877998921197198e+00 7.500000000000000000e-01
1.544151073252609141e+00 1.106454372234826344e+00 7.500000000000000000e-01
1.617491560815508045e+00 1.111657605901073653e+00 7.500000000000000000e-01
1.660629503568886278e+00 1.113783257081363942e+00 7.500000000000000000e-01
1.779798739681622166e+00 1.116733631349347666e+00 7.500000000000000000e-01
1.834056666959062110e+00 1.118767375211745962e+00 7.500000000000000000e-01
1.901384875601959568e+00 1.125174300896817581e+00 7.500000000000000000e-01
2.016464301686270222e+00 1.151571812610776346e+00 7.500000000000000000e-01
2.025490666246671623e+00 1.154519250223379867e+00 7.500000000000000000e-01
2.446182213425887486e+00 9.326429588612341615e-01 5.000000000000000000e-01
2.544908133184824006e+00 9.138153041402550247e-01 5.000000000000000000e-01
2.639206041450948614e+00 8.918869256499721843e-01 5.000000000000000000e-01
2.680106574220766813e+00 8.820094786438076317e-01 5.000000000000000000e-01
2.817274673392866635e+00 8.518143226418678493e-01 5.000000000000000000e-01
2.956444915648190896e+00 8.320450729998214445e-01 5.000000000000000000e-01
3.052233856916866550e+00 8.261757680523581504e-01 5.000000000000000000e-01
3.530410716123483006e+00 1.034987924126676839e+00 7.500000000000000000e-01
3.641172421420262761e+00 1.017706251671650408e+00 7.500000000000000000e-01
3.677835257479240116e+00 1.013142151158252124e+00 7.500000000000000000e-01
3.826844107928405236e+00 1.004025569714488419e+00 7.500000000000000000e-01
4.436326193044898503e+00 8.094335643686924042e-01 5.000000000000000000e-01
4.591566877133207214e+00 8.082197864279490052e-01 5.000000000000000000e-01
4.748037699397221090e+00 8.059701830215940666e-01 5.000000000000000000e-01
4.894618682283864430e+00 8.049411461244770916e-01 5.000000000000000000e-01
4.905382666132087621e+00 8.050045028440576678e-01 5.000000000000000000e-01
5.063820139476398197e+00 8.085760040573798380e-01 5.000000000000000000e-01
5.222912856964387451e+00 8.152176436542969418e-01 5.000000000000000000e-01
5.383175063934672266e+00 8.212591521820815643e-01 5.000000000000000000e-01
5.499903335508207647e+00 8.227374394572839478e-01 5.000000000000000000e-01
5.543804270063216855e+00 8.225157316298877808e-01 5.000000000000000000e-01
5.705122121094367671e+00 8.200646128703692472e-01 5.000000000000000000e-01
5.867249888322570328e+00 8.187639958043423372e-01 5.000000000000000000e-01
6.520411832144089814e+00 6.743519977461337467e-01 2.500000000000000000e-01
6.684528144690396800e+00 6.864524561740813491e-01 2.500000000000000000e-01
6.849075386185684344e+00 6.922363001024745000e-01 2.500000000000000000e-01
7.013948732645896911e+00 6.916240233479012955e-01 2.500000000000000000e-01
7.129078567029607960e+00 6.924317356163621762e-01 2.500000000000000000e-01
7.178780850120014989e+00 6.932305332793525787e-01 2.500000000000000000e-01
7.344029638771361057e+00 6.952809584222646722e-01 2.500000000000000000e-01
7.509132688628712415e+00 6.923591398946424835e-01 2.500000000000000000e-01
7.674177019241945175e+00 6.876360687815477046e-01 2.500000000000000000e-01
7.839220168740494543e+00 6.905662998767795324e-01 2.500000000000000000e-01
8.004447523718917878e+00 6.963775325349708112e-01 2.500000000000000000e-01
8.096382424154308310e+00 6.999380250300846207e-01 2.500000000000000000e-01
8.169362978476787163e+00 7.024461858154144034e-01 2.500000000000000000e-01
8.334315827031886670e+00 7.050293398160835112e-01 2.500000000000000000e-01
8.498914009309807227e+00 7.030607588024027077e-01 2.500000000000000000e-01
8.663387332444381528e+00 6.981011611755318924e-01 2.500000000000000000e-01
8.827828527073858567e+00 6.912276433211591575e-01 2.500000000000000000e-01
8.991333387638924535e+00 6.773917358065670857e-01 2.500000000000000000e-01
9.155045607408210273e+00 6.635583394848224570e-01 2.500000000000000000e-01
9.318285740737717759e+00 6.608836000038512681e-01 2.500000000000000000e-01
9.805600043973335289e+00 8.397955938908676643e-01 5.000000000000000000e-01
1.044895467626434815e+01 6.762402452777289685e-01 2.500000000000000000e-01
1.060862033316165132e+01 6.798560951915563200e-01 2.500000000000000000e-01
1.076759215229563083e+01 6.898703593687883773e-01 2.500000000000000000e-01
1.080938926440899017e+01 6.924399288698120936e-01 2.500000000000000000e-01
1.092520811458241425e+01 6.963367353819271965e-01 2.500000000000000000e-01
1.108325171762535177e+01 6.935870484605770603e-01 2.500000000000000000e-01
1.124039365897804110e+01 6.868876833043245922e-01 2.500000000000000000e-01
1.139594773381086590e+01 6.843240264588313915e-01 2.500000000000000000e-01
1.155167154178496247e+01 6.930098545542109356e-01 2.500000000000000000e-01
1.170684396925556925e+01 6.986182086485335230e-01 2.500000000000000000e-01
1.174384530605601284e+01 6.996785287083731042e-01 2.500000000000000000e-01
1.186091525099596744e+01 7.061688648030747251e-01 2.500000000000000000e-01
1.201468162985531229e+01 7.210767311167418647e-01 2.500000000000000000e-01
1.216787723532656251e+01 7.307158621109766106e-01 2.500000000000000000e-01
1.232000202161558455e+01 7.293747276918505218e-01 2.500000000000000000e-01
1.247119590032481007e+01 7.192825201104283694e-01 2.500000000000000000e-01
1.262196324009144455e+01 7.073806906249722193e-01 2.500000000000000000e-01
1.277231874714190774e+01 7.012852880616140538e-01 2.500000000000000000e-01
1.292113398360872978e+01 7.001845364294153606e-01 2.500000000000000000e-01
1.294416867163861617e+01 7.002691744258154882e-01 2.500000000000000000e-01
1.307025619967129160e+01 7.004852261133556190e-01 2.500000000000000000e-01
1.321898226728810677e+01 6.971124292057120364e-01 2.500000000000000000e-01
1.336447252974473443e+01 6.919751838051237947e-01 2.500000000000000000e-01
1.351138597408107245e+01 6.954449242861022729e-01 2.500000000000000000e-01
1.365616434347032637e+01 7.121564681962320176e-01 2.500000000000000000e-01
1.380107670713410251e+01 7.268667133634326705e-01 2.500000000000000000e-01
1.000000000000000000e+02 7.268667133634326705e-01 2.500000000000000000e-01
