0.000000000000000000e+00 4.556437324748441320e+00 1.000000000000000000e+00
2.544635715496534889e-01 4.556437324748441320e+00 1.000000000000000000e+00
3.207146238318441256e-01 4.101630037749095514e+00 1.000000000000000000e+00
3.719044986225946703e-01 3.694142399306108882e+00 1.000000000000000000e+00
3.917290842753376467e-01 3.541026085804304113e+00 1.000000000000000000e+00
8.564359746750754843e-01 1.719858330481935926e+00 7.500000000000000000e-01
1.106492179766380257e+00 1.421310321061812543e+00 5.000000000000000000e-01
1.317513333777556417e+00 1.356298838693705822e+00 2.500000000000000000e-01
1.319470821786281389e+00 1.356313157576245265e+00 2.500000000000000000e-01
1.430389572904384510e+00 1.371537933456236757e+00 2.500000000000000000e-01
1.479262000084474504e+00 1.389410782178415626e+00 2.500000000000000000e-01
1.544151073252609141e+00 1.417474498892462353e+00 2.500000000000000000e-01
1.617491560815508045e+00 1.442101866154121614e+00 2.500000000000000000e-01
1.660629503568886278e+00 1.449240116381458776e+00 2.500000000000000000e-01
1.779798739681622166e+00 1.433752919094707590e+00 2.500000000000000000e-01
1.834056666959062110e+00 1.405618821479640568e+00 2.500000000000000000e-01
1.901384875601959568e+00 1.355354222032610689e+00 2.500000000000000000e-01
2.280771605412472702e+00 1.250335794507425602e+00 0.000000000000000000e+00
2.411802157282165737e+00 1.194386786959084956e+00 0.000000000000000000e+00
2.446182213425887486e+00 1.174830207231280177e+00 0.000000000000000000e+00
2.544908133184824006e+00 1.122028783575271582e+00 0.000000000000000000e+00
2.639206041450948614e+00 1.090791552363504335e+00 0.000000000000000000e+00
2.680106574220766813e+00 1.083433492572825951e+00 0.000000000000000000e+00
2.817274673392866635e+00 1.071282393415790013e+00 0.000000000000000000e+00
2.956444915648190896e+00 1.079398504068115328e+00 0.000000000000000000e+00
3.052233856916866550e+00 1.086825663511556295e+00 0.000000000000000000e+00
3.097334225329817503e+00 1.088433036406353693e+00 0.000000000000000000e+00
3.240048785394628705e+00 1.090747949117879090e+00 0.000000000000000000e+00
3.384392403687380479e+00 1.096808287891599898e+00 0.000000000000000000e+00
3.530410716123483006e+00 1.093612184510480700e+00 0.000000000000000000e+00
3.641172421420262761e+00 1.082601223956457970e+00 0.000000000000000000e+00
3.677835257479240116e+00 1.078136438866059255e+00 0.000000000000000000e+00
3.826844107928405236e+00 1.064229220853068592e+00 0.000000000000000000e+00
3.977268125686935107e+00 1.063594146278262098e+00 0.000000000000000000e+00
4.129009658900203661e+00 1.070583713629466693e+00 0.000000000000000000e+00
4.282097050215917022e+00 1.078503104226267162e+00 0.000000000000000000e+00
4.436326193044898503e+00 1.080360223047787338e+00 0.000000000000000000e+00
4.591566877133207214e+00 1.078318139647362672e+00 0.000000000000000000e+00
4.748037699397221090e+00 1.071459338262549688e+00 0.000000000000000000e+00
4.894618682283864430e+00 1.066866940589779267e+00 0.000000000000000000e+00
4.905382666132087621e+00 1.067027582633970351e+00 0.000000000000000000e+00
5.063820139476398197e+00 1.075973004071739902e+00 0.000000000000000000e+00
5.222912856964387451e+00 1.085365680915312936e+00 0.000000000000000000e+00
5.383175063934672266e+00 1.086952277143463652e+00 0.000000000000000000e+00
5.499903335508207647e+00 1.084801592910134671e+00 0.000000000000000000e+00
5.543804270063216855e+00 1.082894742421252277e+00 0.000000000000000000e+00
5.705122121094367671e+00 1.074357676588107990e+00 0.000000000000000000e+00
5.867249888322570328e+00 1.076668986697345343e+00 0.000000000000000000e+00
6.029781587315049762e+00 1.085992023244879423e+00 0.000000000000000000e+00
6.192955226911616151e+00 1.084879426277601144e+00 0.000000000000000000e+00
6.214182635297091473e+00 1.084297810493096703e+00 0.000000000000000000e+00
6.356409640808348804e+00 1.082334346007351344e+00 0.000000000000000000e+00
6.520411832144089814e+00 1.086303940283110059e+00 0.000000000000000000e+00
6.684528144690396800e+00 1.090242693401834106e+00 0.000000000000000000e+00
6.849075386185684344e+00 1.096230629026127668e+00 0.000000000000000000e+00
7.013948732645896911e+00 1.100796773259143491e+00 0.000000000000000000e+00
7.129078567029607960e+00 1.105214528132190566e+00 0.000000000000000000e+00
7.178780850120014989e+00 1.107093341596239178e+00 0.000000000000000000e+00
7.344029638771361057e+00 1.109704961209152296e+00 0.000000000000000000e+00
7.509132688628712415e+00 1.104365741139277990e+00 0.000000000000000000e+00
7.674177019241945175e+00 1.102350845570277516e+00 0.000000000000000000e+00
7.839220168740494543e+00 1.099982088175424089e+00 0.000000000000000000e+00
8.004447523718917878e+00 1.103798387193198671e+00 0.000000000000000000e+00
8.096382424154308310e+00 1.108183137351012038e+00 0.000000000000000000e+00
8.169362978476787163e+00 1.109525870271548253e+00 0.000000000000000000e+00
8.334315827031886670e+00 1.102657114544165928e+00 0.000000000000000000e+00
8.498914009309807227e+00 1.095487960995299659e+00 0.000000000000000000e+00
8.663387332444381528e+00 1.100365407978223020e+00 0.000000000000000000e+00
8.827828527073858567e+00 1.102629600079954919e+00 0.000000000000000000e+00
8.991333387638924535e+00 1.100036032356118243e+00 0.000000000000000000e+00
9.155045607408210273e+00 1.099771811743344374e+00 0.000000000000000000e+00
9.318285740737717759e+00 1.098317492515076932e+00 0.000000000000000000e+00
9.387068709067708738e+00 1.097022388704145479e+00 0.000000000000000000e+00
9.481266585930240964e+00 1.094573329885213830e+00 0.000000000000000000e+00
9.643515895828755902e+00 1.091521695834410277e+00 0.000000000000000000e+00
9.805600043973335289e+00 1.092137560560000331e+00 0.000000000000000000e+00
9.966995285993629494e+00 1.092202205042106522e+00 0.000000000000000000e+00
1.012824204901183833e+01 1.086372941765096023e+00 0.000000000000000000e+00
1.028899653918033685e+01 1.086197828651696007e+00 0.000000000000000000e+00
1.044895467626434815e+01 1.085514873170778882e+00 0.000000000000000000e+00
1.060862033316165132e+01 1.084219483659378591e+00 0.000000000000000000e+00
1.076759215229563083e+01 1.086887059098185171e+00 0.000000000000000000e+00
1.080938926440899017e+01 1.087152339141863377e+00 0.000000000000000000e+00
1.092520811458241425e+01 1.087546420671816838e+00 0.000000000000000000e+00
1.108325171762535177e+01 1.090272158843686778e+00 0.000000000000000000e+00
1.124039365897804110e+01 1.091659571983115251e+00 0.000000000000000000e+00
1.139594773381086590e+01 1.089675714566342934e+00 0.000000000000000000e+00
1.155167154178496247e+01 1.093394688849578245e+00 0.000000000000000000e+00
1.170684396925556925e+01 1.094699890265206310e+00 0.000000000000000000e+00
1.174384530605601284e+01 1.094836198104753855e+00 0.000000000000000000e+00
1.186091525099596744e+01 1.097295301290991620e+00 0.000000000000000000e+00
1.201468162985531229e+01 1.099304917992283359e+00 0.000000000000000000e+00
1.216787723532656251e+01 1.093661090646171896e+00 0.000000000000000000e+00
1.232000202161558455e+01 1.092880750671064272e+00 0.000000000000000000e+00
1.247119590032481007e+01 1.095876602753822038e+00 0.000000000000000000e+00
1.262196324009144455e+01 1.091632243472060226e+00 0.000000000000000000e+00
1.277231874714190774e+01 1.091867698072381820e+00 0.000000000000000000e+00
1.292113398360872978e+01 1.095774330123689966e+00 0.000000000000000000e+00
1.294416867163861617e+01 1.095675943302291566e+00 0.000000000000000000e+00
1.307025619967129160e+01 1.092927383753648840e+00 0.000000000000000000e+00
1.321898226728810677e+01 1.092620653461443991e+00 0.000000000000000000e+00
1.336447252974473443e+01 1.092970096410431857e+00 0.000000000000000000e+00
1.351138597408107245e+01 1.091266722802324285e+00 0.000000000000000000e+00
1.365616434347032637e+01 1.094226223079024507e+00 0.000000000000000000e+00
1.380107670713410251e+01 1.099831562413775554e+00 0.000000000000000000e+00
1.000000000000000000e+02 1.099831562413775554e+00 0.000000000000000000e+00
