0.000000000000000000e+00 3.343805228543483388e+00 1.000000000000000000e+00
2.544642688067594305e-01 3.343805228543483388e+00 1.000000000000000000e+00
3.206647236883382601e-01 3.343805228543483388e+00 1.000000000000000000e+00
3.917298822098553845e-01 2.790152426676939967e+00 1.000000000000000000e+00
4.267630535382554990e-01 2.535629052768842318e+00 1.000000000000000000e+00
4.673855324740953110e-01 2.296237927291286063e+00 1.000000000000000000e+00
5.473550896429411061e-01 2.030201753402403497e+00 1.000000000000000000e+00
5.580106751214772842e-01 2.013064616759400849e+00 1.000000000000000000e+00
6.314106422325990176e-01 1.949970568993378173e+00 1.000000000000000000e+00
6.552817502900236679e-01 1.943158201651238315e+00 1.000000000000000000e+00
7.193244297411719446e-01 1.930397974284749241e+00 1.000000000000000000e+00
7.511835080110966789e-01 1.920434156860694852e+00 1.000000000000000000e+00
1.082776731778303692e+00 1.358700787077741445e+00 7.500000000000000000e-01
1.106495625124583215e+00 1.349375060601388565e+00 7.500000000000000000e-01
1.186065228436340879e+00 1.325284348558805059e+00 7.500000000000000000e-01
1.211461079384332118e+00 1.320656581332230406e+00 7.500000000000000000e-01
1.309466230787724728e+00 1.316715894452319846e+00 7.500000000000000000e-01
1.319462897283975034e+00 1.317093311594616178e+00 7.500000000000000000e-01
2.141878410466273586e+00 8.206069327387436330e-01 5.000000000000000000e-01
2.151996414436527782e+00 8.208179694768558132e-01 5.000000000000000000e-01
2.176041199958660854e+00 8.212829906087858456e-01 5.000000000000000000e-01
2.212414781640581474e+00 8.217951409240326077e-01 5.000000000000000000e-01
2.251456889104462622e+00 8.219986869549965602e-01 5.000000000000000000e-01
2.280769281734118081e+00 8.218784302604043024e-01 5.000000000000000000e-01
2.287505786854418410e+00 8.218015547776625906e-01 5.000000000000000000e-01
2.327312721647835758e+00 8.211153723259925208e-01 5.000000000000000000e-01
2.369111451219735542e+00 8.198834672561168269e-01 5.000000000000000000e-01
2.401166556084291415e+00 8.186386989353268140e-01 5.000000000000000000e-01
2.411762362340572619e+00 8.181674822641528122e-01 5.000000000000000000e-01
2.424045022181521070e+00 8.176106285293087694e-01 5.000000000000000000e-01
2.449293952580345657e+00 8.163799512173767203e-01 5.000000000000000000e-01
2.478385897555024364e+00 8.148909223037215099e-01 5.000000000000000000e-01
2.515613183029760780e+00 8.129580301106243967e-01 5.000000000000000000e-01
2.544913081980889835e+00 8.114874428727989475e-01 5.000000000000000000e-01
2.563573699073287582e+00 8.106017960978119108e-01 5.000000000000000000e-01
2.601059956933143624e+00 8.090031525819469937e-01 5.000000000000000000e-01
2.642316924189077820e+00 8.075802299250742777e-01 5.000000000000000000e-01
2.680096504073577357e+00 8.066321340899677006e-01 5.000000000000000000e-01
2.685158318441408287e+00 8.065296672798801803e-01 5.000000000000000000e-01
2.747137321924344455e+00 8.057390921338174472e-01 5.000000000000000000e-01
2.802444721945699602e+00 8.056481926485242751e-01 5.000000000000000000e-01
2.817262050918718508e+00 8.057127487910883401e-01 5.000000000000000000e-01
2.857878775696771179e+00 8.060281641277552422e-01 5.000000000000000000e-01
2.918956206983576163e+00 8.068856609735231000e-01 5.000000000000000000e-01
2.956346253868515461e+00 8.076280133522096838e-01 5.000000000000000000e-01
2.968158543082295431e+00 8.078949685911147593e-01 5.000000000000000000e-01
3.002445189123291502e+00 8.087613050422638450e-01 5.000000000000000000e-01
3.043860195570589511e+00 8.099913944127056231e-01 5.000000000000000000e-01
3.084931588948794712e+00 8.114004377673811330e-01 5.000000000000000000e-01
3.097276447334976535e+00 8.118618771657204469e-01 5.000000000000000000e-01
3.110513179821305485e+00 8.123710013778827621e-01 5.000000000000000000e-01
3.140036015982944573e+00 8.135686130035560959e-01 5.000000000000000000e-01
3.180100250044182175e+00 8.153353289977063323e-01 5.000000000000000000e-01
3.229906135710658432e+00 8.177551999394394588e-01 5.000000000000000000e-01
3.239986161411156473e+00 8.182734721244123710e-01 5.000000000000000000e-01
3.281355925075924329e+00 8.205065312534062238e-01 5.000000000000000000e-01
3.348216112772933961e+00 8.244193532838951510e-01 5.000000000000000000e-01
3.384336402154776824e+00 8.266318480519089240e-01 5.000000000000000000e-01
3.428107623594584208e+00 8.293191010749220160e-01 5.000000000000000000e-01
3.488605202278592721e+00 8.328458384260173375e-01 5.000000000000000000e-01
3.530336743020952905e+00 8.350083194593602709e-01 5.000000000000000000e-01
3.557576422951620021e+00 8.362546219525781588e-01 5.000000000000000000e-01
3.642752824532668576e+00 8.391739950529673031e-01 5.000000000000000000e-01
3.677881497282515788e+00 8.399436126686060655e-01 5.000000000000000000e-01
3.728884402093777695e+00 8.407193868710509665e-01 5.000000000000000000e-01
3.826933126491536719e+00 8.415757057283694831e-01 5.000000000000000000e-01
4.282021193086635868e+00 6.957554158327755589e-01 2.500000000000000000e-01
4.342700536280908352e+00 6.954846926577472610e-01 2.500000000000000000e-01
4.436239145733559042e+00 6.958524909709700168e-01 2.500000000000000000e-01
4.591667093992001014e+00 6.974190695238295934e-01 2.500000000000000000e-01
4.748108723442761026e+00 6.983378319232262932e-01 2.500000000000000000e-01
4.750748939891315636e+00 6.983387226513628754e-01 2.500000000000000000e-01
4.905440803835163344e+00 6.975147990425033528e-01 2.500000000000000000e-01
5.063749054994408638e+00 6.950281899628880655e-01 2.500000000000000000e-01
5.222913507227581853e+00 6.923692523134552523e-01 2.500000000000000000e-01
5.257495278741201261e+00 6.920040876672959307e-01 2.500000000000000000e-01
5.382921047907322176e+00 6.917769876161462550e-01 2.500000000000000000e-01
5.543705074178883585e+00 6.938301031297200439e-01 2.500000000000000000e-01
5.705181679406817530e+00 6.967106127981238517e-01 2.500000000000000000e-01
5.867144718337976350e+00 6.984704285299215831e-01 2.500000000000000000e-01
6.029774129202945865e+00 6.999642926252676034e-01 2.500000000000000000e-01
6.139671330613245992e+00 7.012951993067355616e-01 2.500000000000000000e-01
6.192795998010359959e+00 7.018837979650059955e-01 2.500000000000000000e-01
6.356381458820729691e+00 7.026768270695143981e-01 2.500000000000000000e-01
6.520324666132322200e+00 7.019637107993372815e-01 2.500000000000000000e-01
6.684535249324531136e+00 7.013369225693153464e-01 2.500000000000000000e-01
6.849060698482651866e+00 7.021488395654768011e-01 2.500000000000000000e-01
7.013809822658655158e+00 7.037100821647911397e-01 2.500000000000000000e-01
7.178859986811188421e+00 7.048961808982339150e-01 2.500000000000000000e-01
7.343812204260291132e+00 7.049781921881245195e-01 2.500000000000000000e-01
7.360239528469684878e+00 7.048953310270408279e-01 2.500000000000000000e-01
7.360345138360328221e+00 7.048947460186059111e-01 2.500000000000000000e-01
7.508909003632448176e+00 7.032486248234808279e-01 2.500000000000000000e-01
7.674068505906148197e+00 7.001046545068378979e-01 2.500000000000000000e-01
7.839223773103461745e+00 6.977941517265958682e-01 2.500000000000000000e-01
8.004348580807343794e+00 6.979323986941861069e-01 2.500000000000000000e-01
8.169336967785019610e+00 6.992681947154772981e-01 2.500000000000000000e-01
8.334171982343759666e+00 6.992257089535151016e-01 2.500000000000000000e-01
8.498796245237553393e+00 6.980068709232504220e-01 2.500000000000000000e-01
8.655094255602724829e+00 6.972570399846943490e-01 2.500000000000000000e-01
8.663399124223236214e+00 6.972361696160952471e-01 2.500000000000000000e-01
8.827624163118381162e+00 6.969826608592348816e-01 2.500000000000000000e-01
8.991419747409008068e+00 6.967864208906693335e-01 2.500000000000000000e-01
9.155062193561592565e+00 6.967619177276414000e-01 2.500000000000000000e-01
9.318156282516030231e+00 6.970886018901987224e-01 2.500000000000000000e-01
9.481028303352934117e+00 6.974555845603487292e-01 2.500000000000000000e-01
9.643402122257894504e+00 6.980826211189681274e-01 2.500000000000000000e-01
9.805423134881664282e+00 6.999758261421737959e-01 2.500000000000000000e-01
9.966944577969423236e+00 7.023933639053175915e-01 2.500000000000000000e-01
1.010050614449652961e+01 7.032888342543611726e-01 2.500000000000000000e-01
1.012806238259190472e+01 7.033233802199037044e-01 2.500000000000000000e-01
1.028881340325029647e+01 7.031703272898182089e-01 2.500000000000000000e-01
1.044845290962980577e+01 7.032309022489353634e-01 2.500000000000000000e-01
1.060787300743860584e+01 7.033300378329907510e-01 2.500000000000000000e-01
1.076693011565512492e+01 7.035623643740364086e-01 2.500000000000000000e-01
1.092524637592015857e+01 7.039447067132347247e-01 2.500000000000000000e-01
1.108260943090350281e+01 7.038877879006349980e-01 2.500000000000000000e-01
1.170660666197147570e+01 8.520635861958221202e-01 5.000000000000000000e-01
1.186091729064439626e+01 8.415716761393602363e-01 5.000000000000000000e-01
1.191550016827006964e+01 8.383378388895749156e-01 5.000000000000000000e-01
1.201459777896741699e+01 8.341422327452232555e-01 5.000000000000000000e-01
1.216746510151957850e+01 8.314579833745915360e-01 5.000000000000000000e-01
1.231979683979594320e+01 8.306216161652454355e-01 5.000000000000000000e-01
1.242427521206976415e+01 8.297820473296185773e-01 5.000000000000000000e-01
1.247116211452237877e+01 8.292159317705692922e-01 5.000000000000000000e-01
1.262197377273488108e+01 8.268589696891830432e-01 5.000000000000000000e-01
1.277200096608321367e+01 8.244516241221537811e-01 5.000000000000000000e-01
1.292132872323831627e+01 8.226212710951192886e-01 5.000000000000000000e-01
1.306985642911922341e+01 8.225511500509551377e-01 5.000000000000000000e-01
1.354846617046351653e+01 7.041829422258043536e-01 2.500000000000000000e-01
1.365639876949188647e+01 7.028024668553366494e-01 2.500000000000000000e-01
1.380090800004243867e+01 7.014628265365682180e-01 2.500000000000000000e-01
1.000000000000000000e+02 7.014628265365682180e-01 2.500000000000000000e-01
