0.000000000000000000e+00 2.112195731876584492e+00 1.000000000000000000e+00
2.544630125849358104e-01 2.112195731876584492e+00 1.000000000000000000e+00
3.206505596387284607e-01 2.086877334607590839e+00 1.000000000000000000e+00
3.917292070238330703e-01 2.049440408535502467e+00 1.000000000000000000e+00
4.429382676142597508e-01 2.023809666979941024e+00 1.000000000000000000e+00
8.109666102484938133e-01 1.442642205940705580e+00 7.500000000000000000e-01
8.639142555533463330e-01 1.383358810498872105e+00 7.500000000000000000e-01
9.061135835322416954e-01 1.345582493210797148e+00 7.500000000000000000e-01
9.958337478970992196e-01 1.301775588631999936e+00 7.500000000000000000e-01
1.004682488654760064e+00 1.300282198579801651e+00 7.500000000000000000e-01
1.427485411852719377e+00 1.089995082474066734e+00 5.000000000000000000e-01
1.430388074446905966e+00 1.089550029244941598e+00 5.000000000000000000e-01
1.544191935200211363e+00 1.066088382403797441e+00 5.000000000000000000e-01
1.660714978075680026e+00 1.032577182807659533e+00 5.000000000000000000e-01
1.705152978739523206e+00 1.020424230234810103e+00 5.000000000000000000e-01
1.779736750678193591e+00 1.006895718518600047e+00 5.000000000000000000e-01
1.901396325327280534e+00 1.010580124655211742e+00 5.000000000000000000e-01
2.025554735060995259e+00 1.014451476246381434e+00 5.000000000000000000e-01
2.027251727588742281e+00 1.014379502199762362e+00 5.000000000000000000e-01
2.152148110513544044e+00 1.004668488509619761e+00 5.000000000000000000e-01
2.280913253957756126e+00 9.854828246437660200e-01 5.000000000000000000e-01
2.412145999113666672e+00 9.567176445556112574e-01 5.000000000000000000e-01
2.486496894613767328e+00 9.410229314593608896e-01 5.000000000000000000e-01
2.544942157768716129e+00 9.325154254013741095e-01 5.000000000000000000e-01
2.680329464802877926e+00 9.315719408359240949e-01 5.000000000000000000e-01
2.817493293145389099e+00 9.620206985374535336e-01 5.000000000000000000e-01
2.956513888396267387e+00 9.833171823331519068e-01 5.000000000000000000e-01
3.097359623615328683e+00 9.619862708315883859e-01 5.000000000000000000e-01
3.129494921674309538e+00 9.565276733288451405e-01 5.000000000000000000e-01
3.240193495256210365e+00 9.489761990342975295e-01 5.000000000000000000e-01
3.384505752467362072e+00 9.498955857046641471e-01 5.000000000000000000e-01
3.530325753582657988e+00 9.423913823599152639e-01 5.000000000000000000e-01
3.677957431665424437e+00 9.272113399726774619e-01 5.000000000000000000e-01
3.781665314234203823e+00 9.235843470076513517e-01 5.000000000000000000e-01
3.827318702624281865e+00 9.220610088443216279e-01 5.000000000000000000e-01
3.977530516244532688e+00 9.035964153499587148e-01 5.000000000000000000e-01
4.129057838592643748e+00 8.779979869508198753e-01 5.000000000000000000e-01
4.282582419119438377e+00 8.815856067465182022e-01 5.000000000000000000e-01
4.436601380837486452e+00 9.362315503973905884e-01 5.000000000000000000e-01
4.446312268844419435e+00 9.391504084022875842e-01 5.000000000000000000e-01
4.591717914956850777e+00 9.597548647265768951e-01 5.000000000000000000e-01
4.748072930692397442e+00 9.441402306794338672e-01 5.000000000000000000e-01
4.905634767538417762e+00 8.997012983916320428e-01 5.000000000000000000e-01
5.029784210898677443e+00 8.777840643979277768e-01 5.000000000000000000e-01
5.063810091301495397e+00 8.750416811630401526e-01 5.000000000000000000e-01
5.223084116744897365e+00 8.636620824825902432e-01 5.000000000000000000e-01
5.383274430403289124e+00 8.540913221434280889e-01 5.000000000000000000e-01
5.543931357853852937e+00 8.474868930168524273e-01 5.000000000000000000e-01
5.690572740293471377e+00 8.428011522942544520e-01 5.000000000000000000e-01
5.705479552372671570e+00 8.422672205841140736e-01 5.000000000000000000e-01
5.867183081862047622e+00 8.342273694246732374e-01 5.000000000000000000e-01
6.029794765296343506e+00 8.241688051014981475e-01 5.000000000000000000e-01
6.192921563578878796e+00 8.181397953663221978e-01 5.000000000000000000e-01
6.356421661855697458e+00 8.060974381093557461e-01 5.000000000000000000e-01
6.412956792183377885e+00 8.024515866546861886e-01 5.000000000000000000e-01
6.520699742169299817e+00 8.001819118046197277e-01 5.000000000000000000e-01
6.684774339351712058e+00 7.939986616959722188e-01 5.000000000000000000e-01
6.849272248433494248e+00 7.936872468417335291e-01 5.000000000000000000e-01
7.014044083053716960e+00 7.993798073097664325e-01 5.000000000000000000e-01
7.178929635768683148e+00 7.986345034627682082e-01 5.000000000000000000e-01
7.337427411053385917e+00 7.842269851025124305e-01 5.000000000000000000e-01
7.344056207016594229e+00 7.832645212493475340e-01 5.000000000000000000e-01
7.932513687628078181e+00 6.701780777165589065e-01 2.500000000000000000e-01
8.169540636007459611e+00 6.514185919414796633e-01 0.000000000000000000e+00
8.302858844328000032e+00 6.538401363602662775e-01 0.000000000000000000e+00
8.334224796727092155e+00 6.541653383413509326e-01 0.000000000000000000e+00
8.499341254080782448e+00 6.564373586332532540e-01 0.000000000000000000e+00
8.663392202735947123e+00 6.554626998881935007e-01 0.000000000000000000e+00
8.827604905947758596e+00 6.537663911781107506e-01 0.000000000000000000e+00
8.991667510655821260e+00 6.502394629506098589e-01 0.000000000000000000e+00
9.015599054859469774e+00 6.503192766480857534e-01 0.000000000000000000e+00
9.155863959409375141e+00 6.539556765359351154e-01 0.000000000000000000e+00
9.318780665121117579e+00 6.556068029343338210e-01 0.000000000000000000e+00
9.481089995680845206e+00 6.530075382809659157e-01 0.000000000000000000e+00
9.643755080851821759e+00 6.516705860912478387e-01 0.000000000000000000e+00
9.805955743485155196e+00 6.501534391643564170e-01 0.000000000000000000e+00
9.813041521745210716e+00 6.500882581723973486e-01 0.000000000000000000e+00
9.967096812072577805e+00 6.495899836795469007e-01 0.000000000000000000e+00
1.012798177618578599e+01 6.499336236984151194e-01 0.000000000000000000e+00
1.028906595082364817e+01 6.502890012205935211e-01 0.000000000000000000e+00
1.044858835068191105e+01 6.518471664454600356e-01 0.000000000000000000e+00
1.060837643414709142e+01 6.497804412381145145e-01 0.000000000000000000e+00
1.068258521455060084e+01 6.501508219755477436e-01 0.000000000000000000e+00
1.076675756604690015e+01 6.514165735954152714e-01 0.000000000000000000e+00
1.092515583174457205e+01 6.508179388287987921e-01 0.000000000000000000e+00
1.108296625272441638e+01 6.484681412614227147e-01 0.000000000000000000e+00
1.123979621539614726e+01 6.475412983524638788e-01 0.000000000000000000e+00
1.139621960456664240e+01 6.479594292560350022e-01 0.000000000000000000e+00
1.149103848357113300e+01 6.489655610867519631e-01 0.000000000000000000e+00
1.155187007451040415e+01 6.492706260250498129e-01 0.000000000000000000e+00
1.170670921648108731e+01 6.483591083072853811e-01 0.000000000000000000e+00
1.186098529409432878e+01 6.482070279157861048e-01 0.000000000000000000e+00
1.201505661610522147e+01 6.502630965992876044e-01 0.000000000000000000e+00
1.216800368721487402e+01 6.503827380458275798e-01 0.000000000000000000e+00
1.222997735196444502e+01 6.502105599325676000e-01 0.000000000000000000e+00
1.232013117836021188e+01 6.500150186603432800e-01 0.000000000000000000e+00
1.247199833837736094e+01 6.491137635771050407e-01 0.000000000000000000e+00
1.262310611075978173e+01 6.486889923837489969e-01 0.000000000000000000e+00
1.277232835445476944e+01 6.498782686848435519e-01 0.000000000000000000e+00
1.292139788796710320e+01 6.487158303270219584e-01 0.000000000000000000e+00
1.306989024575163505e+01 6.489735484848571101e-01 0.000000000000000000e+00
1.309683950840756772e+01 6.492964045127483930e-01 0.000000000000000000e+00
1.321780315808028661e+01 6.504563155884555137e-01 0.000000000000000000e+00
1.336465645939518865e+01 6.490178105146197085e-01 0.000000000000000000e+00
1.351099624356941575e+01 6.456186322906481978e-01 0.000000000000000000e+00
1.365705994681564128e+01 6.446472685066289010e-01 0.000000000000000000e+00
1.380171700741146878e+01 6.458941180149987416e-01 0.000000000000000000e+00
1.000000000000000000e+02 6.458941180149987416e-01 0.000000000000000000e+00
