0.000000000000000000e+00 4.195032256784262614e+00 1.000000000000000000e+00
2.544630125849358104e-01 4.195032256784262614e+00 1.000000000000000000e+00
3.206505596387284607e-01 4.136853097443425220e+00 1.000000000000000000e+00
3.917292070238330703e-01 4.063856029851049989e+00 1.000000000000000000e+00
4.429382676142597508e-01 4.019352782841730587e+00 1.000000000000000000e+00
4.673859096057218498e-01 4.003105954166413127e+00 1.000000000000000000e+00
5.473560511197862466e-01 3.971384833692270355e+00 1.000000000000000000e+00
5.519372259714894202e-01 3.970144771607762912e+00 1.000000000000000000e+00
5.952882193767722319e-01 3.957320495204585509e+00 1.000000000000000000e+00
6.314604095718906462e-01 3.940252981426057399e+00 1.000000000000000000e+00
7.164623850286739870e-01 3.855670350596469564e+00 1.000000000000000000e+00
7.193279126366083354e-01 3.851320287414169208e+00 1.000000000000000000e+00
8.109666102484938133e-01 3.681204676329727032e+00 1.000000000000000000e+00
8.639142555533463330e-01 3.563336155282792017e+00 1.000000000000000000e+00
9.061135835322416954e-01 3.468640719409215922e+00 1.000000000000000000e+00
9.958337478970992196e-01 3.289285319823581855e+00 1.000000000000000000e+00
1.004682488654760064e+00 3.274550221262445326e+00 1.000000000000000000e+00
1.106491620998817149e+00 3.149279104234925963e+00 1.000000000000000000e+00
1.118616258731128132e+00 3.139612274151810212e+00 1.000000000000000000e+00
1.174988546286736879e+00 3.108214535034520942e+00 1.000000000000000000e+00
1.211461111306747718e+00 3.094498624906615092e+00 1.000000000000000000e+00
1.221147450264745471e+00 3.091206671827185559e+00 1.000000000000000000e+00
1.319566521037194073e+00 3.054038875248853646e+00 1.000000000000000000e+00
1.367117598716649507e+00 3.028127563486627594e+00 1.000000000000000000e+00
1.427485411852719377e+00 2.987801879729709675e+00 1.000000000000000000e+00
1.430388074446905966e+00 2.985699931901830251e+00 1.000000000000000000e+00
1.544191935200211363e+00 2.901000639198173303e+00 1.000000000000000000e+00
1.660714978075680026e+00 2.828961640990190762e+00 1.000000000000000000e+00
1.705152978739523206e+00 2.809974441779532484e+00 1.000000000000000000e+00
1.779736750678193591e+00 2.789623325790404174e+00 1.000000000000000000e+00
1.901396325327280534e+00 2.774209380123699997e+00 1.000000000000000000e+00
2.025554735060995259e+00 2.748110590915808338e+00 1.000000000000000000e+00
2.027251727588742281e+00 2.747566649811132411e+00 1.000000000000000000e+00
2.152148110513544044e+00 2.698628891304489574e+00 1.000000000000000000e+00
2.280913253957756126e+00 2.635441044462673688e+00 1.000000000000000000e+00
2.412145999113666672e+00 2.568462727538777024e+00 1.000000000000000000e+00
2.486496894613767328e+00 2.538220872704411324e+00 1.000000000000000000e+00
2.544942157768716129e+00 2.523937511407193579e+00 1.000000000000000000e+00
2.680329464802877926e+00 2.536032197128373689e+00 1.000000000000000000e+00
2.817493293145389099e+00 2.601466659551237015e+00 1.000000000000000000e+00
2.956513888396267387e+00 2.656285162287737034e+00 1.000000000000000000e+00
3.097359623615328683e+00 2.656677399071649681e+00 1.000000000000000000e+00
3.129494921674309538e+00 2.652958219668035245e+00 1.000000000000000000e+00
3.240193495256210365e+00 2.643809019498416735e+00 1.000000000000000000e+00
3.384505752467362072e+00 2.641048005247710329e+00 1.000000000000000000e+00
3.530325753582657988e+00 2.630134511911245365e+00 1.000000000000000000e+00
3.677957431665424437e+00 2.609187006750806948e+00 1.000000000000000000e+00
3.781665314234203823e+00 2.591322110246119692e+00 1.000000000000000000e+00
3.827318702624281865e+00 2.581240355307983236e+00 1.000000000000000000e+00
3.977530516244532688e+00 2.535917566631140208e+00 1.000000000000000000e+00
4.129057838592643748e+00 2.497608168138092832e+00 1.000000000000000000e+00
4.282582419119438377e+00 2.526850755412082261e+00 1.000000000000000000e+00
4.436601380837486452e+00 2.628035627378058070e+00 1.000000000000000000e+00
4.446312268844419435e+00 2.634368782330092973e+00 1.000000000000000000e+00
5.029784210898677443e+00 1.780212592322607090e+00 7.500000000000000000e-01
5.063810091301495397e+00 1.774867709581731567e+00 7.500000000000000000e-01
5.223084116744897365e+00 1.745918258418114100e+00 7.500000000000000000e-01
5.383274430403289124e+00 1.719605495621103097e+00 7.500000000000000000e-01
5.543931357853852937e+00 1.705019095174741928e+00 7.500000000000000000e-01
5.690572740293471377e+00 1.696422260656617276e+00 7.500000000000000000e-01
5.705479552372671570e+00 1.695501108690009362e+00 7.500000000000000000e-01
5.867183081862047622e+00 1.683785638623429337e+00 7.500000000000000000e-01
6.029794765296343506e+00 1.670141679341116570e+00 7.500000000000000000e-01
6.192921563578878796e+00 1.653956556882925089e+00 7.500000000000000000e-01
6.356421661855697458e+00 1.631217103480505859e+00 7.500000000000000000e-01
6.412956792183377885e+00 1.624386555410741728e+00 7.500000000000000000e-01
7.014044083053716960e+00 2.271791586795646634e+00 1.000000000000000000e+00
7.178929635768683148e+00 2.260296400624283386e+00 1.000000000000000000e+00
7.337427411053385917e+00 2.226126229670601475e+00 1.000000000000000000e+00
7.344056207016594229e+00 2.224149064628092809e+00 1.000000000000000000e+00
7.509445902031250064e+00 2.168387253174933971e+00 1.000000000000000000e+00
7.674348665597541697e+00 2.130553850943218475e+00 1.000000000000000000e+00
8.169540636007459611e+00 1.717910827770403381e+00 7.500000000000000000e-01
8.302858844328000032e+00 1.723895978743446689e+00 7.500000000000000000e-01
8.334224796727092155e+00 1.724579889768578234e+00 7.500000000000000000e-01
8.499341254080782448e+00 1.726729280046053638e+00 7.500000000000000000e-01
8.663392202735947123e+00 1.728393601429667026e+00 7.500000000000000000e-01
8.827604905947758596e+00 1.729300362630154186e+00 7.500000000000000000e-01
8.991667510655821260e+00 1.728277702026596696e+00 7.500000000000000000e-01
9.015599054859469774e+00 1.728446180345259764e+00 7.500000000000000000e-01
9.155863959409375141e+00 1.732583741964443202e+00 7.500000000000000000e-01
9.318780665121117579e+00 1.737941403882027336e+00 7.500000000000000000e-01
9.481089995680845206e+00 1.734278427586534388e+00 7.500000000000000000e-01
9.643755080851821759e+00 1.726836609462856220e+00 7.500000000000000000e-01
9.805955743485155196e+00 1.723020178627998833e+00 7.500000000000000000e-01
9.813041521745210716e+00 1.722983907149810312e+00 7.500000000000000000e-01
9.967096812072577805e+00 1.723743513594475418e+00 7.500000000000000000e-01
1.012798177618578599e+01 1.725129613063593359e+00 7.500000000000000000e-01
1.028906595082364817e+01 1.724962358803849183e+00 7.500000000000000000e-01
1.044858835068191105e+01 1.723197735629787841e+00 7.500000000000000000e-01
1.060837643414709142e+01 1.721206148739661268e+00 7.500000000000000000e-01
1.068258521455060084e+01 1.721349432113205680e+00 7.500000000000000000e-01
1.076675756604690015e+01 1.722197429755258025e+00 7.500000000000000000e-01
1.092515583174457205e+01 1.722778259957339575e+00 7.500000000000000000e-01
1.108296625272441638e+01 1.720763375496127567e+00 7.500000000000000000e-01
1.123979621539614726e+01 1.718996533030001883e+00 7.500000000000000000e-01
1.139621960456664240e+01 1.718429467830712820e+00 7.500000000000000000e-01
1.149103848357113300e+01 1.719347013650449396e+00 7.500000000000000000e-01
1.155187007451040415e+01 1.720123287640802578e+00 7.500000000000000000e-01
1.170670921648108731e+01 1.721178592847883326e+00 7.500000000000000000e-01
1.186098529409432878e+01 1.722386822299469156e+00 7.500000000000000000e-01
1.201505661610522147e+01 1.725399736617694968e+00 7.500000000000000000e-01
1.216800368721487402e+01 1.727087549913553399e+00 7.500000000000000000e-01
1.222997735196444502e+01 1.727160492193711150e+00 7.500000000000000000e-01
1.232013117836021188e+01 1.726623621098015704e+00 7.500000000000000000e-01
1.247199833837736094e+01 1.724268178718737277e+00 7.500000000000000000e-01
1.262310611075978173e+01 1.721440559661414627e+00 7.500000000000000000e-01
1.277232835445476944e+01 1.718836857175599642e+00 7.500000000000000000e-01
1.292139788796710320e+01 1.718288550821865268e+00 7.500000000000000000e-01
1.306989024575163505e+01 1.721426393855864045e+00 7.500000000000000000e-01
1.309683950840756772e+01 1.722166385860341320e+00 7.500000000000000000e-01
1.321780315808028661e+01 1.724498567563581997e+00 7.500000000000000000e-01
1.336465645939518865e+01 1.723614168513751377e+00 7.500000000000000000e-01
1.351099624356941575e+01 1.720745371527199419e+00 7.500000000000000000e-01
1.365705994681564128e+01 1.719516475053740612e+00 7.500000000000000000e-01
1.380171700741146878e+01 1.720761447448533987e+00 7.500000000000000000e-01
1.000000000000000000e+02 1.720761447448533987e+00 7.500000000000000000e-01
