0.000000000000000000e+00 3.108255264937649809e+00 1.000000000000000000e+00
2.544635715496534889e-01 3.108255264937649809e+00 1.000000000000000000e+00
3.207146238318441256e-01 3.108255264937649809e+00 1.000000000000000000e+00
3.719044986225946703e-01 2.742698657969813159e+00 1.000000000000000000e+00
3.917290842753376467e-01 2.607466937458100986e+00 1.000000000000000000e+00
4.381437241442687203e-01 2.333942616465868980e+00 1.000000000000000000e+00
4.673934850793949880e-01 2.203782151778645115e+00 1.000000000000000000e+00
5.341418361491131472e-01 2.020136196882849955e+00 1.000000000000000000e+00
5.473618198489764719e-01 1.997581145383051426e+00 1.000000000000000000e+00
6.314167037497701029e-01 1.914328723104947727e+00 1.000000000000000000e+00
6.599031534952503053e-01 1.895570710193097863e+00 1.000000000000000000e+00
1.004669349917759691e+00 1.269851852737934106e+00 7.500000000000000000e-01
1.430389572904384510e+00 9.618236221110281203e-01 5.000000000000000000e-01
1.479262000084474504e+00 9.666523103368713787e-01 5.000000000000000000e-01
1.544151073252609141e+00 9.757820282189787475e-01 5.000000000000000000e-01
1.617491560815508045e+00 9.862734187552709697e-01 5.000000000000000000e-01
1.660629503568886278e+00 9.907839852763477007e-01 5.000000000000000000e-01
1.779798739681622166e+00 9.924268128830876501e-01 5.000000000000000000e-01
1.834056666959062110e+00 9.881076127403515263e-01 5.000000000000000000e-01
1.901384875601959568e+00 9.797921159175951855e-01 5.000000000000000000e-01
2.016464301686270222e+00 9.631424440639002604e-01 5.000000000000000000e-01
2.411802157282165737e+00 9.108207206385922072e-01 2.500000000000000000e-01
2.446182213425887486e+00 9.078530393270246579e-01 2.500000000000000000e-01
2.956444915648190896e+00 9.451240939198448654e-01 5.000000000000000000e-01
3.052233856916866550e+00 9.478898802417179414e-01 5.000000000000000000e-01
3.097334225329817503e+00 9.494425769221145339e-01 5.000000000000000000e-01
3.240048785394628705e+00 9.526798223542743971e-01 5.000000000000000000e-01
3.384392403687380479e+00 9.500991717395780300e-01 5.000000000000000000e-01
3.530410716123483006e+00 9.412598607916469184e-01 5.000000000000000000e-01
3.641172421420262761e+00 9.320235520975709287e-01 5.000000000000000000e-01
3.677835257479240116e+00 9.291977636870440982e-01 5.000000000000000000e-01
3.826844107928405236e+00 9.226905556718448809e-01 5.000000000000000000e-01
3.977268125686935107e+00 9.238397617120654992e-01 5.000000000000000000e-01
4.129009658900203661e+00 9.278023955407663781e-01 5.000000000000000000e-01
4.282097050215917022e+00 9.335679989513766541e-01 5.000000000000000000e-01
4.436326193044898503e+00 9.379976467964754594e-01 5.000000000000000000e-01
4.905382666132087621e+00 7.577695171009476427e-01 2.500000000000000000e-01
5.063820139476398197e+00 7.614822266385025129e-01 2.500000000000000000e-01
5.222912856964387451e+00 7.678322695283945620e-01 2.500000000000000000e-01
5.383175063934672266e+00 7.728439561070685748e-01 2.500000000000000000e-01
5.499903335508207647e+00 7.738992451576925946e-01 2.500000000000000000e-01
5.543804270063216855e+00 7.736281409911540674e-01 2.500000000000000000e-01
5.705122121094367671e+00 7.713931113981528087e-01 2.500000000000000000e-01
5.867249888322570328e+00 7.704931135633860118e-01 2.500000000000000000e-01
6.029781587315049762e+00 7.720576303640954707e-01 2.500000000000000000e-01
6.192955226911616151e+00 7.761426877114928624e-01 2.500000000000000000e-01
6.214182635297091473e+00 7.766792343765898110e-01 2.500000000000000000e-01
6.356409640808348804e+00 7.799124848582620340e-01 2.500000000000000000e-01
6.520411832144089814e+00 7.853008061568433895e-01 2.500000000000000000e-01
6.684528144690396800e+00 7.925779020007134301e-01 2.500000000000000000e-01
6.849075386185684344e+00 7.952081760345233175e-01 2.500000000000000000e-01
7.013948732645896911e+00 7.949900407652867873e-01 2.500000000000000000e-01
7.129078567029607960e+00 7.955684187542806374e-01 2.500000000000000000e-01
7.178780850120014989e+00 7.961079664952663837e-01 2.500000000000000000e-01
7.344029638771361057e+00 7.982351251832000560e-01 2.500000000000000000e-01
7.509132688628712415e+00 7.986304333528508881e-01 2.500000000000000000e-01
7.674177019241945175e+00 7.976171165843114474e-01 2.500000000000000000e-01
7.839220168740494543e+00 7.986871757545791484e-01 2.500000000000000000e-01
8.004447523718917878e+00 8.015462897655178942e-01 2.500000000000000000e-01
8.096382424154308310e+00 8.035777027907674563e-01 2.500000000000000000e-01
8.169362978476787163e+00 8.047081189957953073e-01 2.500000000000000000e-01
8.334315827031886670e+00 8.046944157721859225e-01 2.500000000000000000e-01
8.498914009309807227e+00 8.030428041227357649e-01 2.500000000000000000e-01
8.663387332444381528e+00 8.011949946848960780e-01 2.500000000000000000e-01
8.827828527073858567e+00 8.000729724672078769e-01 2.500000000000000000e-01
8.991333387638924535e+00 7.945248352290140703e-01 2.500000000000000000e-01
9.155045607408210273e+00 7.860047323943469832e-01 2.500000000000000000e-01
9.318285740737717759e+00 7.812475221353955002e-01 2.500000000000000000e-01
9.387068709067708738e+00 7.799843283112425363e-01 2.500000000000000000e-01
9.481266585930240964e+00 7.788556720675089418e-01 2.500000000000000000e-01
9.643515895828755902e+00 7.811258469299414697e-01 2.500000000000000000e-01
1.028899653918033685e+01 6.565606978082795253e-01 0.000000000000000000e+00
1.044895467626434815e+01 6.556672033407452416e-01 0.000000000000000000e+00
1.060862033316165132e+01 6.571639603227769078e-01 0.000000000000000000e+00
1.076759215229563083e+01 6.615570791447821231e-01 0.000000000000000000e+00
1.080938926440899017e+01 6.629192609358502963e-01 0.000000000000000000e+00
1.092520811458241425e+01 6.650338880959614229e-01 0.000000000000000000e+00
1.108325171762535177e+01 6.660716886610807963e-01 0.000000000000000000e+00
1.124039365897804110e+01 6.652641117377713353e-01 0.000000000000000000e+00
1.139594773381086590e+01 6.604854530488072362e-01 0.000000000000000000e+00
1.155167154178496247e+01 6.681798847270666863e-01 0.000000000000000000e+00
1.170684396925556925e+01 6.679743622524463298e-01 0.000000000000000000e+00
1.174384530605601284e+01 6.673024258312546531e-01 0.000000000000000000e+00
1.186091525099596744e+01 6.688018634686377917e-01 0.000000000000000000e+00
1.201468162985531229e+01 6.795705200746239294e-01 0.000000000000000000e+00
1.216787723532656251e+01 6.843263151546716827e-01 0.000000000000000000e+00
1.232000202161558455e+01 6.837340143280374871e-01 0.000000000000000000e+00
1.247119590032481007e+01 6.773082804104761934e-01 0.000000000000000000e+00
1.262196324009144455e+01 6.688653813166038908e-01 0.000000000000000000e+00
1.277231874714190774e+01 6.701419824012851967e-01 0.000000000000000000e+00
1.292113398360872978e+01 6.725027560308879382e-01 0.000000000000000000e+00
1.294416867163861617e+01 6.727443296675491569e-01 0.000000000000000000e+00
1.307025619967129160e+01 6.727258580850327130e-01 0.000000000000000000e+00
1.321898226728810677e+01 6.699849066875629422e-01 0.000000000000000000e+00
1.336447252974473443e+01 6.651786413192739555e-01 0.000000000000000000e+00
1.351138597408107245e+01 6.638774690870035133e-01 0.000000000000000000e+00
1.365616434347032637e+01 6.754007600693019420e-01 0.000000000000000000e+00
1.380107670713410251e+01 6.830654387316930087e-01 0.000000000000000000e+00
1.000000000000000000e+02 6.830654387316930087e-01 0.000000000000000000e+00
