   0.347
   0.332
   0.381
   0.376
   0.391
   0.386
   0.401
   0.400
   0.395
   0.389
   0.384
   0.387
   0.372
   0.367
   0.343
   0.366
   0.364
   0.367
   0.379
   0.373
   0.366
   0.344
   0.388
   0.402
   0.411
   0.404
   0.404
   0.405
   0.412
   0.404
   0.396
   0.402
   0.398
   0.394
   0.400
   0.404
   0.396
   0.399
   0.391
   0.394
   0.385
   0.392
   0.387
   0.378
   0.401
   0.391
   0.392
   0.391
   0.388
   0.391
   0.380
   0.378
   0.376
   0.348
   0.347
   0.346
   0.376
   0.349
   0.384
   0.386
   0.382
   0.373
   0.360
   0.387
   0.410
   0.409
   0.419
   0.426
   0.420
   0.413
   0.416
   0.437
   0.407
   0.431
   0.434
   0.442
   0.450
   0.440
   0.442
   0.433
   0.443
   0.428
   0.449
   0.429
   0.477
   0.608
   0.514
   0.504
   0.479
   0.463
   0.477
   0.580
   0.631
   0.737
   0.742
   0.797
   0.737
   0.726
   0.708
   0.722
   0.862
   1.337
   1.337
   1.569
   2.682
   1.269
   1.261
   2.827
   3.429
   4.391
   0.672
   0.539
   0.144
  10.015
   9.766
   4.334
   0.033
   0.019
   0.015
   0.007
   0.005
  11.014
  10.252
  10.060
