3.069976816238139533e-02 1.065228222990785718e+09
3.213194951921637121e-02 4.993799884201087356e+08
3.363094387046929729e-02 5.941484243894944191e+08
3.519986812322865172e-02 6.365843865353813171e+08
3.684198459207260745e-02 7.232853162736564875e+08
3.856070778250449138e-02 8.865312262140079737e+08
4.035961149084377197e-02 6.389350352030620575e+08
4.224243623533543990e-02 7.483886940890835524e+08
4.421309703392971302e-02 7.252972362898187637e+08
4.627569154490460829e-02 7.743860928552050591e+08
4.843450858725836805e-02 6.293717668240306377e+08
5.069403705858849252e-02 6.294165805395954847e+08
5.305897526900069106e-02 5.830398839408974648e+08
5.553424071045594268e-02 6.752830522261388302e+08
5.812498028186940946e-02 5.776989382803568840e+08
6.083658099122266766e-02 5.539798546019310951e+08
6.367468115694234487e-02 5.198031307542321682e+08
6.664518213183667772e-02 5.313279840602929592e+08
6.975426057396794111e-02 5.534807279673132896e+08
7.300838128997587384e-02 5.479451422079933882e+08
7.641431067755764805e-02 5.033663564667951465e+08
7.997913079505601652e-02 4.926596681336723566e+08
8.371025408741054885e-02 5.225726608735618591e+08
8.761543879909236554e-02 3.847278650468369126e+08
9.170280510607109470e-02 3.985685608579878807e+08
9.598085200035742781e-02 3.936964934266617894e+08
1.004584749622301765e-01 4.309306892591450810e+08
1.051449844568940195e-01 3.511691965158962011e+08
1.100501252940287722e-01 3.399734005824000835e+08
1.151840968904851020e-01 3.557627472175217271e+08
1.205575744782594882e-01 3.423115993702375293e+08
1.261817313018468445e-01 3.190540010241259336e+08
1.320682618511266337e-01 3.106027093310467005e+08
1.382294061780912076e-01 2.910422554319000244e+08
1.446779753479788821e-01 3.013920992415194511e+08
1.514273780777332656e-01 2.705221053283997774e+08
1.584916486171791816e-01 2.630989263407572210e+08
1.658854759308886484e-01 2.497801139204091430e+08
1.736242342414167639e-01 2.376278496227281392e+08
1.817240149974163610e-01 2.233056532881409228e+08
1.902016603331038169e-01 2.080261511610938311e+08
1.990747980886495849e-01 1.898503497481640279e+08
2.083618784643124222e-01 1.752936196721145511e+08
2.180822123845329585e-01 1.831440829587531686e+08
2.282560116517592663e-01 1.763197732809904218e+08
2.389044309734965343e-01 1.598449547784343958e+08
2.500496119499697190e-01 1.543636827107604444e+08
2.617147291138638421e-01 1.415853876106902361e+08
2.739240381178740802e-01 1.300800138292879760e+08
2.867029261702632170e-01 1.273095883174783587e+08
3.000779648232989039e-01 1.168939007908737957e+08
3.140769652243355914e-01 1.041596221250732839e+08
3.287290359444262067e-01 9.869945305762870610e+07
3.440646435047088891e-01 9.399451602010765672e+07
3.601156757264223351e-01 9.032787038015429676e+07
3.769155080362766030e-01 8.436789042478534579e+07
3.944990728650497602e-01 7.607264434611104429e+07
4.129029322837124427e-01 7.376459032523159683e+07
4.321653540281166217e-01 6.877996595498625934e+07
4.523263910703274604e-01 6.102500650801879168e+07
4.734279649020536884e-01 5.766267434390719980e+07
4.955139527033520785e-01 5.572184376447057724e+07
5.186302785778565960e-01 5.164554189428079128e+07
5.428250090442419129e-01 4.784131504194800556e+07
5.681484529824789576e-01 4.495035561843208224e+07
5.946532662427046478e-01 4.208260924012854695e+07
6.223945611342215356e-01 4.027016534755852073e+07
6.514300210222929710e-01 3.551573611169058830e+07
6.818200202710160696e-01 3.382342935113167763e+07
7.136277497816758686e-01 3.131625868061763421e+07
7.469193483876155337e-01 2.936565495146736503e+07
7.817640403788362891e-01 2.665959257173712924e+07
8.182342794422867716e-01 2.496311376992509514e+07
8.564058993171398404e-01 2.325123315799360722e+07
8.963582714783228100e-01 2.088282917885051668e+07
9.381744701761730587e-01 1.931169215667494759e+07
9.819414451753946116e-01 1.776790335742163286e+07
1.027750202552496051e+00 1.655559324230531417e+07
1.075695993927647365e+00 1.526798008572821133e+07
1.125878514524432994e+00 1.432070346689024195e+07
1.178402110469330522e+00 1.305517589269875735e+07
1.233375995761962995e+00 1.216446992555551790e+07
1.290914479367274659e+00 1.133903792840211838e+07
1.351137202901832923e+00 1.028342072141584754e+07
1.414169389408483246e+00 9.419456478552771732e+06
1.480142103736643344e+00 9.007778894239973277e+06
1.549192525069651882e+00 8.145993140186585486e+06
1.621464232165851449e+00 7.513980934627903625e+06
1.697107501906508942e+00 6.879823662573221140e+06
1.776279621771362560e+00 6.311250458174006082e+06
1.859145216891527452e+00 5.787982009443933144e+06
1.945876592359817581e+00 5.301933657944208011e+06
2.036654091510258002e+00 4.935424585067189299e+06
2.131666470911770972e+00 4.474063958172849379e+06
2.231111292855769257e+00 4.041196716597305611e+06
2.335195336153773393e+00 3.652922659379757009e+06
2.444135026099235386e+00 3.314902793197540101e+06
2.558156884487600369e+00 3.029621297835789155e+06
2.677498000630348152e+00 2.731374545435118955e+06
2.802406524342412553e+00 2.471502398795999587e+06
2.933142181928062087e+00 2.283082975141155533e+06
