3.069976816238139533e-02 6.163166867308309078e+08
3.213194951921637121e-02 7.364261657865715027e+08
3.363094387046929729e-02 3.986583764199529886e+08
3.519986812322865172e-02 9.296636878406598568e+08
3.684198459207260745e-02 7.487483588307621479e+08
3.856070778250449138e-02 7.429430378987489939e+08
4.035961149084377197e-02 7.326088527883641720e+08
4.224243623533543990e-02 7.913214803900943995e+08
4.421309703392971302e-02 6.167686996353332996e+08
4.627569154490460829e-02 6.857900696956896782e+08
4.843450858725836805e-02 4.883797493023551702e+08
5.069403705858849252e-02 6.409571764893740416e+08
5.305897526900069106e-02 6.236976455822716951e+08
5.553424071045594268e-02 6.548888412271081209e+08
5.812498028186940946e-02 7.403879644747161865e+08
6.083658099122266766e-02 5.294336643461529613e+08
6.367468115694234487e-02 5.434845840863996744e+08
6.664518213183667772e-02 5.409915695834703445e+08
6.975426057396794111e-02 4.990654167723600864e+08
7.300838128997587384e-02 5.225919604740201831e+08
7.641431067755764805e-02 4.772682705682476759e+08
7.997913079505601652e-02 4.744306596720044017e+08
8.371025408741054885e-02 4.339159069390937686e+08
8.761543879909236554e-02 4.470682565374523401e+08
9.170280510607109470e-02 4.182971584839407802e+08
9.598085200035742781e-02 3.818353931803824902e+08
1.004584749622301765e-01 3.914936885771304369e+08
1.051449844568940195e-01 3.557070220278099775e+08
1.100501252940287722e-01 3.820640940174760818e+08
1.151840968904851020e-01 3.529299683776296973e+08
1.205575744782594882e-01 2.993083040252351761e+08
1.261817313018468445e-01 3.281697799136336446e+08
1.320682618511266337e-01 3.346893506593942642e+08
1.382294061780912076e-01 3.061349376708284020e+08
1.446779753479788821e-01 2.819791482581959367e+08
1.514273780777332656e-01 2.730950356903861165e+08
1.584916486171791816e-01 2.442243392265301943e+08
1.658854759308886484e-01 2.317750081705968082e+08
1.736242342414167639e-01 2.297691714487215281e+08
1.817240149974163610e-01 2.120343096904347241e+08
1.902016603331038169e-01 2.015473841624448299e+08
1.990747980886495849e-01 2.044378328095900714e+08
2.083618784643124222e-01 1.894762198762892187e+08
2.180822123845329585e-01 1.769516566932137311e+08
2.282560116517592663e-01 1.562909655767581463e+08
2.389044309734965343e-01 1.625698619111516476e+08
2.500496119499697190e-01 1.480803163772056401e+08
2.617147291138638421e-01 1.384242269153232276e+08
2.739240381178740802e-01 1.327981002444639206e+08
2.867029261702632170e-01 1.257350306420744359e+08
3.000779648232989039e-01 1.121098865598836392e+08
3.140769652243355914e-01 1.088784162739392519e+08
3.287290359444262067e-01 1.002031886805302650e+08
3.440646435047088891e-01 9.141995805425766110e+07
3.601156757264223351e-01 8.608524349740116298e+07
3.769155080362766030e-01 8.192062436977431178e+07
3.944990728650497602e-01 7.587314707958953083e+07
4.129029322837124427e-01 7.373423938309095800e+07
4.321653540281166217e-01 6.732846100222881138e+07
4.523263910703274604e-01 6.328673039200534672e+07
4.734279649020536884e-01 5.791891549662133306e+07
4.955139527033520785e-01 5.523870428006476164e+07
5.186302785778565960e-01 5.207618477634783834e+07
5.428250090442419129e-01 4.830989347676664591e+07
5.681484529824789576e-01 4.409328192731689662e+07
5.946532662427046478e-01 4.159539711768218130e+07
6.223945611342215356e-01 3.920044185628972203e+07
6.514300210222929710e-01 3.599534559382445365e+07
6.818200202710160696e-01 3.415376713176379353e+07
7.136277497816758686e-01 3.137933189920399711e+07
7.469193483876155337e-01 2.932664959844209254e+07
7.817640403788362891e-01 2.664783101635625586e+07
8.182342794422867716e-01 2.467329447102249414e+07
8.564058993171398404e-01 2.307261183713950962e+07
8.963582714783228100e-01 2.136898428395034000e+07
9.381744701761730587e-01 1.956653200263166055e+07
9.819414451753946116e-01 1.816966402354357392e+07
1.027750202552496051e+00 1.690987809376029298e+07
1.075695993927647365e+00 1.539009650254728831e+07
1.125878514524432994e+00 1.427118548109175824e+07
1.178402110469330522e+00 1.331536988924296945e+07
1.233375995761962995e+00 1.236170037778547220e+07
1.290914479367274659e+00 1.135279955932574905e+07
1.351137202901832923e+00 1.059159666087898426e+07
1.414169389408483246e+00 9.590438086441710591e+06
1.480142103736643344e+00 8.837734215682486072e+06
1.549192525069651882e+00 8.126800889924035408e+06
1.621464232165851449e+00 7.464414793956555426e+06
1.697107501906508942e+00 6.893179020661456510e+06
1.776279621771362560e+00 6.231786761165022850e+06
1.859145216891527452e+00 5.749927136893863790e+06
1.945876592359817581e+00 5.223604258757496253e+06
2.036654091510258002e+00 4.776149608604099602e+06
2.131666470911770972e+00 4.375248701559357345e+06
2.231111292855769257e+00 3.970607815135556739e+06
2.335195336153773393e+00 3.638961034626349807e+06
2.444135026099235386e+00 3.333817588645267766e+06
2.558156884487600369e+00 3.009374677916082554e+06
2.677498000630348152e+00 2.758053386308182497e+06
2.802406524342412553e+00 2.472602574176482856e+06
2.933142181928062087e+00 2.284784915942371357e+06
