3.069976816238139533e-02 8.126425859614748955e+08
3.213194951921637121e-02 1.109786168143099308e+09
3.363094387046929729e-02 7.741716656748247147e+08
3.519986812322865172e-02 1.042462114363311648e+09
3.684198459207260745e-02 8.498509853499267101e+08
3.856070778250449138e-02 6.772772747546664476e+08
4.035961149084377197e-02 1.085574346121681452e+09
4.224243623533543990e-02 7.052666893737277985e+08
4.421309703392971302e-02 5.831528111013494730e+08
4.627569154490460829e-02 5.868250492171962261e+08
4.843450858725836805e-02 5.587269174003522396e+08
5.069403705858849252e-02 4.115306476101030707e+08
5.305897526900069106e-02 5.863463635872832537e+08
5.553424071045594268e-02 5.377693784603093863e+08
5.812498028186940946e-02 5.047861216713898182e+08
6.083658099122266766e-02 3.834207921791668534e+08
6.367468115694234487e-02 4.568754869203062654e+08
6.664518213183667772e-02 4.194328305478529930e+08
6.975426057396794111e-02 3.329815703353766203e+08
7.300838128997587384e-02 4.073479069691100121e+08
7.641431067755764805e-02 3.035281694733219743e+08
7.997913079505601652e-02 3.144171206420369744e+08
8.371025408741054885e-02 2.948634805504425764e+08
8.761543879909236554e-02 3.172314745459307432e+08
9.170280510607109470e-02 2.758531895353842974e+08
9.598085200035742781e-02 2.429871441235116422e+08
1.004584749622301765e-01 2.645252003544090688e+08
1.051449844568940195e-01 2.836674395397413373e+08
1.100501252940287722e-01 2.291505996885642409e+08
1.151840968904851020e-01 2.020117014597697556e+08
1.205575744782594882e-01 2.115021885442660153e+08
1.261817313018468445e-01 1.991477752079093754e+08
1.320682618511266337e-01 1.729637725692177415e+08
1.382294061780912076e-01 1.780053415976482630e+08
1.446779753479788821e-01 1.670031946475681067e+08
1.514273780777332656e-01 1.376297948377610743e+08
1.584916486171791816e-01 1.257054246540622115e+08
1.658854759308886484e-01 1.259790236440609843e+08
1.736242342414167639e-01 1.233131621985657960e+08
1.817240149974163610e-01 1.118459788746031225e+08
1.902016603331038169e-01 1.100814051855304241e+08
1.990747980886495849e-01 9.905543853445652127e+07
2.083618784643124222e-01 9.620797195082388818e+07
2.180822123845329585e-01 8.066790943425178528e+07
2.282560116517592663e-01 7.941807376816023886e+07
2.389044309734965343e-01 7.333832916898626089e+07
2.500496119499697190e-01 6.140967240395164490e+07
2.617147291138638421e-01 5.739180213622301072e+07
2.739240381178740802e-01 5.251816389641809464e+07
2.867029261702632170e-01 4.924938425476647913e+07
3.000779648232989039e-01 4.374864818747995794e+07
3.140769652243355914e-01 4.277508608244371414e+07
3.287290359444262067e-01 3.372586897385878116e+07
3.440646435047088891e-01 3.441190087343056500e+07
3.601156757264223351e-01 3.009350053358343989e+07
3.769155080362766030e-01 2.709616763654551283e+07
3.944990728650497602e-01 2.465020201103206351e+07
4.129029322837124427e-01 2.311159739637130871e+07
4.321653540281166217e-01 2.143678190897877514e+07
4.523263910703274604e-01 2.055578661081348360e+07
4.734279649020536884e-01 2.111405687298006564e+07
4.955139527033520785e-01 1.957510768382342532e+07
5.186302785778565960e-01 1.859118688035265356e+07
5.428250090442419129e-01 1.576483336079851724e+07
5.681484529824789576e-01 1.513768847951453179e+07
5.946532662427046478e-01 1.289935141367112100e+07
6.223945611342215356e-01 1.198507477461820841e+07
6.514300210222929710e-01 1.121652838105143979e+07
6.818200202710160696e-01 1.075789186278058775e+07
7.136277497816758686e-01 9.461554648264426738e+06
7.469193483876155337e-01 9.143445784663412720e+06
7.817640403788362891e-01 8.413630556538594887e+06
8.182342794422867716e-01 7.962146242811577395e+06
8.564058993171398404e-01 8.017910437949446961e+06
8.963582714783228100e-01 8.455077230678979307e+06
9.381744701761730587e-01 7.350185375091522001e+06
9.819414451753946116e-01 6.698605803108755499e+06
1.027750202552496051e+00 6.033866457980197854e+06
1.075695993927647365e+00 5.510859432509096339e+06
1.125878514524432994e+00 5.098547812738311477e+06
1.178402110469330522e+00 4.501448764112352394e+06
1.233375995761962995e+00 4.247888449446519837e+06
1.290914479367274659e+00 3.889123072304371279e+06
1.351137202901832923e+00 3.353191501471589319e+06
1.414169389408483246e+00 2.931436138086719904e+06
1.480142103736643344e+00 2.705376111854592804e+06
1.549192525069651882e+00 2.479449620762147475e+06
1.621464232165851449e+00 2.184554191241241060e+06
1.697107501906508942e+00 1.876012158856426831e+06
1.776279621771362560e+00 1.599539336674983148e+06
1.859145216891527452e+00 1.280762125858776271e+06
1.945876592359817581e+00 9.856463838308744598e+05
2.036654091510258002e+00 8.236064086164128967e+05
2.131666470911770972e+00 7.096033666025864659e+05
2.231111292855769257e+00 6.576677068294513738e+05
2.335195336153773393e+00 7.159564032312685158e+05
2.444135026099235386e+00 7.665663799101634650e+05
2.558156884487600369e+00 6.594705001670843922e+05
2.677498000630348152e+00 5.436531341312478762e+05
2.802406524342412553e+00 4.547381773090365459e+05
2.933142181928062087e+00 4.256717238871949958e+05
