3.069976816238139533e-02 6.582845237142208815e+08
3.213194951921637121e-02 6.309748987197990417e+08
3.363094387046929729e-02 8.699171816510493755e+08
3.519986812322865172e-02 8.826450106365079880e+08
3.684198459207260745e-02 6.839412893633265495e+08
3.856070778250449138e-02 4.880998011971296072e+08
4.035961149084377197e-02 5.643641223669137955e+08
4.224243623533543990e-02 5.839572751836266518e+08
4.421309703392971302e-02 7.576426935665140152e+08
4.627569154490460829e-02 7.472888670546134710e+08
4.843450858725836805e-02 5.979524082067751884e+08
5.069403705858849252e-02 6.098286858738391399e+08
5.305897526900069106e-02 7.806236268245387077e+08
5.553424071045594268e-02 7.946430022158372402e+08
5.812498028186940946e-02 6.927533163881487846e+08
6.083658099122266766e-02 7.154747281875422001e+08
6.367468115694234487e-02 6.521318749844853878e+08
6.664518213183667772e-02 6.387883478577823639e+08
6.975426057396794111e-02 4.887770558263167739e+08
7.300838128997587384e-02 4.973537134040729403e+08
7.641431067755764805e-02 6.007645321133384705e+08
7.997913079505601652e-02 5.174767914282535315e+08
8.371025408741054885e-02 5.406811181710672379e+08
8.761543879909236554e-02 5.152498659421984553e+08
9.170280510607109470e-02 4.600196434619058967e+08
9.598085200035742781e-02 3.894485157125985622e+08
1.004584749622301765e-01 3.715944489258825779e+08
1.051449844568940195e-01 4.089792259688017368e+08
1.100501252940287722e-01 4.005148556380723119e+08
1.151840968904851020e-01 3.449841848132429123e+08
1.205575744782594882e-01 3.477330271960185766e+08
1.261817313018468445e-01 3.624112529255248904e+08
1.320682618511266337e-01 3.455112509463112950e+08
1.382294061780912076e-01 2.957875744237982631e+08
1.446779753479788821e-01 2.875746824581550360e+08
1.514273780777332656e-01 2.717818140662865639e+08
1.584916486171791816e-01 2.474557014483769238e+08
1.658854759308886484e-01 2.448471487717795074e+08
1.736242342414167639e-01 2.441220572352663875e+08
1.817240149974163610e-01 2.235531223698861003e+08
1.902016603331038169e-01 2.158828679255056381e+08
1.990747980886495849e-01 2.113797619113355279e+08
2.083618784643124222e-01 1.955145647661454082e+08
2.180822123845329585e-01 1.823236804364199340e+08
2.282560116517592663e-01 1.684584112959905863e+08
2.389044309734965343e-01 1.570411381840406358e+08
2.500496119499697190e-01 1.500893123929861486e+08
2.617147291138638421e-01 1.451895830187116861e+08
2.739240381178740802e-01 1.320763927608360350e+08
2.867029261702632170e-01 1.302337121197990775e+08
3.000779648232989039e-01 1.185583273911641091e+08
3.140769652243355914e-01 1.121199121826328486e+08
3.287290359444262067e-01 9.842162585782183707e+07
3.440646435047088891e-01 9.630638993690405786e+07
3.601156757264223351e-01 9.048234079914104939e+07
3.769155080362766030e-01 8.492866615376479924e+07
3.944990728650497602e-01 7.755952877462489903e+07
4.129029322837124427e-01 7.463994322709408402e+07
4.321653540281166217e-01 6.849771804332093894e+07
4.523263910703274604e-01 6.426382875629467517e+07
4.734279649020536884e-01 6.106490874665708095e+07
4.955139527033520785e-01 5.535566605344961584e+07
5.186302785778565960e-01 5.343100607878462225e+07
5.428250090442419129e-01 5.032945273285897076e+07
5.681484529824789576e-01 4.611738739130493253e+07
5.946532662427046478e-01 4.139474496612074971e+07
6.223945611342215356e-01 4.042089627807395160e+07
6.514300210222929710e-01 3.716862212932005525e+07
6.818200202710160696e-01 3.454792392981626838e+07
7.136277497816758686e-01 3.190710706247387081e+07
7.469193483876155337e-01 2.921025022240686789e+07
7.817640403788362891e-01 2.758554793171466887e+07
8.182342794422867716e-01 2.587855184298087656e+07
8.564058993171398404e-01 2.377277411825400963e+07
8.963582714783228100e-01 2.221217820654120669e+07
9.381744701761730587e-01 2.004444150991258770e+07
9.819414451753946116e-01 1.880485813996781409e+07
1.027750202552496051e+00 1.735921719871482626e+07
1.075695993927647365e+00 1.606913512727905996e+07
1.125878514524432994e+00 1.499979421810443699e+07
1.178402110469330522e+00 1.398262139184640162e+07
1.233375995761962995e+00 1.290990928137722239e+07
1.290914479367274659e+00 1.170239074733990245e+07
1.351137202901832923e+00 1.090462103140929528e+07
1.414169389408483246e+00 1.003429634388701804e+07
1.480142103736643344e+00 9.207908568812308833e+06
1.549192525069651882e+00 8.484649428976178169e+06
1.621464232165851449e+00 7.639677715012459084e+06
1.697107501906508942e+00 7.086049259300556034e+06
1.776279621771362560e+00 6.501490376821375452e+06
1.859145216891527452e+00 5.955509656300620176e+06
1.945876592359817581e+00 5.421197957824987359e+06
2.036654091510258002e+00 4.969605905088103376e+06
2.131666470911770972e+00 4.439997028023992665e+06
2.231111292855769257e+00 4.059226851734576281e+06
2.335195336153773393e+00 3.688478069216082804e+06
2.444135026099235386e+00 3.336271223988689482e+06
2.558156884487600369e+00 3.055738298644362483e+06
2.677498000630348152e+00 2.830479243811147287e+06
2.802406524342412553e+00 2.603689883741541300e+06
2.933142181928062087e+00 2.305083475991662126e+06
