3.069976816238139533e-02 9.616178756878330708e+08
3.213194951921637121e-02 1.209615985183320522e+09
3.363094387046929729e-02 1.082572567296228886e+09
3.519986812322865172e-02 1.035453372114555240e+09
3.684198459207260745e-02 5.902028337575565577e+08
3.856070778250449138e-02 9.239786171009745598e+08
4.035961149084377197e-02 7.185529980135143995e+08
4.224243623533543990e-02 6.879129290388416052e+08
4.421309703392971302e-02 7.116864059251031876e+08
4.627569154490460829e-02 6.149240400506000519e+08
4.843450858725836805e-02 6.777860455996639729e+08
5.069403705858849252e-02 8.377190276920979023e+08
5.305897526900069106e-02 5.523600474168310165e+08
5.553424071045594268e-02 6.130521988901935816e+08
5.812498028186940946e-02 6.105468723107793331e+08
6.083658099122266766e-02 5.618269611878241301e+08
6.367468115694234487e-02 4.931869467910045385e+08
6.664518213183667772e-02 6.550797681681708097e+08
6.975426057396794111e-02 5.024980425096812844e+08
7.300838128997587384e-02 4.479308769170600772e+08
7.641431067755764805e-02 3.889014422243475914e+08
7.997913079505601652e-02 4.387410218524785638e+08
8.371025408741054885e-02 4.043440595963434577e+08
8.761543879909236554e-02 4.240876375134133101e+08
9.170280510607109470e-02 3.096696755112655759e+08
9.598085200035742781e-02 3.628522928067591786e+08
1.004584749622301765e-01 3.226736224976144433e+08
1.051449844568940195e-01 3.576144806744502783e+08
1.100501252940287722e-01 3.599076579362522364e+08
1.151840968904851020e-01 2.919781916856777668e+08
1.205575744782594882e-01 3.320822264270563722e+08
1.261817313018468445e-01 2.745339709009010792e+08
1.320682618511266337e-01 2.798708967892864943e+08
1.382294061780912076e-01 2.332696493051035404e+08
1.446779753479788821e-01 2.523342398526082337e+08
1.514273780777332656e-01 2.360066988277889192e+08
1.584916486171791816e-01 2.221264491376056969e+08
1.658854759308886484e-01 2.165068300799548626e+08
1.736242342414167639e-01 1.966642361804336905e+08
1.817240149974163610e-01 1.836911287543980181e+08
1.902016603331038169e-01 1.768612783951203525e+08
1.990747980886495849e-01 1.803071883468910754e+08
2.083618784643124222e-01 1.487286945770276785e+08
2.180822123845329585e-01 1.517241772207515538e+08
2.282560116517592663e-01 1.531346601047044098e+08
2.389044309734965343e-01 1.337355797271946371e+08
2.500496119499697190e-01 1.256940535228830129e+08
2.617147291138638421e-01 1.145290295097459257e+08
2.739240381178740802e-01 1.056464807363489121e+08
2.867029261702632170e-01 9.625465816051615775e+07
3.000779648232989039e-01 9.034804839825490117e+07
3.140769652243355914e-01 8.025189745758894086e+07
3.287290359444262067e-01 7.992952490094248950e+07
3.440646435047088891e-01 7.021532825656382740e+07
3.601156757264223351e-01 6.675259251286905259e+07
3.769155080362766030e-01 6.090795018273722380e+07
3.944990728650497602e-01 5.556709852706974000e+07
4.129029322837124427e-01 5.190594674495444447e+07
4.321653540281166217e-01 4.865096723107673228e+07
4.523263910703274604e-01 4.464464200955434889e+07
4.734279649020536884e-01 4.117121276376664639e+07
4.955139527033520785e-01 4.149380964302379638e+07
5.186302785778565960e-01 3.746914657813613862e+07
5.428250090442419129e-01 3.436506362885338813e+07
5.681484529824789576e-01 3.122493820873729885e+07
5.946532662427046478e-01 3.004147679947424307e+07
6.223945611342215356e-01 2.795516348727263138e+07
6.514300210222929710e-01 2.576115295483509451e+07
6.818200202710160696e-01 2.405709334705403075e+07
7.136277497816758686e-01 2.220306690606288612e+07
7.469193483876155337e-01 2.039044440188467875e+07
7.817640403788362891e-01 1.897285856169144064e+07
8.182342794422867716e-01 1.780088938976068050e+07
8.564058993171398404e-01 1.646894335712688230e+07
8.963582714783228100e-01 1.485592022543326207e+07
9.381744701761730587e-01 1.336909899464198388e+07
9.819414451753946116e-01 1.224760702979663387e+07
1.027750202552496051e+00 1.108501576451360062e+07
1.075695993927647365e+00 9.962900669464901090e+06
1.125878514524432994e+00 9.391329716243024915e+06
1.178402110469330522e+00 8.612550409917525947e+06
1.233375995761962995e+00 7.849645956607851200e+06
1.290914479367274659e+00 7.350202233849409968e+06
1.351137202901832923e+00 6.821018608725911938e+06
1.414169389408483246e+00 6.101728175865386613e+06
1.480142103736643344e+00 5.635432619712654501e+06
1.549192525069651882e+00 5.249562386838052422e+06
1.621464232165851449e+00 4.818671710955086164e+06
1.697107501906508942e+00 4.359532286442722194e+06
1.776279621771362560e+00 4.098356962379550561e+06
1.859145216891527452e+00 3.789694796897425782e+06
1.945876592359817581e+00 3.484898092084504198e+06
2.036654091510258002e+00 3.192511560387150384e+06
2.131666470911770972e+00 2.943997420474906918e+06
2.231111292855769257e+00 2.696079023933577817e+06
2.335195336153773393e+00 2.449327779013371561e+06
2.444135026099235386e+00 2.215334026779988781e+06
2.558156884487600369e+00 1.940533470234192675e+06
2.677498000630348152e+00 1.756866992997673107e+06
2.802406524342412553e+00 1.685247957200115314e+06
2.933142181928062087e+00 1.537403081238175277e+06
