3.069976816238139533e-02 3.771316655537689924e+08
3.213194951921637121e-02 5.576549260166988373e+08
3.363094387046929729e-02 5.888829176805235147e+08
3.519986812322865172e-02 6.717953606598384380e+08
3.684198459207260745e-02 6.425489368654043674e+08
3.856070778250449138e-02 6.970562925586512089e+08
4.035961149084377197e-02 5.552603073471512794e+08
4.224243623533543990e-02 4.394283851433808208e+08
4.421309703392971302e-02 6.809177068557970524e+08
4.627569154490460829e-02 4.961399654223328233e+08
4.843450858725836805e-02 4.967930461080225110e+08
5.069403705858849252e-02 5.822172738477265835e+08
5.305897526900069106e-02 4.207063550427711606e+08
5.553424071045594268e-02 4.628035303220462203e+08
5.812498028186940946e-02 5.021580786036831141e+08
6.083658099122266766e-02 5.170772009034451842e+08
6.367468115694234487e-02 4.875538965461558104e+08
6.664518213183667772e-02 4.602297126098256707e+08
6.975426057396794111e-02 4.344279923347986937e+08
7.300838128997587384e-02 4.296958437767492533e+08
7.641431067755764805e-02 4.039941300688965321e+08
7.997913079505601652e-02 3.974551003399758935e+08
8.371025408741054885e-02 3.692003045996314287e+08
8.761543879909236554e-02 3.969930934836906791e+08
9.170280510607109470e-02 3.640479958060997725e+08
9.598085200035742781e-02 3.800284718341138363e+08
1.004584749622301765e-01 3.740995486948199868e+08
1.051449844568940195e-01 3.662980094026495218e+08
1.100501252940287722e-01 3.387714275969839096e+08
1.151840968904851020e-01 3.347531575238204598e+08
1.205575744782594882e-01 3.461253506337222457e+08
1.261817313018468445e-01 3.166722286658955812e+08
1.320682618511266337e-01 3.088041840001682639e+08
1.382294061780912076e-01 2.823365499921378493e+08
1.446779753479788821e-01 2.768698185890530944e+08
1.514273780777332656e-01 2.813483255134381056e+08
1.584916486171791816e-01 2.673835400354827344e+08
1.658854759308886484e-01 2.384031519125851095e+08
1.736242342414167639e-01 2.408999274209277928e+08
1.817240149974163610e-01 2.352350921483012736e+08
1.902016603331038169e-01 2.093356090651239753e+08
1.990747980886495849e-01 2.016312851173639596e+08
2.083618784643124222e-01 1.849249738432314396e+08
2.180822123845329585e-01 1.807343737878855765e+08
2.282560116517592663e-01 1.610043804128007591e+08
2.389044309734965343e-01 1.568671831311846673e+08
2.500496119499697190e-01 1.483468169146844149e+08
2.617147291138638421e-01 1.357954863990620077e+08
2.739240381178740802e-01 1.314507161809487641e+08
2.867029261702632170e-01 1.201704905708759725e+08
3.000779648232989039e-01 1.132061011893606335e+08
3.140769652243355914e-01 1.041960289564836919e+08
3.287290359444262067e-01 1.016038794808106571e+08
3.440646435047088891e-01 9.160813937043876946e+07
3.601156757264223351e-01 8.789168766886901855e+07
3.769155080362766030e-01 7.719413294522275031e+07
3.944990728650497602e-01 7.614366447433185577e+07
4.129029322837124427e-01 6.897582414286799729e+07
4.321653540281166217e-01 6.619732586955410242e+07
4.523263910703274604e-01 6.158787792338106781e+07
4.734279649020536884e-01 5.742805815006280690e+07
4.955139527033520785e-01 5.185440163739450276e+07
5.186302785778565960e-01 5.016472965756023675e+07
5.428250090442419129e-01 4.633868760012364388e+07
5.681484529824789576e-01 4.244254009409427643e+07
5.946532662427046478e-01 4.043887552867766470e+07
6.223945611342215356e-01 3.686760093916489929e+07
6.514300210222929710e-01 3.562553740397899598e+07
6.818200202710160696e-01 3.311020854861760512e+07
7.136277497816758686e-01 3.149948308719187602e+07
7.469193483876155337e-01 2.806619536642780900e+07
7.817640403788362891e-01 2.594500208602212369e+07
8.182342794422867716e-01 2.458518771076926962e+07
8.564058993171398404e-01 2.248132382105726004e+07
8.963582714783228100e-01 2.089428454566197842e+07
9.381744701761730587e-01 1.923474758501230925e+07
9.819414451753946116e-01 1.810360052472057566e+07
1.027750202552496051e+00 1.649119358789329417e+07
1.075695993927647365e+00 1.526383195488527603e+07
1.125878514524432994e+00 1.410308892867623270e+07
1.178402110469330522e+00 1.287461910282703489e+07
1.233375995761962995e+00 1.216452117885532230e+07
1.290914479367274659e+00 1.123191264408171549e+07
1.351137202901832923e+00 1.039007720837474056e+07
1.414169389408483246e+00 9.654557165802674368e+06
1.480142103736643344e+00 8.867564132528236136e+06
1.549192525069651882e+00 8.109969467984541319e+06
1.621464232165851449e+00 7.393773444638697430e+06
1.697107501906508942e+00 6.793538627657928504e+06
1.776279621771362560e+00 6.222398863691577688e+06
1.859145216891527452e+00 5.640512835175678134e+06
1.945876592359817581e+00 5.198976894356255420e+06
2.036654091510258002e+00 4.666816359050014988e+06
2.131666470911770972e+00 4.208163112731477246e+06
2.231111292855769257e+00 3.894454767363551073e+06
2.335195336153773393e+00 3.521307222267489415e+06
2.444135026099235386e+00 3.244924504589706194e+06
2.558156884487600369e+00 2.976983522384441458e+06
2.677498000630348152e+00 2.688033798047063407e+06
2.802406524342412553e+00 2.444285792280173395e+06
2.933142181928062087e+00 2.235889937240096275e+06
