3.069976816238139533e-02 1.697921661662028551e+09
3.213194951921637121e-02 1.016100418285829306e+09
3.363094387046929729e-02 1.175558243265853167e+09
3.519986812322865172e-02 1.015700409452986479e+09
3.684198459207260745e-02 1.188816560305940390e+09
3.856070778250449138e-02 6.859143727995761633e+08
4.035961149084377197e-02 9.911409346725425720e+08
4.224243623533543990e-02 9.192486914628881216e+08
4.421309703392971302e-02 1.054840777324761033e+09
4.627569154490460829e-02 1.166524393171090126e+09
4.843450858725836805e-02 8.676328475959713459e+08
5.069403705858849252e-02 9.520895234529364109e+08
5.305897526900069106e-02 6.806979640297456980e+08
5.553424071045594268e-02 7.092933488191938400e+08
5.812498028186940946e-02 8.103076806700277328e+08
6.083658099122266766e-02 5.993456125149087906e+08
6.367468115694234487e-02 6.359623744150156975e+08
6.664518213183667772e-02 6.043259408676124811e+08
6.975426057396794111e-02 6.171613059283863306e+08
7.300838128997587384e-02 6.269285810591087341e+08
7.641431067755764805e-02 5.367515978290705085e+08
7.997913079505601652e-02 4.546794884317269921e+08
8.371025408741054885e-02 4.269994569895394444e+08
8.761543879909236554e-02 4.950839220929554105e+08
9.170280510607109470e-02 4.256011387440866232e+08
9.598085200035742781e-02 4.404288540215396881e+08
1.004584749622301765e-01 3.416920895338574052e+08
1.051449844568940195e-01 4.191118467725817561e+08
1.100501252940287722e-01 4.145624660955008864e+08
1.151840968904851020e-01 3.372602460198756456e+08
1.205575744782594882e-01 3.540004715074518323e+08
1.261817313018468445e-01 3.430089596947630048e+08
1.320682618511266337e-01 3.058788898980329633e+08
1.382294061780912076e-01 2.891401957896158099e+08
1.446779753479788821e-01 2.934220583128554821e+08
1.514273780777332656e-01 2.504630207874643207e+08
1.584916486171791816e-01 2.546758981928245723e+08
1.658854759308886484e-01 2.395425962261000872e+08
1.736242342414167639e-01 2.281554365559825897e+08
1.817240149974163610e-01 2.143783677879937291e+08
1.902016603331038169e-01 2.217546470621024966e+08
1.990747980886495849e-01 2.032697742689642310e+08
2.083618784643124222e-01 1.919722136646130681e+08
2.180822123845329585e-01 1.812269501910060048e+08
2.282560116517592663e-01 1.680081403704334199e+08
2.389044309734965343e-01 1.563993895045865178e+08
2.500496119499697190e-01 1.502013428155630231e+08
2.617147291138638421e-01 1.380910212403554916e+08
2.739240381178740802e-01 1.354754263683615923e+08
2.867029261702632170e-01 1.305469907914257497e+08
3.000779648232989039e-01 1.219991870074344426e+08
3.140769652243355914e-01 1.082169934057509452e+08
3.287290359444262067e-01 1.037472915676119775e+08
3.440646435047088891e-01 9.454571123313415051e+07
3.601156757264223351e-01 8.812033855867594481e+07
3.769155080362766030e-01 8.223912805092506111e+07
3.944990728650497602e-01 7.368838832943224907e+07
4.129029322837124427e-01 6.727122014647962153e+07
4.321653540281166217e-01 6.318587542274644971e+07
4.523263910703274604e-01 5.913467809645111114e+07
4.734279649020536884e-01 5.507624981471344829e+07
4.955139527033520785e-01 4.782682844621710479e+07
5.186302785778565960e-01 4.613080346306394041e+07
5.428250090442419129e-01 4.313592375789544731e+07
5.681484529824789576e-01 3.883087364804568887e+07
5.946532662427046478e-01 3.781469964998590946e+07
6.223945611342215356e-01 3.375914907124603540e+07
6.514300210222929710e-01 3.116897665107061341e+07
6.818200202710160696e-01 2.911627690213367343e+07
7.136277497816758686e-01 2.732494348931201920e+07
7.469193483876155337e-01 2.595221061031452566e+07
7.817640403788362891e-01 2.328585396145957336e+07
8.182342794422867716e-01 2.286819399823409319e+07
8.564058993171398404e-01 2.320284205572525412e+07
8.963582714783228100e-01 2.231476141845055297e+07
9.381744701761730587e-01 2.163502807526082918e+07
9.819414451753946116e-01 2.035758159045730904e+07
1.027750202552496051e+00 1.876583316059121862e+07
1.075695993927647365e+00 1.753413300297119096e+07
1.125878514524432994e+00 1.661433576843679510e+07
1.178402110469330522e+00 1.512612260375335254e+07
1.233375995761962995e+00 1.418798274659690633e+07
1.290914479367274659e+00 1.289308898602562584e+07
1.351137202901832923e+00 1.135834052175275423e+07
1.414169389408483246e+00 1.015857997324715368e+07
1.480142103736643344e+00 8.942790682031879202e+06
1.549192525069651882e+00 8.003310751811324619e+06
1.621464232165851449e+00 7.011180567745543085e+06
1.697107501906508942e+00 6.368520613148137927e+06
1.776279621771362560e+00 5.871881248841261491e+06
1.859145216891527452e+00 5.363237614555250853e+06
1.945876592359817581e+00 4.994992884950437583e+06
2.036654091510258002e+00 4.752529532060910948e+06
2.131666470911770972e+00 4.233673933697209693e+06
2.231111292855769257e+00 3.751818142180725001e+06
2.335195336153773393e+00 3.323631367099823896e+06
2.444135026099235386e+00 2.968210358428069390e+06
2.558156884487600369e+00 2.561690048147445545e+06
2.677498000630348152e+00 2.195467523506701458e+06
2.802406524342412553e+00 1.961634051288172835e+06
2.933142181928062087e+00 1.705661828657443170e+06
