3.069976816238139533e-02 4.445083696205818653e+08
3.213194951921637121e-02 7.894720053989119530e+08
3.363094387046929729e-02 5.532792827653721571e+08
3.519986812322865172e-02 5.517714612527852058e+08
3.684198459207260745e-02 6.347651193628914356e+08
3.856070778250449138e-02 3.796798640404964685e+08
4.035961149084377197e-02 7.373373796626757383e+08
4.224243623533543990e-02 5.199894254522463083e+08
4.421309703392971302e-02 5.272614098094539046e+08
4.627569154490460829e-02 6.311505749118969440e+08
4.843450858725836805e-02 5.057135247080439925e+08
5.069403705858849252e-02 5.921567598683863878e+08
5.305897526900069106e-02 5.075174599970697761e+08
5.553424071045594268e-02 5.073004607911705375e+08
5.812498028186940946e-02 4.543814905774206519e+08
6.083658099122266766e-02 4.735084036190809608e+08
6.367468115694234487e-02 4.476526353884059191e+08
6.664518213183667772e-02 5.373662454899191856e+08
6.975426057396794111e-02 4.553112672859845757e+08
7.300838128997587384e-02 5.047074679066709280e+08
7.641431067755764805e-02 4.135301210256816745e+08
7.997913079505601652e-02 4.586342851131196022e+08
8.371025408741054885e-02 4.524531055706135035e+08
8.761543879909236554e-02 3.667712012898449302e+08
9.170280510607109470e-02 3.766141037204564810e+08
9.598085200035742781e-02 4.147312989186045527e+08
1.004584749622301765e-01 3.586175330588306785e+08
1.051449844568940195e-01 3.297504452441588640e+08
1.100501252940287722e-01 3.156228724153436422e+08
1.151840968904851020e-01 3.395340670930877924e+08
1.205575744782594882e-01 3.282665661464511156e+08
1.261817313018468445e-01 2.925785926603924036e+08
1.320682618511266337e-01 3.210717945136950016e+08
1.382294061780912076e-01 2.873642275054918528e+08
1.446779753479788821e-01 3.056582608176262975e+08
1.514273780777332656e-01 2.663920905588503778e+08
1.584916486171791816e-01 2.683978409553304315e+08
1.658854759308886484e-01 2.522622596628730595e+08
1.736242342414167639e-01 2.264034152295409441e+08
1.817240149974163610e-01 2.181860995127876401e+08
1.902016603331038169e-01 2.076355711115284860e+08
1.990747980886495849e-01 2.047941744930840731e+08
2.083618784643124222e-01 1.839717178007695079e+08
2.180822123845329585e-01 1.774098944617939591e+08
2.282560116517592663e-01 1.718476704711228907e+08
2.389044309734965343e-01 1.584302703299434185e+08
2.500496119499697190e-01 1.475688082824973762e+08
2.617147291138638421e-01 1.385609860683864355e+08
2.739240381178740802e-01 1.319345135934618115e+08
2.867029261702632170e-01 1.207271667116663158e+08
3.000779648232989039e-01 1.137211332239382416e+08
3.140769652243355914e-01 1.111112496668450534e+08
3.287290359444262067e-01 1.014322539858923405e+08
3.440646435047088891e-01 9.411272948152434826e+07
3.601156757264223351e-01 8.503123854557286203e+07
3.769155080362766030e-01 8.141568961864171922e+07
3.944990728650497602e-01 7.758958561970670521e+07
4.129029322837124427e-01 7.320244917623963952e+07
4.321653540281166217e-01 6.620898927516139299e+07
4.523263910703274604e-01 6.135218857036247104e+07
4.734279649020536884e-01 5.913413794701332599e+07
4.955139527033520785e-01 5.251989965003312379e+07
5.186302785778565960e-01 5.067471672847811878e+07
5.428250090442419129e-01 4.659770163383584470e+07
5.681484529824789576e-01 4.450771680776985735e+07
5.946532662427046478e-01 4.148658976674190909e+07
6.223945611342215356e-01 3.766592858446606249e+07
6.514300210222929710e-01 3.604795371117510647e+07
6.818200202710160696e-01 3.319214156021574140e+07
7.136277497816758686e-01 3.036630418033870310e+07
7.469193483876155337e-01 2.813285164779805392e+07
7.817640403788362891e-01 2.615274710714482516e+07
8.182342794422867716e-01 2.481187864895651117e+07
8.564058993171398404e-01 2.266318276593723893e+07
8.963582714783228100e-01 2.091329783044806495e+07
9.381744701761730587e-01 1.961345316075494513e+07
9.819414451753946116e-01 1.792836193825433776e+07
1.027750202552496051e+00 1.645882260469020903e+07
1.075695993927647365e+00 1.527560769173014536e+07
1.125878514524432994e+00 1.417050933030243218e+07
1.178402110469330522e+00 1.299312692723805085e+07
1.233375995761962995e+00 1.224596955573352240e+07
1.290914479367274659e+00 1.132193651726053655e+07
1.351137202901832923e+00 1.043427200219815969e+07
1.414169389408483246e+00 9.595275450305806473e+06
1.480142103736643344e+00 8.808329357533939183e+06
1.549192525069651882e+00 8.115820395047442988e+06
1.621464232165851449e+00 7.421805836493886076e+06
1.697107501906508942e+00 6.802550400078402832e+06
1.776279621771362560e+00 6.219926762996851467e+06
1.859145216891527452e+00 5.668036714971424080e+06
1.945876592359817581e+00 5.267919212776162662e+06
2.036654091510258002e+00 4.700049855784941465e+06
2.131666470911770972e+00 4.285365059931876138e+06
2.231111292855769257e+00 3.874651737964630127e+06
2.335195336153773393e+00 3.474478186607290059e+06
2.444135026099235386e+00 3.226371519994987641e+06
2.558156884487600369e+00 2.933934665444537997e+06
2.677498000630348152e+00 2.709854966171620879e+06
2.802406524342412553e+00 2.447563031299371738e+06
2.933142181928062087e+00 2.247002090652968269e+06
