3.069976816238139533e-02 7.724052639723873138e+08
3.213194951921637121e-02 7.310043613752093315e+08
3.363094387046929729e-02 5.207248970341007113e+08
3.519986812322865172e-02 3.986989791899467707e+08
3.684198459207260745e-02 4.034719235020395517e+08
3.856070778250449138e-02 6.214158649389578104e+08
4.035961149084377197e-02 5.587681104765595198e+08
4.224243623533543990e-02 4.607446010753113031e+08
4.421309703392971302e-02 5.623478659973691702e+08
4.627569154490460829e-02 8.545229971437832117e+08
4.843450858725836805e-02 6.628245893845682144e+08
5.069403705858849252e-02 4.725636287670072317e+08
5.305897526900069106e-02 5.466752012771937847e+08
5.553424071045594268e-02 5.931576850882623196e+08
5.812498028186940946e-02 4.906835013521510363e+08
6.083658099122266766e-02 4.695815299084513783e+08
6.367468115694234487e-02 4.873699751757129431e+08
6.664518213183667772e-02 5.207714065115424395e+08
6.975426057396794111e-02 4.387086984681686163e+08
7.300838128997587384e-02 4.462300951966255903e+08
7.641431067755764805e-02 4.468371630450436473e+08
7.997913079505601652e-02 4.634299642668123841e+08
8.371025408741054885e-02 4.166065084064248204e+08
8.761543879909236554e-02 4.023266970243976116e+08
9.170280510607109470e-02 4.011198846352198124e+08
9.598085200035742781e-02 4.088818192575814724e+08
1.004584749622301765e-01 4.133088973621548414e+08
1.051449844568940195e-01 3.900612308626409769e+08
1.100501252940287722e-01 3.719184730472214222e+08
1.151840968904851020e-01 3.770259552594041228e+08
1.205575744782594882e-01 3.446567147883392572e+08
1.261817313018468445e-01 3.233961201919207573e+08
1.320682618511266337e-01 3.147328930636643767e+08
1.382294061780912076e-01 2.991549436378778219e+08
1.446779753479788821e-01 3.110875958201616406e+08
1.514273780777332656e-01 2.654962670832267106e+08
1.584916486171791816e-01 2.597463807108061612e+08
1.658854759308886484e-01 2.449163282464395761e+08
1.736242342414167639e-01 2.339839172011469901e+08
1.817240149974163610e-01 2.121481624240821004e+08
1.902016603331038169e-01 2.102059823162066340e+08
1.990747980886495849e-01 2.122294754047118425e+08
2.083618784643124222e-01 1.927180130765945315e+08
2.180822123845329585e-01 1.778803780120489001e+08
2.282560116517592663e-01 1.739181550370534658e+08
2.389044309734965343e-01 1.572744550274857879e+08
2.500496119499697190e-01 1.504655271348167062e+08
2.617147291138638421e-01 1.381695175571101904e+08
2.739240381178740802e-01 1.290786298289271444e+08
2.867029261702632170e-01 1.189149061739142984e+08
3.000779648232989039e-01 1.160485325726489574e+08
3.140769652243355914e-01 1.033912806819763333e+08
3.287290359444262067e-01 1.020008983491023034e+08
3.440646435047088891e-01 9.191848319206330180e+07
3.601156757264223351e-01 8.937250229107801616e+07
3.769155080362766030e-01 8.190485405385117233e+07
3.944990728650497602e-01 7.800925079780972004e+07
4.129029322837124427e-01 7.124576688357575238e+07
4.321653540281166217e-01 6.662722394443219900e+07
4.523263910703274604e-01 6.294612453162633628e+07
4.734279649020536884e-01 5.829785874311327934e+07
4.955139527033520785e-01 5.510748281716958433e+07
5.186302785778565960e-01 5.150036910395257175e+07
5.428250090442419129e-01 4.817870358609976619e+07
5.681484529824789576e-01 4.389507696755076200e+07
5.946532662427046478e-01 4.142972233442960680e+07
6.223945611342215356e-01 3.920741932063490152e+07
6.514300210222929710e-01 3.473456003491751105e+07
6.818200202710160696e-01 3.354648701543406025e+07
7.136277497816758686e-01 3.079063048815456778e+07
7.469193483876155337e-01 2.841031542086150125e+07
7.817640403788362891e-01 2.648997307346743718e+07
8.182342794422867716e-01 2.506224472760614380e+07
8.564058993171398404e-01 2.268176074208388850e+07
8.963582714783228100e-01 2.113126150044954196e+07
9.381744701761730587e-01 1.931187258961967379e+07
9.819414451753946116e-01 1.811516307091113552e+07
1.027750202552496051e+00 1.673818096136208810e+07
1.075695993927647365e+00 1.521093003377662040e+07
1.125878514524432994e+00 1.417765882037692145e+07
1.178402110469330522e+00 1.306881949797884561e+07
1.233375995761962995e+00 1.210730067150876112e+07
1.290914479367274659e+00 1.124855440342128836e+07
1.351137202901832923e+00 1.036258495239230245e+07
1.414169389408483246e+00 9.552316706423630938e+06
1.480142103736643344e+00 8.799684677820527926e+06
1.549192525069651882e+00 8.024112094069982879e+06
1.621464232165851449e+00 7.391772059483490884e+06
1.697107501906508942e+00 6.749724773909050040e+06
1.776279621771362560e+00 6.158738362407647073e+06
1.859145216891527452e+00 5.630946440098549239e+06
1.945876592359817581e+00 5.103580530060737394e+06
2.036654091510258002e+00 4.640236735689527355e+06
2.131666470911770972e+00 4.223400461849449202e+06
2.231111292855769257e+00 3.846038027580244467e+06
2.335195336153773393e+00 3.492930983610453084e+06
2.444135026099235386e+00 3.200336302534898277e+06
2.558156884487600369e+00 2.910478895914149471e+06
2.677498000630348152e+00 2.672038078673327807e+06
2.802406524342412553e+00 2.425485754350726493e+06
2.933142181928062087e+00 2.191175362037583720e+06
