3.069976816238139533e-02 3.812589663489763737e+08
3.213194951921637121e-02 6.407909309812705517e+08
3.363094387046929729e-02 5.721623291816447973e+08
3.519986812322865172e-02 5.984099798035551310e+08
3.684198459207260745e-02 6.908821483800686598e+08
3.856070778250449138e-02 6.016642912294185162e+08
4.035961149084377197e-02 6.850669164437743425e+08
4.224243623533543990e-02 8.108168704750280380e+08
4.421309703392971302e-02 6.897246280295946598e+08
4.627569154490460829e-02 4.240058935080050826e+08
4.843450858725836805e-02 4.491974047936376333e+08
5.069403705858849252e-02 5.031829634017232060e+08
5.305897526900069106e-02 5.281297205333466530e+08
5.553424071045594268e-02 5.596079153855803013e+08
5.812498028186940946e-02 5.176244712921941280e+08
6.083658099122266766e-02 6.216834228838557005e+08
6.367468115694234487e-02 6.123163005919070244e+08
6.664518213183667772e-02 5.888364757832583189e+08
6.975426057396794111e-02 5.328687308473218083e+08
7.300838128997587384e-02 5.331966291823993325e+08
7.641431067755764805e-02 4.301813644171426296e+08
7.997913079505601652e-02 4.448226152230898142e+08
8.371025408741054885e-02 3.844712628283381462e+08
8.761543879909236554e-02 4.457557657129138708e+08
9.170280510607109470e-02 4.303410756271280050e+08
9.598085200035742781e-02 3.683197423154323101e+08
1.004584749622301765e-01 3.874847716293099523e+08
1.051449844568940195e-01 3.802910611763550043e+08
1.100501252940287722e-01 3.853079626894258261e+08
1.151840968904851020e-01 3.320155365079146624e+08
1.205575744782594882e-01 3.584218701515541673e+08
1.261817313018468445e-01 3.102220911717252731e+08
1.320682618511266337e-01 2.935054934287926555e+08
1.382294061780912076e-01 2.926884671700952053e+08
1.446779753479788821e-01 2.887260612891417742e+08
1.514273780777332656e-01 2.556717010420174599e+08
1.584916486171791816e-01 2.449001199152948856e+08
1.658854759308886484e-01 2.377665468784680367e+08
1.736242342414167639e-01 2.387450509325156808e+08
1.817240149974163610e-01 2.188503233212735355e+08
1.902016603331038169e-01 1.982679927863371074e+08
1.990747980886495849e-01 2.003887357841304839e+08
2.083618784643124222e-01 1.815456021306561530e+08
2.180822123845329585e-01 1.702601944081565440e+08
2.282560116517592663e-01 1.587989298462651968e+08
2.389044309734965343e-01 1.494893826399101913e+08
2.500496119499697190e-01 1.507429008937219381e+08
2.617147291138638421e-01 1.387031760440816879e+08
2.739240381178740802e-01 1.323684023427872658e+08
2.867029261702632170e-01 1.181960916762024909e+08
3.000779648232989039e-01 1.160611174060350060e+08
3.140769652243355914e-01 1.075039029097082615e+08
3.287290359444262067e-01 9.802845088226574659e+07
3.440646435047088891e-01 8.992002241601344943e+07
3.601156757264223351e-01 8.769840830587862432e+07
3.769155080362766030e-01 8.307322096454590559e+07
3.944990728650497602e-01 7.382102587322437763e+07
4.129029322837124427e-01 7.024801679756362736e+07
4.321653540281166217e-01 6.613887518564525247e+07
4.523263910703274604e-01 6.369063769580650330e+07
4.734279649020536884e-01 5.850672725505734235e+07
4.955139527033520785e-01 5.454964472405019403e+07
5.186302785778565960e-01 4.965824459973569959e+07
5.428250090442419129e-01 4.689390027065252513e+07
5.681484529824789576e-01 4.503190644343154132e+07
5.946532662427046478e-01 4.067766770378106833e+07
6.223945611342215356e-01 3.801833350032798201e+07
6.514300210222929710e-01 3.564832326012909412e+07
6.818200202710160696e-01 3.308841892373977229e+07
7.136277497816758686e-01 3.072856410511075333e+07
7.469193483876155337e-01 2.818272531724304333e+07
7.817640403788362891e-01 2.693157506907134131e+07
8.182342794422867716e-01 2.495052057246046886e+07
8.564058993171398404e-01 2.274360313079515845e+07
8.963582714783228100e-01 2.105397974357739463e+07
9.381744701761730587e-01 1.922775248333247751e+07
9.819414451753946116e-01 1.785699264944587275e+07
1.027750202552496051e+00 1.628027150644934736e+07
1.075695993927647365e+00 1.536216009572249092e+07
1.125878514524432994e+00 1.401267598247283697e+07
1.178402110469330522e+00 1.301587866816031933e+07
1.233375995761962995e+00 1.221820057948151045e+07
1.290914479367274659e+00 1.138341560303024761e+07
1.351137202901832923e+00 1.049143012053453177e+07
1.414169389408483246e+00 9.586686902259355411e+06
1.480142103736643344e+00 8.812490111132157966e+06
1.549192525069651882e+00 8.244929335880393162e+06
1.621464232165851449e+00 7.440471297479791567e+06
1.697107501906508942e+00 6.814210387729281560e+06
1.776279621771362560e+00 6.258797418894124217e+06
1.859145216891527452e+00 5.684132012828544714e+06
1.945876592359817581e+00 5.207459323325195350e+06
2.036654091510258002e+00 4.755163312661647797e+06
2.131666470911770972e+00 4.296550255370335653e+06
2.231111292855769257e+00 3.913331034384356812e+06
2.335195336153773393e+00 3.509189784535373095e+06
2.444135026099235386e+00 3.270865125105564948e+06
2.558156884487600369e+00 2.994268531306218822e+06
2.677498000630348152e+00 2.743985118049954064e+06
2.802406524342412553e+00 2.469909225279402453e+06
2.933142181928062087e+00 2.249978648753283080e+06
