3.069976816238139533e-02 6.658407506283687353e+08
3.213194951921637121e-02 5.449087678710145950e+08
3.363094387046929729e-02 6.266040165910882950e+08
3.519986812322865172e-02 9.104919039689548016e+08
3.684198459207260745e-02 5.429199946260232925e+08
3.856070778250449138e-02 5.984763130930607319e+08
4.035961149084377197e-02 4.866382385946613550e+08
4.224243623533543990e-02 8.614211958878566027e+08
4.421309703392971302e-02 6.604001260537474155e+08
4.627569154490460829e-02 6.110982187245090008e+08
4.843450858725836805e-02 7.126135570987641811e+08
5.069403705858849252e-02 7.346246458541693687e+08
5.305897526900069106e-02 6.685772171567018032e+08
5.553424071045594268e-02 6.109721387746016979e+08
5.812498028186940946e-02 6.906842350756531954e+08
6.083658099122266766e-02 6.473218382595522404e+08
6.367468115694234487e-02 6.137248744220449924e+08
6.664518213183667772e-02 5.745530633774893284e+08
6.975426057396794111e-02 7.252238436333055496e+08
7.300838128997587384e-02 5.505286110766416788e+08
7.641431067755764805e-02 5.698854820549960136e+08
7.997913079505601652e-02 5.720911788635730743e+08
8.371025408741054885e-02 4.842633627315899134e+08
8.761543879909236554e-02 4.519450391913325787e+08
9.170280510607109470e-02 5.004242465210568905e+08
9.598085200035742781e-02 4.969565560240178108e+08
1.004584749622301765e-01 4.206508248614959121e+08
1.051449844568940195e-01 4.410914451998429894e+08
1.100501252940287722e-01 3.597480142219721079e+08
1.151840968904851020e-01 3.638229810886727571e+08
1.205575744782594882e-01 3.589550009470255375e+08
1.261817313018468445e-01 3.508337876834403872e+08
1.320682618511266337e-01 3.025280054932475686e+08
1.382294061780912076e-01 3.141916452046802044e+08
1.446779753479788821e-01 3.089737933915846944e+08
1.514273780777332656e-01 2.736439564413833618e+08
1.584916486171791816e-01 2.581696428111777604e+08
1.658854759308886484e-01 2.526625235920698047e+08
1.736242342414167639e-01 2.459172319611733854e+08
1.817240149974163610e-01 2.213704405155938864e+08
1.902016603331038169e-01 2.123718452955040336e+08
1.990747980886495849e-01 1.962000949646071792e+08
2.083618784643124222e-01 1.882150696649573743e+08
2.180822123845329585e-01 1.718853737646483779e+08
2.282560116517592663e-01 1.627616752237738967e+08
2.389044309734965343e-01 1.510505459872598648e+08
2.500496119499697190e-01 1.406952067078730762e+08
2.617147291138638421e-01 1.350252267071572244e+08
2.739240381178740802e-01 1.319806741023406535e+08
2.867029261702632170e-01 1.204422413671792150e+08
3.000779648232989039e-01 1.129418998950957209e+08
3.140769652243355914e-01 1.063391033825162500e+08
3.287290359444262067e-01 1.015213597314746380e+08
3.440646435047088891e-01 9.610738082761459053e+07
3.601156757264223351e-01 8.964872487681196630e+07
3.769155080362766030e-01 8.489491996850344539e+07
3.944990728650497602e-01 7.686159424414026737e+07
4.129029322837124427e-01 7.386023451873220503e+07
4.321653540281166217e-01 6.648478749052766711e+07
4.523263910703274604e-01 6.321205035719135404e+07
4.734279649020536884e-01 5.967200850032777339e+07
4.955139527033520785e-01 5.372274290743877739e+07
5.186302785778565960e-01 5.089958193006230891e+07
5.428250090442419129e-01 4.807109650865244865e+07
5.681484529824789576e-01 4.417900297835676372e+07
5.946532662427046478e-01 4.132837414937188476e+07
6.223945611342215356e-01 3.907779668824379146e+07
6.514300210222929710e-01 3.629290324193657190e+07
6.818200202710160696e-01 3.398537581251928955e+07
7.136277497816758686e-01 3.133742065702008829e+07
7.469193483876155337e-01 2.833365185006387904e+07
7.817640403788362891e-01 2.674803101517738402e+07
8.182342794422867716e-01 2.446184901539568976e+07
8.564058993171398404e-01 2.330025702021700144e+07
8.963582714783228100e-01 2.097651049528241530e+07
9.381744701761730587e-01 1.983591302153486758e+07
9.819414451753946116e-01 1.823544030274054036e+07
1.027750202552496051e+00 1.669901672784951515e+07
1.075695993927647365e+00 1.554151700351038761e+07
1.125878514524432994e+00 1.429235352850199863e+07
1.178402110469330522e+00 1.361523811165145412e+07
1.233375995761962995e+00 1.218563238134339079e+07
1.290914479367274659e+00 1.144915967164185084e+07
1.351137202901832923e+00 1.049796311584555358e+07
1.414169389408483246e+00 9.767989783245017752e+06
1.480142103736643344e+00 8.868608687178708613e+06
1.549192525069651882e+00 8.184824901260679588e+06
1.621464232165851449e+00 7.460361730792274699e+06
1.697107501906508942e+00 6.903555113453134894e+06
1.776279621771362560e+00 6.323292758608574048e+06
1.859145216891527452e+00 5.766917818248853087e+06
1.945876592359817581e+00 5.333170300027202815e+06
2.036654091510258002e+00 4.776092900589053519e+06
2.131666470911770972e+00 4.351158005506169051e+06
2.231111292855769257e+00 3.953478656255193520e+06
2.335195336153773393e+00 3.599436807143844664e+06
2.444135026099235386e+00 3.297579326973504387e+06
2.558156884487600369e+00 3.034821088955539744e+06
2.677498000630348152e+00 2.742045907931485679e+06
2.802406524342412553e+00 2.480829230145758949e+06
2.933142181928062087e+00 2.276110654985376168e+06
