3.069976816238139533e-02 3.959798491477878690e+08
3.213194951921637121e-02 3.252127838290979862e+08
3.363094387046929729e-02 4.393158678735827208e+08
3.519986812322865172e-02 4.085359795167216063e+08
3.684198459207260745e-02 4.868581860811232328e+08
3.856070778250449138e-02 3.286639287282502651e+08
4.035961149084377197e-02 3.063611979344847798e+08
4.224243623533543990e-02 4.837186436958714128e+08
4.421309703392971302e-02 2.813938710977862477e+08
4.627569154490460829e-02 4.323493054779848456e+08
4.843450858725836805e-02 5.746045644009742737e+08
5.069403705858849252e-02 5.051903540599642396e+08
5.305897526900069106e-02 3.530735812127860785e+08
5.553424071045594268e-02 4.233941177736729383e+08
5.812498028186940946e-02 4.912837964926415086e+08
6.083658099122266766e-02 4.560182927694134712e+08
6.367468115694234487e-02 3.386851565933302641e+08
6.664518213183667772e-02 4.335856057445591688e+08
6.975426057396794111e-02 4.412678133102695942e+08
7.300838128997587384e-02 3.662472316932247877e+08
7.641431067755764805e-02 3.722641038382509947e+08
7.997913079505601652e-02 3.881889418249080777e+08
8.371025408741054885e-02 3.250503356061521769e+08
8.761543879909236554e-02 3.673724961467862129e+08
9.170280510607109470e-02 4.029969425948768258e+08
9.598085200035742781e-02 3.725649695397298336e+08
1.004584749622301765e-01 3.102308066454232931e+08
1.051449844568940195e-01 3.192510782014314532e+08
1.100501252940287722e-01 3.160217155757665038e+08
1.151840968904851020e-01 3.252620364944447875e+08
1.205575744782594882e-01 2.809762423255649805e+08
1.261817313018468445e-01 3.005219659739902616e+08
1.320682618511266337e-01 3.045904993538702726e+08
1.382294061780912076e-01 2.994129583488221169e+08
1.446779753479788821e-01 2.850770336887972951e+08
1.514273780777332656e-01 2.630896634234758317e+08
1.584916486171791816e-01 2.742769249477930665e+08
1.658854759308886484e-01 2.551876394476446509e+08
1.736242342414167639e-01 2.289648059691058397e+08
1.817240149974163610e-01 2.174359547172408700e+08
1.902016603331038169e-01 2.186691413213105798e+08
1.990747980886495849e-01 2.007146097608789802e+08
2.083618784643124222e-01 1.892951601285293996e+08
2.180822123845329585e-01 1.831023236521608829e+08
2.282560116517592663e-01 1.653230784698123932e+08
2.389044309734965343e-01 1.588851251365693212e+08
2.500496119499697190e-01 1.556585457715796530e+08
2.617147291138638421e-01 1.477513281036909223e+08
2.739240381178740802e-01 1.270856711090823263e+08
2.867029261702632170e-01 1.280236291636933237e+08
3.000779648232989039e-01 1.146690995612530261e+08
3.140769652243355914e-01 1.154138365715029389e+08
3.287290359444262067e-01 9.937296499467475712e+07
3.440646435047088891e-01 9.691206121769364178e+07
3.601156757264223351e-01 8.898892828345474601e+07
3.769155080362766030e-01 8.168313995018100739e+07
3.944990728650497602e-01 7.768417444617234170e+07
4.129029322837124427e-01 7.261550256028661132e+07
4.321653540281166217e-01 6.702633562451408803e+07
4.523263910703274604e-01 6.265891787137204409e+07
4.734279649020536884e-01 5.940442364329250902e+07
4.955139527033520785e-01 5.368357495220623910e+07
5.186302785778565960e-01 5.031110075315999985e+07
5.428250090442419129e-01 4.720325220627923310e+07
5.681484529824789576e-01 4.431271584568047523e+07
5.946532662427046478e-01 4.122913816522935033e+07
6.223945611342215356e-01 3.808931820376242697e+07
6.514300210222929710e-01 3.604651395840598643e+07
6.818200202710160696e-01 3.363154455035128444e+07
7.136277497816758686e-01 3.155963234043074399e+07
7.469193483876155337e-01 2.927461646965500340e+07
7.817640403788362891e-01 2.608766980207950622e+07
8.182342794422867716e-01 2.486329407097392157e+07
8.564058993171398404e-01 2.281225722565344721e+07
8.963582714783228100e-01 2.125489825358178839e+07
9.381744701761730587e-01 1.953141047989153489e+07
9.819414451753946116e-01 1.844532992304190248e+07
1.027750202552496051e+00 1.642128060642726347e+07
1.075695993927647365e+00 1.561425584628673829e+07
1.125878514524432994e+00 1.462954460903458856e+07
1.178402110469330522e+00 1.333459446870503388e+07
1.233375995761962995e+00 1.227836177191360667e+07
1.290914479367274659e+00 1.133145961943800375e+07
1.351137202901832923e+00 1.046088828530677967e+07
1.414169389408483246e+00 9.549350027729261667e+06
1.480142103736643344e+00 8.993437737030876800e+06
1.549192525069651882e+00 8.257965083007356152e+06
1.621464232165851449e+00 7.488019240463745780e+06
1.697107501906508942e+00 6.787575326816942543e+06
1.776279621771362560e+00 6.291521021002258174e+06
1.859145216891527452e+00 5.701995305296739563e+06
1.945876592359817581e+00 5.196390752863476053e+06
2.036654091510258002e+00 4.750681702706450596e+06
2.131666470911770972e+00 4.309343070785173215e+06
2.231111292855769257e+00 3.933040953240941744e+06
2.335195336153773393e+00 3.554547280888698064e+06
2.444135026099235386e+00 3.254075140643964987e+06
2.558156884487600369e+00 3.013496382300811354e+06
2.677498000630348152e+00 2.754002071639066562e+06
2.802406524342412553e+00 2.495767834007086698e+06
2.933142181928062087e+00 2.261673733745677397e+06
