3.069976816238139533e-02 5.441890332575787306e+08
3.213194951921637121e-02 8.337820112646292448e+08
3.363094387046929729e-02 7.054140186558330059e+08
3.519986812322865172e-02 6.173828958136565685e+08
3.684198459207260745e-02 8.798086707650644779e+08
3.856070778250449138e-02 7.110876312620861530e+08
4.035961149084377197e-02 5.134183225227747560e+08
4.224243623533543990e-02 6.862389184183622599e+08
4.421309703392971302e-02 6.691924514286708832e+08
4.627569154490460829e-02 5.096390818453993797e+08
4.843450858725836805e-02 5.853327626067126989e+08
5.069403705858849252e-02 5.824683405049828291e+08
5.305897526900069106e-02 6.945867936059284210e+08
5.553424071045594268e-02 6.680544309834109545e+08
5.812498028186940946e-02 5.426416935695611238e+08
6.083658099122266766e-02 4.908424576676530838e+08
6.367468115694234487e-02 5.715437404712507725e+08
6.664518213183667772e-02 4.512733164703744650e+08
6.975426057396794111e-02 4.808465720138923526e+08
7.300838128997587384e-02 4.239377569610155821e+08
7.641431067755764805e-02 4.282056320257626176e+08
7.997913079505601652e-02 4.237293017446143627e+08
8.371025408741054885e-02 4.950497066522423625e+08
8.761543879909236554e-02 4.572353657293991446e+08
9.170280510607109470e-02 4.244985030930080414e+08
9.598085200035742781e-02 3.776242167246777415e+08
1.004584749622301765e-01 4.295658358402131796e+08
1.051449844568940195e-01 3.593706058519043922e+08
1.100501252940287722e-01 3.499725576851021051e+08
1.151840968904851020e-01 3.137232675604658723e+08
1.205575744782594882e-01 3.407582714342468977e+08
1.261817313018468445e-01 3.297748684148590565e+08
1.320682618511266337e-01 3.058410147219482660e+08
1.382294061780912076e-01 3.141253230696607232e+08
1.446779753479788821e-01 2.576556908566285968e+08
1.514273780777332656e-01 2.883550064413269758e+08
1.584916486171791816e-01 2.461186348080148995e+08
1.658854759308886484e-01 2.593516311652447581e+08
1.736242342414167639e-01 2.342758311135788858e+08
1.817240149974163610e-01 2.178507521590119898e+08
1.902016603331038169e-01 2.135904580757782757e+08
1.990747980886495849e-01 2.054015034000651538e+08
2.083618784643124222e-01 2.007796879305937886e+08
2.180822123845329585e-01 1.844487146728941500e+08
2.282560116517592663e-01 1.851566964639925063e+08
2.389044309734965343e-01 1.636525738282449841e+08
2.500496119499697190e-01 1.546878788755462170e+08
2.617147291138638421e-01 1.457272251115198731e+08
2.739240381178740802e-01 1.319849608740613759e+08
2.867029261702632170e-01 1.258353382348032147e+08
3.000779648232989039e-01 1.192241505346889049e+08
3.140769652243355914e-01 1.073169061370075047e+08
3.287290359444262067e-01 1.058716943729474396e+08
3.440646435047088891e-01 9.738498960653789341e+07
3.601156757264223351e-01 8.672360701894393563e+07
3.769155080362766030e-01 8.334130255464424193e+07
3.944990728650497602e-01 8.035577294100070000e+07
4.129029322837124427e-01 7.295561589523907006e+07
4.321653540281166217e-01 6.642318328264316916e+07
4.523263910703274604e-01 6.233617323228929937e+07
4.734279649020536884e-01 5.993832471182589978e+07
4.955139527033520785e-01 5.652198824668373168e+07
5.186302785778565960e-01 5.106697125583255291e+07
5.428250090442419129e-01 4.749925088751345873e+07
5.681484529824789576e-01 4.417109985886613280e+07
5.946532662427046478e-01 4.233498721959945560e+07
6.223945611342215356e-01 3.939413817436155677e+07
6.514300210222929710e-01 3.667771996516871452e+07
6.818200202710160696e-01 3.342096332741905749e+07
7.136277497816758686e-01 3.134389873370921984e+07
7.469193483876155337e-01 2.975510235076421872e+07
7.817640403788362891e-01 2.689390852394801378e+07
8.182342794422867716e-01 2.471837713832729682e+07
8.564058993171398404e-01 2.342171967541230470e+07
8.963582714783228100e-01 2.167058444648062065e+07
9.381744701761730587e-01 1.990318846288219467e+07
9.819414451753946116e-01 1.787836029668275267e+07
1.027750202552496051e+00 1.664312204474010877e+07
1.075695993927647365e+00 1.526284383974683844e+07
1.125878514524432994e+00 1.428578130480849370e+07
1.178402110469330522e+00 1.319859904247967526e+07
1.233375995761962995e+00 1.240766375629189238e+07
1.290914479367274659e+00 1.147153190533678792e+07
1.351137202901832923e+00 1.049346184706674516e+07
1.414169389408483246e+00 9.609159572459330782e+06
1.480142103736643344e+00 8.875740690842766315e+06
1.549192525069651882e+00 8.229692759508552030e+06
1.621464232165851449e+00 7.576958773767786101e+06
1.697107501906508942e+00 6.903163140626057982e+06
1.776279621771362560e+00 6.340663050724551082e+06
1.859145216891527452e+00 5.691861050396432169e+06
1.945876592359817581e+00 5.202644022129693069e+06
2.036654091510258002e+00 4.717223059586033225e+06
2.131666470911770972e+00 4.303108884518695064e+06
2.231111292855769257e+00 3.938934284942568745e+06
2.335195336153773393e+00 3.603735264891627710e+06
2.444135026099235386e+00 3.242664129929105286e+06
2.558156884487600369e+00 3.021000955757088028e+06
2.677498000630348152e+00 2.747018763836600818e+06
2.802406524342412553e+00 2.489397552004783880e+06
2.933142181928062087e+00 2.292214108495945111e+06
