3.069976816238139533e-02 8.554341391453348398e+08
3.213194951921637121e-02 9.473248490189721584e+08
3.363094387046929729e-02 8.806820973149367571e+08
3.519986812322865172e-02 4.059182999893348217e+08
3.684198459207260745e-02 8.277240957034970522e+08
3.856070778250449138e-02 4.829316737267179489e+08
4.035961149084377197e-02 6.481974914383780956e+08
4.224243623533543990e-02 5.901181840314221382e+08
4.421309703392971302e-02 6.588556127368910313e+08
4.627569154490460829e-02 5.120493719399061799e+08
4.843450858725836805e-02 5.095910171227722168e+08
5.069403705858849252e-02 3.802566118492827415e+08
5.305897526900069106e-02 3.526333094960944057e+08
5.553424071045594268e-02 4.759037677707244158e+08
5.812498028186940946e-02 4.616311122573567033e+08
6.083658099122266766e-02 4.055510216550131440e+08
6.367468115694234487e-02 3.815806622986493707e+08
6.664518213183667772e-02 2.777996179232754707e+08
6.975426057396794111e-02 2.898188764035902619e+08
7.300838128997587384e-02 3.362830553975736499e+08
7.641431067755764805e-02 2.896191981148618460e+08
7.997913079505601652e-02 3.009134605990647078e+08
8.371025408741054885e-02 2.816481367062302232e+08
8.761543879909236554e-02 2.593607226301162839e+08
9.170280510607109470e-02 2.229101676082447469e+08
9.598085200035742781e-02 2.447845910009455681e+08
1.004584749622301765e-01 2.351130849673036039e+08
1.051449844568940195e-01 2.219905172850575447e+08
1.100501252940287722e-01 2.230346727578907609e+08
1.151840968904851020e-01 1.946857106737321913e+08
1.205575744782594882e-01 1.978073230329771340e+08
1.261817313018468445e-01 1.918103019454943836e+08
1.320682618511266337e-01 1.681897105815584362e+08
1.382294061780912076e-01 1.682068003886805475e+08
1.446779753479788821e-01 1.602218466832238734e+08
1.514273780777332656e-01 1.518029644536312521e+08
1.584916486171791816e-01 1.570293592528981864e+08
1.658854759308886484e-01 1.365207627293948233e+08
1.736242342414167639e-01 1.164805244022433460e+08
1.817240149974163610e-01 1.145752246572186500e+08
1.902016603331038169e-01 1.123155940792226791e+08
1.990747980886495849e-01 1.056306415345869213e+08
2.083618784643124222e-01 1.065323775365741551e+08
2.180822123845329585e-01 9.170822937984046340e+07
2.282560116517592663e-01 7.431201944784249365e+07
2.389044309734965343e-01 8.096929249580818415e+07
2.500496119499697190e-01 7.134452496189989150e+07
2.617147291138638421e-01 6.361183033111651242e+07
2.739240381178740802e-01 6.313206310395793617e+07
2.867029261702632170e-01 5.721254809591544420e+07
3.000779648232989039e-01 5.401278379699287564e+07
3.140769652243355914e-01 4.665353414923997968e+07
3.287290359444262067e-01 4.652602808902043849e+07
3.440646435047088891e-01 4.323533691967536509e+07
3.601156757264223351e-01 4.128300671056852490e+07
3.769155080362766030e-01 3.761963490207389742e+07
3.944990728650497602e-01 3.596924375782580674e+07
4.129029322837124427e-01 3.288839915034577623e+07
4.321653540281166217e-01 3.135865623241239786e+07
4.523263910703274604e-01 3.157327183238445222e+07
4.734279649020536884e-01 2.839113463795748353e+07
4.955139527033520785e-01 2.621186816889315471e+07
5.186302785778565960e-01 2.476571693468873948e+07
5.428250090442419129e-01 2.423691945229982957e+07
5.681484529824789576e-01 2.135122415254536644e+07
5.946532662427046478e-01 1.918339641715565324e+07
6.223945611342215356e-01 1.747288996949651465e+07
6.514300210222929710e-01 1.735691342358670011e+07
6.818200202710160696e-01 1.608731098026380688e+07
7.136277497816758686e-01 1.506418909049935825e+07
7.469193483876155337e-01 1.418578571575811505e+07
7.817640403788362891e-01 1.306324248810781166e+07
8.182342794422867716e-01 1.233885032818770036e+07
8.564058993171398404e-01 1.196789427701687999e+07
8.963582714783228100e-01 1.114947837626392208e+07
9.381744701761730587e-01 1.044398002623513341e+07
9.819414451753946116e-01 9.512428576268535107e+06
1.027750202552496051e+00 8.902102790653398260e+06
1.075695993927647365e+00 8.362748238375216722e+06
1.125878514524432994e+00 7.861172622843315825e+06
1.178402110469330522e+00 7.221677103313999251e+06
1.233375995761962995e+00 6.456748179541588761e+06
1.290914479367274659e+00 5.930139591755424626e+06
1.351137202901832923e+00 5.546878897739279084e+06
1.414169389408483246e+00 5.048313053239216097e+06
1.480142103736643344e+00 4.586576869235619903e+06
1.549192525069651882e+00 4.125289656096618623e+06
1.621464232165851449e+00 3.778130658566074912e+06
1.697107501906508942e+00 3.487397262652287725e+06
1.776279621771362560e+00 3.207171931786586531e+06
1.859145216891527452e+00 2.855938464219678659e+06
1.945876592359817581e+00 2.556568347762621474e+06
2.036654091510258002e+00 2.312687295287671965e+06
2.131666470911770972e+00 2.082731712441304466e+06
2.231111292855769257e+00 1.870693387926100986e+06
2.335195336153773393e+00 1.736258708166614873e+06
2.444135026099235386e+00 1.493806281430943171e+06
2.558156884487600369e+00 1.386124353773162700e+06
2.677498000630348152e+00 1.262139962801860878e+06
2.802406524342412553e+00 1.086825526155746076e+06
2.933142181928062087e+00 9.398740321564254118e+05
