3.069976816238139533e-02 3.813752022056338787e+08
3.213194951921637121e-02 4.196936722152636051e+08
3.363094387046929729e-02 2.497840953254316449e+08
3.519986812322865172e-02 3.684945656812295914e+08
3.684198459207260745e-02 5.176618147803897858e+08
3.856070778250449138e-02 3.556587652821596861e+08
4.035961149084377197e-02 2.767237281833840609e+08
4.224243623533543990e-02 5.802648080155415535e+08
4.421309703392971302e-02 2.316928710441185534e+08
4.627569154490460829e-02 3.210521187703853846e+08
4.843450858725836805e-02 4.829501555804220438e+08
5.069403705858849252e-02 4.056658741775201559e+08
5.305897526900069106e-02 5.518531172087081671e+08
5.553424071045594268e-02 2.612554604871068895e+08
5.812498028186940946e-02 3.350746354272969961e+08
6.083658099122266766e-02 4.206512221905129552e+08
6.367468115694234487e-02 4.708420513957959414e+08
6.664518213183667772e-02 4.090905610504585505e+08
6.975426057396794111e-02 3.057546578185716271e+08
7.300838128997587384e-02 3.773970004363259077e+08
7.641431067755764805e-02 3.989346116485473514e+08
7.997913079505601652e-02 3.905311865148390532e+08
8.371025408741054885e-02 3.978505161639789343e+08
8.761543879909236554e-02 4.264016107244377732e+08
9.170280510607109470e-02 3.481130765509060621e+08
9.598085200035742781e-02 3.428767882976518869e+08
1.004584749622301765e-01 3.452039540879830122e+08
1.051449844568940195e-01 3.215764629488040209e+08
1.100501252940287722e-01 3.597420112753917575e+08
1.151840968904851020e-01 3.126095495237666965e+08
1.205575744782594882e-01 2.996340510718923211e+08
1.261817313018468445e-01 2.933439942844630480e+08
1.320682618511266337e-01 2.864936201899777055e+08
1.382294061780912076e-01 2.627934413051087260e+08
1.446779753479788821e-01 2.794133023937273026e+08
1.514273780777332656e-01 2.712194375482476950e+08
1.584916486171791816e-01 2.617335273097893298e+08
1.658854759308886484e-01 2.404781966371796727e+08
1.736242342414167639e-01 2.202604753529450297e+08
1.817240149974163610e-01 2.152541362066981792e+08
1.902016603331038169e-01 2.175390015036855936e+08
1.990747980886495849e-01 2.021180570436319411e+08
2.083618784643124222e-01 1.879027727200964391e+08
2.180822123845329585e-01 1.895541866127742231e+08
2.282560116517592663e-01 1.679504855147141516e+08
2.389044309734965343e-01 1.631124335331720412e+08
2.500496119499697190e-01 1.565241141001519859e+08
2.617147291138638421e-01 1.390528515560299158e+08
2.739240381178740802e-01 1.307693147342524081e+08
2.867029261702632170e-01 1.168062866402980387e+08
3.000779648232989039e-01 1.118446462001769543e+08
3.140769652243355914e-01 1.073449656923800856e+08
3.287290359444262067e-01 1.040942799938501418e+08
3.440646435047088891e-01 9.581851569555701315e+07
3.601156757264223351e-01 8.732349413135622442e+07
3.769155080362766030e-01 8.303525819860242307e+07
3.944990728650497602e-01 7.880030620936709642e+07
4.129029322837124427e-01 7.304393288759627938e+07
4.321653540281166217e-01 6.451469820025363564e+07
4.523263910703274604e-01 6.423862654038015753e+07
4.734279649020536884e-01 5.769763487813021988e+07
4.955139527033520785e-01 5.504301663628130406e+07
5.186302785778565960e-01 5.202157630580940843e+07
5.428250090442419129e-01 4.888310176580547541e+07
5.681484529824789576e-01 4.435472689580404013e+07
5.946532662427046478e-01 4.249937948089583218e+07
6.223945611342215356e-01 3.882942927249179780e+07
6.514300210222929710e-01 3.611254871186547726e+07
6.818200202710160696e-01 3.359520515016009659e+07
7.136277497816758686e-01 3.121687605757191405e+07
7.469193483876155337e-01 2.894182261305598915e+07
7.817640403788362891e-01 2.698874445555967093e+07
8.182342794422867716e-01 2.519491774389764667e+07
8.564058993171398404e-01 2.249479167664257810e+07
8.963582714783228100e-01 2.129446598388091847e+07
9.381744701761730587e-01 1.976416647279414162e+07
9.819414451753946116e-01 1.792187767013802007e+07
1.027750202552496051e+00 1.675354052780068293e+07
1.075695993927647365e+00 1.554809309392170608e+07
1.125878514524432994e+00 1.426777361310092732e+07
1.178402110469330522e+00 1.317909465029572882e+07
1.233375995761962995e+00 1.224042183972953446e+07
1.290914479367274659e+00 1.133531632349569723e+07
1.351137202901832923e+00 1.051985483337465860e+07
1.414169389408483246e+00 9.651424886594828218e+06
1.480142103736643344e+00 8.913423197150718421e+06
1.549192525069651882e+00 8.218534307293792255e+06
1.621464232165851449e+00 7.541597133936407976e+06
1.697107501906508942e+00 6.926490988965016790e+06
1.776279621771362560e+00 6.229852761025246233e+06
1.859145216891527452e+00 5.702641804744953290e+06
1.945876592359817581e+00 5.166306622011530213e+06
2.036654091510258002e+00 4.708355454312723130e+06
2.131666470911770972e+00 4.293927421940503642e+06
2.231111292855769257e+00 3.920168736259572674e+06
2.335195336153773393e+00 3.583428410325347446e+06
2.444135026099235386e+00 3.255715799369714689e+06
2.558156884487600369e+00 2.975069373159847688e+06
2.677498000630348152e+00 2.704251801402948331e+06
2.802406524342412553e+00 2.483968612353371456e+06
2.933142181928062087e+00 2.235912507318784948e+06
