3.069976816238139533e-02 4.001676776708321571e+08
3.213194951921637121e-02 4.439889743689143658e+08
3.363094387046929729e-02 3.485474693708202839e+08
3.519986812322865172e-02 3.938195756864365339e+08
3.684198459207260745e-02 6.936500990281736851e+08
3.856070778250449138e-02 4.562095908319871426e+08
4.035961149084377197e-02 6.214548561987423897e+08
4.224243623533543990e-02 4.702671450835407376e+08
4.421309703392971302e-02 4.275665611653209925e+08
4.627569154490460829e-02 3.007281189041553140e+08
4.843450858725836805e-02 4.645679100788746476e+08
5.069403705858849252e-02 4.996684349256221652e+08
5.305897526900069106e-02 4.432606575157548785e+08
5.553424071045594268e-02 5.310988632928184271e+08
5.812498028186940946e-02 4.629003920151194930e+08
6.083658099122266766e-02 3.863366552524118423e+08
6.367468115694234487e-02 4.096725722688357830e+08
6.664518213183667772e-02 5.108738129286351204e+08
6.975426057396794111e-02 4.265450405315154791e+08
7.300838128997587384e-02 4.415711959606317282e+08
7.641431067755764805e-02 3.692143904725710154e+08
7.997913079505601652e-02 4.360842039550767541e+08
8.371025408741054885e-02 4.233090051986059546e+08
8.761543879909236554e-02 4.601151000614537001e+08
9.170280510607109470e-02 3.825286448563687801e+08
9.598085200035742781e-02 3.824380432880190015e+08
1.004584749622301765e-01 3.673380078201221228e+08
1.051449844568940195e-01 3.765226248096512556e+08
1.100501252940287722e-01 3.734346033367072940e+08
1.151840968904851020e-01 3.373300810521919727e+08
1.205575744782594882e-01 3.350464480920786858e+08
1.261817313018468445e-01 3.251317457351670861e+08
1.320682618511266337e-01 3.211889033355246186e+08
1.382294061780912076e-01 2.955909894898002148e+08
1.446779753479788821e-01 2.990071011625444889e+08
1.514273780777332656e-01 2.701669069107801318e+08
1.584916486171791816e-01 2.605219882474311590e+08
1.658854759308886484e-01 2.641942045943898559e+08
1.736242342414167639e-01 2.429006807582817376e+08
1.817240149974163610e-01 2.262129282563697994e+08
1.902016603331038169e-01 2.226804754898855984e+08
1.990747980886495849e-01 2.096386860615513325e+08
2.083618784643124222e-01 1.871044665466196239e+08
2.180822123845329585e-01 1.804146178790457249e+08
2.282560116517592663e-01 1.717124584941674769e+08
2.389044309734965343e-01 1.635306433349720836e+08
2.500496119499697190e-01 1.535215379031631649e+08
2.617147291138638421e-01 1.475567167251790464e+08
2.739240381178740802e-01 1.340559864378203899e+08
2.867029261702632170e-01 1.220534552250103056e+08
3.000779648232989039e-01 1.187062698727805763e+08
3.140769652243355914e-01 1.094704068037248254e+08
3.287290359444262067e-01 1.025052358981887549e+08
3.440646435047088891e-01 9.543490111301590502e+07
3.601156757264223351e-01 9.101456245105323195e+07
3.769155080362766030e-01 8.403400036475305259e+07
3.944990728650497602e-01 7.662426252507342398e+07
4.129029322837124427e-01 7.398472955109193921e+07
4.321653540281166217e-01 6.638657900938315690e+07
4.523263910703274604e-01 6.305708096043495089e+07
4.734279649020536884e-01 5.938548688434057683e+07
4.955139527033520785e-01 5.548043608527571708e+07
5.186302785778565960e-01 5.247852865076501667e+07
5.428250090442419129e-01 4.725233912049498409e+07
5.681484529824789576e-01 4.570919551535969973e+07
5.946532662427046478e-01 4.238697619019243121e+07
6.223945611342215356e-01 3.956954009866331518e+07
6.514300210222929710e-01 3.571209221847990900e+07
6.818200202710160696e-01 3.417920650995948166e+07
7.136277497816758686e-01 3.132341617959595844e+07
7.469193483876155337e-01 2.887908813115750253e+07
7.817640403788362891e-01 2.699802016046178341e+07
8.182342794422867716e-01 2.469233363490385190e+07
8.564058993171398404e-01 2.330180492603164911e+07
8.963582714783228100e-01 2.143123064186203852e+07
9.381744701761730587e-01 1.986389142076160014e+07
9.819414451753946116e-01 1.845361246925101802e+07
1.027750202552496051e+00 1.706925828239668161e+07
1.075695993927647365e+00 1.557582916593920812e+07
1.125878514524432994e+00 1.407009074161933735e+07
1.178402110469330522e+00 1.338128085231668316e+07
1.233375995761962995e+00 1.217951767443080246e+07
1.290914479367274659e+00 1.146361196458122879e+07
1.351137202901832923e+00 1.042760554787962139e+07
1.414169389408483246e+00 9.808007184225488454e+06
1.480142103736643344e+00 9.100767585287941620e+06
1.549192525069651882e+00 8.208645645370141603e+06
1.621464232165851449e+00 7.515897738163552247e+06
1.697107501906508942e+00 6.913115772334418260e+06
1.776279621771362560e+00 6.261026525541555136e+06
1.859145216891527452e+00 5.725992059314974584e+06
1.945876592359817581e+00 5.193877820938748308e+06
2.036654091510258002e+00 4.732410687050780281e+06
2.131666470911770972e+00 4.351657147767310031e+06
2.231111292855769257e+00 3.975232919025856070e+06
2.335195336153773393e+00 3.614917870942698792e+06
2.444135026099235386e+00 3.307016437194372527e+06
2.558156884487600369e+00 3.016606198906288482e+06
2.677498000630348152e+00 2.699598329874755815e+06
2.802406524342412553e+00 2.487360772121714428e+06
2.933142181928062087e+00 2.262021423281274270e+06
