3.069976816238139533e-02 2.877817744098728299e+08
3.213194951921637121e-02 1.643633971170846224e+08
3.363094387046929729e-02 1.500443900709613264e+08
3.519986812322865172e-02 1.236706206348400712e+08
3.684198459207260745e-02 3.083747589420503974e+08
3.856070778250449138e-02 2.965575569135929346e+08
4.035961149084377197e-02 1.097506997551032752e+08
4.224243623533543990e-02 1.204509505655727386e+08
4.421309703392971302e-02 2.013232272448031902e+08
4.627569154490460829e-02 1.470916158446846306e+08
4.843450858725836805e-02 1.381564209356403649e+08
5.069403705858849252e-02 2.353703227528508306e+08
5.305897526900069106e-02 1.307911899518530667e+08
5.553424071045594268e-02 1.289138126781526208e+08
5.812498028186940946e-02 8.272705935473996401e+07
6.083658099122266766e-02 1.432705996779930592e+08
6.367468115694234487e-02 1.033949569475405216e+08
6.664518213183667772e-02 1.474170460664125979e+08
6.975426057396794111e-02 1.304132658935024440e+08
7.300838128997587384e-02 9.927015869583392143e+07
7.641431067755764805e-02 1.098475129969413877e+08
7.997913079505601652e-02 1.209317248595203608e+08
8.371025408741054885e-02 8.368349326567113400e+07
8.761543879909236554e-02 1.023841603801209480e+08
9.170280510607109470e-02 1.028205388691198528e+08
9.598085200035742781e-02 8.964078338964499533e+07
1.004584749622301765e-01 9.210007660274474323e+07
1.051449844568940195e-01 6.423094175654708594e+07
1.100501252940287722e-01 7.555428419674479961e+07
1.151840968904851020e-01 5.602737294157589972e+07
1.205575744782594882e-01 5.586108091862207651e+07
1.261817313018468445e-01 5.557787618186447769e+07
1.320682618511266337e-01 4.546758347292219847e+07
1.382294061780912076e-01 4.191870411160533875e+07
1.446779753479788821e-01 4.062501879894205183e+07
1.514273780777332656e-01 4.422202085453592241e+07
1.584916486171791816e-01 3.217573030594241619e+07
1.658854759308886484e-01 3.204131729315243661e+07
1.736242342414167639e-01 3.800469669787947834e+07
1.817240149974163610e-01 3.176915041366308182e+07
1.902016603331038169e-01 2.939311583653773367e+07
1.990747980886495849e-01 3.163999051091510057e+07
2.083618784643124222e-01 3.052243448339074105e+07
2.180822123845329585e-01 2.684724147251105681e+07
2.282560116517592663e-01 2.617639520180074498e+07
2.389044309734965343e-01 1.894179084597032890e+07
2.500496119499697190e-01 1.821915931215096638e+07
2.617147291138638421e-01 2.041754407553195953e+07
2.739240381178740802e-01 1.733631328609236702e+07
2.867029261702632170e-01 1.544625194265755266e+07
3.000779648232989039e-01 1.387618360338276997e+07
3.140769652243355914e-01 1.385137694229667634e+07
3.287290359444262067e-01 1.268628341493787058e+07
3.440646435047088891e-01 1.167494578606866673e+07
3.601156757264223351e-01 1.368552347863748856e+07
3.769155080362766030e-01 1.281362146704108082e+07
3.944990728650497602e-01 1.304971663679210842e+07
4.129029322837124427e-01 1.335962671821228974e+07
4.321653540281166217e-01 1.312068213826562837e+07
4.523263910703274604e-01 1.214446785280980356e+07
4.734279649020536884e-01 1.079931957301159762e+07
4.955139527033520785e-01 1.170611040693455562e+07
5.186302785778565960e-01 1.036075659336692840e+07
5.428250090442419129e-01 9.957229221662860364e+06
5.681484529824789576e-01 7.733022709109047428e+06
5.946532662427046478e-01 6.782432715563495643e+06
6.223945611342215356e-01 6.154095555465197191e+06
6.514300210222929710e-01 5.984956159713590518e+06
6.818200202710160696e-01 5.432383719371873885e+06
7.136277497816758686e-01 4.538896587854784913e+06
7.469193483876155337e-01 4.137965040199812502e+06
7.817640403788362891e-01 3.912224005180673208e+06
8.182342794422867716e-01 3.277048451718872413e+06
8.564058993171398404e-01 2.713767135232915636e+06
8.963582714783228100e-01 2.557238771143171936e+06
9.381744701761730587e-01 2.434596163375726435e+06
9.819414451753946116e-01 2.587167957257103175e+06
1.027750202552496051e+00 2.622382760384625755e+06
1.075695993927647365e+00 2.474082526218410581e+06
1.125878514524432994e+00 2.167401901810699143e+06
1.178402110469330522e+00 2.007058407615846489e+06
1.233375995761962995e+00 1.526953606524337316e+06
1.290914479367274659e+00 1.447947747713800753e+06
1.351137202901832923e+00 1.297622529386467068e+06
1.414169389408483246e+00 1.264787236463880632e+06
1.480142103736643344e+00 1.163023802934383042e+06
1.549192525069651882e+00 1.047613763267928734e+06
1.621464232165851449e+00 9.911365663486793637e+05
1.697107501906508942e+00 9.736479093966019573e+05
1.776279621771362560e+00 1.084377020697620930e+06
1.859145216891527452e+00 1.197134906986497343e+06
1.945876592359817581e+00 1.084747674414669164e+06
2.036654091510258002e+00 1.027456092359348200e+06
2.131666470911770972e+00 8.449204573665296193e+05
2.231111292855769257e+00 7.812576126593824010e+05
2.335195336153773393e+00 7.244846169770655688e+05
2.444135026099235386e+00 6.826210800813495880e+05
2.558156884487600369e+00 6.375810957098400686e+05
2.677498000630348152e+00 5.688008048850052292e+05
2.802406524342412553e+00 5.260321811148006236e+05
2.933142181928062087e+00 5.154398276089654537e+05
