3.069976816238139533e-02 8.892735596877720356e+08
3.213194951921637121e-02 9.516160735709517002e+08
3.363094387046929729e-02 7.202380262184172869e+08
3.519986812322865172e-02 8.574417072382289171e+08
3.684198459207260745e-02 8.363344632818659544e+08
3.856070778250449138e-02 7.174628894723933935e+08
4.035961149084377197e-02 4.260192104214296937e+08
4.224243623533543990e-02 5.402810243758280277e+08
4.421309703392971302e-02 4.581010180212021470e+08
4.627569154490460829e-02 5.419479268310484886e+08
4.843450858725836805e-02 5.578648490526703596e+08
5.069403705858849252e-02 4.977371823818780780e+08
5.305897526900069106e-02 5.046870354248440266e+08
5.553424071045594268e-02 4.894215183948543668e+08
5.812498028186940946e-02 4.732710394377152920e+08
6.083658099122266766e-02 4.638937789230124950e+08
6.367468115694234487e-02 4.037314743841239214e+08
6.664518213183667772e-02 4.400042862031217217e+08
6.975426057396794111e-02 4.970762864252449274e+08
7.300838128997587384e-02 4.549812986858397126e+08
7.641431067755764805e-02 4.288563339445215464e+08
7.997913079505601652e-02 4.205080409405312538e+08
8.371025408741054885e-02 3.660845103229655027e+08
8.761543879909236554e-02 3.855619387407454252e+08
9.170280510607109470e-02 3.558163066802456975e+08
9.598085200035742781e-02 3.448329906256123781e+08
1.004584749622301765e-01 3.532147714434706569e+08
1.051449844568940195e-01 3.439276069527963996e+08
1.100501252940287722e-01 3.182619442701406479e+08
1.151840968904851020e-01 3.258199278541675210e+08
1.205575744782594882e-01 2.995641833900377750e+08
1.261817313018468445e-01 2.752605004791820049e+08
1.320682618511266337e-01 2.852025161461785436e+08
1.382294061780912076e-01 2.447367484424043894e+08
1.446779753479788821e-01 2.554742898837072551e+08
1.514273780777332656e-01 2.423340974524571300e+08
1.584916486171791816e-01 2.333548934917742610e+08
1.658854759308886484e-01 2.223201397375510931e+08
1.736242342414167639e-01 2.223860190755673647e+08
1.817240149974163610e-01 2.209987188376262188e+08
1.902016603331038169e-01 1.985197695446585119e+08
1.990747980886495849e-01 1.934569946256774366e+08
2.083618784643124222e-01 1.707859735241774023e+08
2.180822123845329585e-01 1.702313959176395833e+08
2.282560116517592663e-01 1.615467577365798950e+08
2.389044309734965343e-01 1.577922222391782105e+08
2.500496119499697190e-01 1.476509560390986800e+08
2.617147291138638421e-01 1.395388624777996540e+08
2.739240381178740802e-01 1.275453237696737647e+08
2.867029261702632170e-01 1.273717383095233589e+08
3.000779648232989039e-01 1.130773598165156096e+08
3.140769652243355914e-01 1.118115427216907144e+08
3.287290359444262067e-01 9.688615464775003493e+07
3.440646435047088891e-01 9.173967688632880151e+07
3.601156757264223351e-01 8.722878513605265319e+07
3.769155080362766030e-01 8.524608936329995096e+07
3.944990728650497602e-01 7.853532742681403458e+07
4.129029322837124427e-01 7.366330636017158628e+07
4.321653540281166217e-01 7.134904699659147859e+07
4.523263910703274604e-01 6.680334068805879354e+07
4.734279649020536884e-01 6.275615607694147527e+07
4.955139527033520785e-01 5.783127218601742387e+07
5.186302785778565960e-01 5.343615864231949300e+07
5.428250090442419129e-01 4.983209445310251415e+07
5.681484529824789576e-01 4.461981296085733920e+07
5.946532662427046478e-01 4.101225163341162354e+07
6.223945611342215356e-01 3.546737767427638173e+07
6.514300210222929710e-01 3.279016470778933167e+07
6.818200202710160696e-01 2.947241072857926041e+07
7.136277497816758686e-01 2.758179528404839709e+07
7.469193483876155337e-01 2.567736413244956732e+07
7.817640403788362891e-01 2.415253183239194751e+07
8.182342794422867716e-01 2.233315983801332861e+07
8.564058993171398404e-01 2.106376257731816173e+07
8.963582714783228100e-01 1.959065357830491289e+07
9.381744701761730587e-01 1.850972557883352786e+07
9.819414451753946116e-01 1.684574138852490857e+07
1.027750202552496051e+00 1.587885955312353186e+07
1.075695993927647365e+00 1.486893139424001984e+07
1.125878514524432994e+00 1.338350213780741021e+07
1.178402110469330522e+00 1.263648853176428936e+07
1.233375995761962995e+00 1.182512865341092274e+07
1.290914479367274659e+00 1.084824742170838080e+07
1.351137202901832923e+00 1.013707785223411396e+07
1.414169389408483246e+00 9.456245409137118608e+06
1.480142103736643344e+00 8.934447110842797905e+06
1.549192525069651882e+00 8.370209638260508887e+06
1.621464232165851449e+00 7.774100619495155290e+06
1.697107501906508942e+00 7.279934063132254407e+06
1.776279621771362560e+00 6.695529289919736795e+06
1.859145216891527452e+00 5.941809658784745261e+06
1.945876592359817581e+00 5.189795556908169761e+06
2.036654091510258002e+00 4.562390233568236232e+06
2.131666470911770972e+00 4.042125056207135785e+06
2.231111292855769257e+00 3.635865821498499718e+06
2.335195336153773393e+00 3.278834533935427200e+06
2.444135026099235386e+00 3.001025730508974753e+06
2.558156884487600369e+00 2.732245563027079217e+06
2.677498000630348152e+00 2.504301036962230690e+06
2.802406524342412553e+00 2.265578119342934806e+06
2.933142181928062087e+00 2.087318610179978888e+06
