3.069976816238139533e-02 6.709154310217344761e+08
3.213194951921637121e-02 8.835363854354383945e+08
3.363094387046929729e-02 1.232353062917923689e+09
3.519986812322865172e-02 8.959313482587819099e+08
3.684198459207260745e-02 1.155448275928622961e+09
3.856070778250449138e-02 9.022854995916600227e+08
4.035961149084377197e-02 1.011515355091174841e+09
4.224243623533543990e-02 7.506284151653870344e+08
4.421309703392971302e-02 7.519708472353377342e+08
4.627569154490460829e-02 8.979913254220545292e+08
4.843450858725836805e-02 6.732141950525137186e+08
5.069403705858849252e-02 6.766199183235619068e+08
5.305897526900069106e-02 9.769753643690103292e+08
5.553424071045594268e-02 8.147165037256293297e+08
5.812498028186940946e-02 7.497312643251281977e+08
6.083658099122266766e-02 6.087166393837492466e+08
6.367468115694234487e-02 7.027840501328580379e+08
6.664518213183667772e-02 5.750427260381873846e+08
6.975426057396794111e-02 6.794629718750636578e+08
7.300838128997587384e-02 5.249050843749561310e+08
7.641431067755764805e-02 4.817093256583746672e+08
7.997913079505601652e-02 5.401482668772622347e+08
8.371025408741054885e-02 4.362961801978464127e+08
8.761543879909236554e-02 4.567727974126805067e+08
9.170280510607109470e-02 4.465276189865955710e+08
9.598085200035742781e-02 4.006308188948720694e+08
1.004584749622301765e-01 3.687935295198568106e+08
1.051449844568940195e-01 4.189948400000948906e+08
1.100501252940287722e-01 3.858500848226646185e+08
1.151840968904851020e-01 3.632172667717592120e+08
1.205575744782594882e-01 3.311257230228739977e+08
1.261817313018468445e-01 3.255032125596293211e+08
1.320682618511266337e-01 2.969403337050088048e+08
1.382294061780912076e-01 2.991582579018278718e+08
1.446779753479788821e-01 2.685001137371658087e+08
1.514273780777332656e-01 2.579349949999766350e+08
1.584916486171791816e-01 2.480254105657018423e+08
1.658854759308886484e-01 2.316991851141453385e+08
1.736242342414167639e-01 2.380178411228915453e+08
1.817240149974163610e-01 2.228862662924592793e+08
1.902016603331038169e-01 2.135587274636551142e+08
1.990747980886495849e-01 2.005301430391638279e+08
2.083618784643124222e-01 1.791158481452188790e+08
2.180822123845329585e-01 1.785496147386189699e+08
2.282560116517592663e-01 1.730957018740601242e+08
2.389044309734965343e-01 1.603624901377262771e+08
2.500496119499697190e-01 1.483289772935700119e+08
2.617147291138638421e-01 1.427670120340703428e+08
2.739240381178740802e-01 1.305234190081201494e+08
2.867029261702632170e-01 1.226273496469032764e+08
3.000779648232989039e-01 1.186444300576555282e+08
3.140769652243355914e-01 1.136222598814729750e+08
3.287290359444262067e-01 1.040309280909231305e+08
3.440646435047088891e-01 9.929859980581615865e+07
3.601156757264223351e-01 9.385457194080571830e+07
3.769155080362766030e-01 8.664344331912910938e+07
3.944990728650497602e-01 7.873862466156986356e+07
4.129029322837124427e-01 7.380751039745132625e+07
4.321653540281166217e-01 7.046469908178779483e+07
4.523263910703274604e-01 6.595991456473843008e+07
4.734279649020536884e-01 6.003741148253022134e+07
4.955139527033520785e-01 5.745409735029298067e+07
5.186302785778565960e-01 5.083090041162887961e+07
5.428250090442419129e-01 4.990527561088424176e+07
5.681484529824789576e-01 4.548129469285883009e+07
5.946532662427046478e-01 4.162459164323382080e+07
6.223945611342215356e-01 4.098258280791566521e+07
6.514300210222929710e-01 3.824353627453103662e+07
6.818200202710160696e-01 3.517584466774558276e+07
7.136277497816758686e-01 3.267254431909579039e+07
7.469193483876155337e-01 3.092308786626728624e+07
7.817640403788362891e-01 2.828803768868500367e+07
8.182342794422867716e-01 2.665803044621565938e+07
8.564058993171398404e-01 2.469460377548972145e+07
8.963582714783228100e-01 2.299662830990737304e+07
9.381744701761730587e-01 2.091928786276977137e+07
9.819414451753946116e-01 1.965517345101309568e+07
1.027750202552496051e+00 1.786210531347846240e+07
1.075695993927647365e+00 1.645352563324450329e+07
1.125878514524432994e+00 1.519910268503045850e+07
1.178402110469330522e+00 1.399290230031682178e+07
1.233375995761962995e+00 1.274975547075584531e+07
1.290914479367274659e+00 1.189265630721567944e+07
1.351137202901832923e+00 1.090275015442975238e+07
1.414169389408483246e+00 1.016114647950575128e+07
1.480142103736643344e+00 9.256840479016318917e+06
1.549192525069651882e+00 8.644977337352255359e+06
1.621464232165851449e+00 7.909024999158274382e+06
1.697107501906508942e+00 7.200208075045474805e+06
1.776279621771362560e+00 6.547548009513491765e+06
1.859145216891527452e+00 5.884443337149063125e+06
1.945876592359817581e+00 5.328105043286178261e+06
2.036654091510258002e+00 4.849688658958577551e+06
2.131666470911770972e+00 4.469230719889170490e+06
2.231111292855769257e+00 4.039672796317557339e+06
2.335195336153773393e+00 3.651756241651252843e+06
2.444135026099235386e+00 3.374938233520067763e+06
2.558156884487600369e+00 3.151137628559713718e+06
2.677498000630348152e+00 2.873543035551495384e+06
2.802406524342412553e+00 2.706238271091669798e+06
2.933142181928062087e+00 2.434789464329792652e+06
