3.069976816238139533e-02 4.970503920610058308e+08
3.213194951921637121e-02 6.133364862110528946e+08
3.363094387046929729e-02 5.083147245275816917e+08
3.519986812322865172e-02 3.841307955077437758e+08
3.684198459207260745e-02 5.733139166403515339e+08
3.856070778250449138e-02 4.631163712080029845e+08
4.035961149084377197e-02 3.732277897642337084e+08
4.224243623533543990e-02 6.775084823932236433e+08
4.421309703392971302e-02 4.812215431087318659e+08
4.627569154490460829e-02 5.455352374581657648e+08
4.843450858725836805e-02 5.619297564444907904e+08
5.069403705858849252e-02 4.845895706838968992e+08
5.305897526900069106e-02 4.362985688938136101e+08
5.553424071045594268e-02 5.411030641461039782e+08
5.812498028186940946e-02 5.348932995237079859e+08
6.083658099122266766e-02 4.408354356609383821e+08
6.367468115694234487e-02 4.417597748471859097e+08
6.664518213183667772e-02 4.772879811314780116e+08
6.975426057396794111e-02 4.314334222705436945e+08
7.300838128997587384e-02 4.165245912603237629e+08
7.641431067755764805e-02 3.690858581612876058e+08
7.997913079505601652e-02 4.737109434436506629e+08
8.371025408741054885e-02 4.183420233812372684e+08
8.761543879909236554e-02 3.958816487030250430e+08
9.170280510607109470e-02 3.767703902026281357e+08
9.598085200035742781e-02 4.140178745856571198e+08
1.004584749622301765e-01 3.659033475657357574e+08
1.051449844568940195e-01 4.177178938539183736e+08
1.100501252940287722e-01 3.184610023539295793e+08
1.151840968904851020e-01 3.390923204469760656e+08
1.205575744782594882e-01 3.675710468161954284e+08
1.261817313018468445e-01 3.397081775183625817e+08
1.320682618511266337e-01 3.005588876093425155e+08
1.382294061780912076e-01 2.958955821482685208e+08
1.446779753479788821e-01 2.571497238571852744e+08
1.514273780777332656e-01 2.614175363420592248e+08
1.584916486171791816e-01 2.561821338028380871e+08
1.658854759308886484e-01 2.456367140069534779e+08
1.736242342414167639e-01 2.261864768368311822e+08
1.817240149974163610e-01 2.248843123103576601e+08
1.902016603331038169e-01 2.079136048110351861e+08
1.990747980886495849e-01 1.984261375155370831e+08
2.083618784643124222e-01 1.903394301500316858e+08
2.180822123845329585e-01 1.769186860228874385e+08
2.282560116517592663e-01 1.670822971656434834e+08
2.389044309734965343e-01 1.582016108908635676e+08
2.500496119499697190e-01 1.532255165424865782e+08
2.617147291138638421e-01 1.402270006220110655e+08
2.739240381178740802e-01 1.287915496959058195e+08
2.867029261702632170e-01 1.215528155619004816e+08
3.000779648232989039e-01 1.123979029456268996e+08
3.140769652243355914e-01 1.059481465736099631e+08
3.287290359444262067e-01 1.015517026470600367e+08
3.440646435047088891e-01 9.398790507982456684e+07
3.601156757264223351e-01 8.825409327944162488e+07
3.769155080362766030e-01 8.304510415690846741e+07
3.944990728650497602e-01 7.845580462532812357e+07
4.129029322837124427e-01 7.318080763833923638e+07
4.321653540281166217e-01 6.656335046587502211e+07
4.523263910703274604e-01 6.243872675149208307e+07
4.734279649020536884e-01 5.896266041243356466e+07
4.955139527033520785e-01 5.343499751922360808e+07
5.186302785778565960e-01 5.125083721429190040e+07
5.428250090442419129e-01 4.740068943680829555e+07
5.681484529824789576e-01 4.518017352484032512e+07
5.946532662427046478e-01 4.123811082762861997e+07
6.223945611342215356e-01 3.845888170983938128e+07
6.514300210222929710e-01 3.537718763015744090e+07
6.818200202710160696e-01 3.322123364234673604e+07
7.136277497816758686e-01 3.125338969803265855e+07
7.469193483876155337e-01 2.852210190020975098e+07
7.817640403788362891e-01 2.588914248752702028e+07
8.182342794422867716e-01 2.425870754675548151e+07
8.564058993171398404e-01 2.226975659335872903e+07
8.963582714783228100e-01 2.113153313439755142e+07
9.381744701761730587e-01 1.949447512507304549e+07
9.819414451753946116e-01 1.780410149401295558e+07
1.027750202552496051e+00 1.656007519072788395e+07
1.075695993927647365e+00 1.557481208252563700e+07
1.125878514524432994e+00 1.379307098885614425e+07
1.178402110469330522e+00 1.301251403643714078e+07
1.233375995761962995e+00 1.207900098990337364e+07
1.290914479367274659e+00 1.134231189814854600e+07
1.351137202901832923e+00 1.047871846054211818e+07
1.414169389408483246e+00 9.580302319870291278e+06
1.480142103736643344e+00 8.811932989514026791e+06
1.549192525069651882e+00 8.142778453296704218e+06
1.621464232165851449e+00 7.382715272656565532e+06
1.697107501906508942e+00 6.787687505806352012e+06
1.776279621771362560e+00 6.160356566155618057e+06
1.859145216891527452e+00 5.717205188114943914e+06
1.945876592359817581e+00 5.202749921713178977e+06
2.036654091510258002e+00 4.668288100595576689e+06
2.131666470911770972e+00 4.292806465867941268e+06
2.231111292855769257e+00 3.859955286138772499e+06
2.335195336153773393e+00 3.510323947928533424e+06
2.444135026099235386e+00 3.204011897931957152e+06
2.558156884487600369e+00 2.933150852330307476e+06
2.677498000630348152e+00 2.680886808992180042e+06
2.802406524342412553e+00 2.428212911754103843e+06
2.933142181928062087e+00 2.231003986036368180e+06
