3.069976816238139533e-02 7.597224883519085646e+08
3.213194951921637121e-02 3.753873766456954479e+08
3.363094387046929729e-02 6.352055596801797152e+08
3.519986812322865172e-02 6.274291859272918701e+08
3.684198459207260745e-02 6.228864780400426388e+08
3.856070778250449138e-02 3.681729709601451755e+08
4.035961149084377197e-02 6.420745145623763800e+08
4.224243623533543990e-02 6.449029577992534637e+08
4.421309703392971302e-02 5.728874329558568001e+08
4.627569154490460829e-02 4.946703931549646854e+08
4.843450858725836805e-02 4.747702780727480650e+08
5.069403705858849252e-02 5.158590320645838976e+08
5.305897526900069106e-02 5.440898653970668316e+08
5.553424071045594268e-02 5.385832023149932623e+08
5.812498028186940946e-02 4.730794530361143947e+08
6.083658099122266766e-02 4.342102536575138569e+08
6.367468115694234487e-02 6.461832046325929165e+08
6.664518213183667772e-02 4.371106475749975443e+08
6.975426057396794111e-02 4.198711980508272648e+08
7.300838128997587384e-02 3.648395803967771530e+08
7.641431067755764805e-02 4.660914560535275340e+08
7.997913079505601652e-02 4.464432800344114900e+08
8.371025408741054885e-02 4.143695586760743856e+08
8.761543879909236554e-02 4.526039824655942917e+08
9.170280510607109470e-02 3.639887874987396002e+08
9.598085200035742781e-02 3.765287583621465564e+08
1.004584749622301765e-01 4.327883461879162788e+08
1.051449844568940195e-01 3.683315114609507322e+08
1.100501252940287722e-01 3.427135330593000054e+08
1.151840968904851020e-01 3.518780552264593840e+08
1.205575744782594882e-01 3.207196724668290019e+08
1.261817313018468445e-01 3.140323898155507445e+08
1.320682618511266337e-01 3.082076803287829757e+08
1.382294061780912076e-01 2.931621127384259105e+08
1.446779753479788821e-01 2.795089008491613269e+08
1.514273780777332656e-01 2.738946270979779363e+08
1.584916486171791816e-01 2.749544870280604362e+08
1.658854759308886484e-01 2.380613163552480638e+08
1.736242342414167639e-01 2.330903344243201613e+08
1.817240149974163610e-01 2.090847445477409065e+08
1.902016603331038169e-01 2.033402199097093940e+08
1.990747980886495849e-01 1.906126438285118043e+08
2.083618784643124222e-01 1.893133669520545602e+08
2.180822123845329585e-01 1.801593414763820171e+08
2.282560116517592663e-01 1.614050248530571163e+08
2.389044309734965343e-01 1.558714415683282316e+08
2.500496119499697190e-01 1.457836079716292620e+08
2.617147291138638421e-01 1.387798519916981161e+08
2.739240381178740802e-01 1.284157750286789984e+08
2.867029261702632170e-01 1.183746531467237025e+08
3.000779648232989039e-01 1.118336781412564963e+08
3.140769652243355914e-01 1.070710226231106669e+08
3.287290359444262067e-01 1.005583583359431773e+08
3.440646435047088891e-01 9.252816077244041860e+07
3.601156757264223351e-01 8.709294662371756136e+07
3.769155080362766030e-01 8.045236252176237106e+07
3.944990728650497602e-01 7.683556657391002774e+07
4.129029322837124427e-01 7.126789155851367116e+07
4.321653540281166217e-01 6.687656911143264174e+07
4.523263910703274604e-01 6.131333157352116704e+07
4.734279649020536884e-01 5.730581208942002803e+07
4.955139527033520785e-01 5.182053312462802976e+07
5.186302785778565960e-01 5.013472633099479973e+07
5.428250090442419129e-01 4.585245484874305874e+07
5.681484529824789576e-01 4.287894629597347975e+07
5.946532662427046478e-01 4.049437119799472392e+07
6.223945611342215356e-01 3.709307292838618904e+07
6.514300210222929710e-01 3.472753020259590447e+07
6.818200202710160696e-01 3.319974272698099911e+07
7.136277497816758686e-01 3.069088253627236560e+07
7.469193483876155337e-01 2.754062971514844522e+07
7.817640403788362891e-01 2.639714570278071240e+07
8.182342794422867716e-01 2.396136613608698919e+07
8.564058993171398404e-01 2.226764705243445188e+07
8.963582714783228100e-01 2.039746589405232295e+07
9.381744701761730587e-01 1.926091203038777038e+07
9.819414451753946116e-01 1.769968786540839821e+07
1.027750202552496051e+00 1.640481956075514108e+07
1.075695993927647365e+00 1.522448606044654362e+07
1.125878514524432994e+00 1.406332047992890514e+07
1.178402110469330522e+00 1.287373589090613462e+07
1.233375995761962995e+00 1.214452110838759504e+07
1.290914479367274659e+00 1.120695734574544430e+07
1.351137202901832923e+00 1.030077356959408149e+07
1.414169389408483246e+00 9.652312710471494123e+06
1.480142103736643344e+00 8.874258122530844063e+06
1.549192525069651882e+00 8.134316680638599209e+06
1.621464232165851449e+00 7.459445264859468676e+06
1.697107501906508942e+00 6.825977322346513160e+06
1.776279621771362560e+00 6.218189815518954769e+06
1.859145216891527452e+00 5.672370526259609498e+06
1.945876592359817581e+00 5.168410073415230028e+06
2.036654091510258002e+00 4.711123341397802345e+06
2.131666470911770972e+00 4.263828543756340630e+06
2.231111292855769257e+00 3.861508191466600168e+06
2.335195336153773393e+00 3.527739283938265406e+06
2.444135026099235386e+00 3.197048571166465525e+06
2.558156884487600369e+00 2.890936614297541324e+06
2.677498000630348152e+00 2.679259351903735194e+06
2.802406524342412553e+00 2.463181888360526878e+06
2.933142181928062087e+00 2.230503389254362788e+06
