3.069976816238139533e-02 1.125349156164013624e+09
3.213194951921637121e-02 6.859921053265662193e+08
3.363094387046929729e-02 9.753172534670604467e+08
3.519986812322865172e-02 5.066967703381979465e+08
3.684198459207260745e-02 7.781642120626641512e+08
3.856070778250449138e-02 8.950983656100910902e+08
4.035961149084377197e-02 5.609991556584120989e+08
4.224243623533543990e-02 9.467062076889261007e+08
4.421309703392971302e-02 8.627676443489172459e+08
4.627569154490460829e-02 8.346487703837443590e+08
4.843450858725836805e-02 5.978329017869952917e+08
5.069403705858849252e-02 7.170368029496997595e+08
5.305897526900069106e-02 7.190438730279814005e+08
5.553424071045594268e-02 6.808758123366813660e+08
5.812498028186940946e-02 7.558172054786100388e+08
6.083658099122266766e-02 7.029071719785048962e+08
6.367468115694234487e-02 6.794868836735829115e+08
6.664518213183667772e-02 5.772460113484044075e+08
6.975426057396794111e-02 6.581081450330328941e+08
7.300838128997587384e-02 6.335804306107020378e+08
7.641431067755764805e-02 5.557091786072248220e+08
7.997913079505601652e-02 5.286984958701461554e+08
8.371025408741054885e-02 5.827408201038826704e+08
8.761543879909236554e-02 5.401907501446195841e+08
9.170280510607109470e-02 4.912220932764186859e+08
9.598085200035742781e-02 4.204528406765401959e+08
1.004584749622301765e-01 4.168954698409801126e+08
1.051449844568940195e-01 4.097858070230889916e+08
1.100501252940287722e-01 3.962115362769147754e+08
1.151840968904851020e-01 3.847138193614294529e+08
1.205575744782594882e-01 3.759690266621843576e+08
1.261817313018468445e-01 3.422443404497593045e+08
1.320682618511266337e-01 3.431495042805947661e+08
1.382294061780912076e-01 3.221390190502541065e+08
1.446779753479788821e-01 3.021568506262128353e+08
1.514273780777332656e-01 2.971470828669112325e+08
1.584916486171791816e-01 2.782359034001118541e+08
1.658854759308886484e-01 2.559207458063323796e+08
1.736242342414167639e-01 2.396052442177444696e+08
1.817240149974163610e-01 2.292545560687802732e+08
1.902016603331038169e-01 2.135855544216302633e+08
1.990747980886495849e-01 2.074149703473419249e+08
2.083618784643124222e-01 1.957338064406344593e+08
2.180822123845329585e-01 1.966249619653702080e+08
2.282560116517592663e-01 1.788445760930444002e+08
2.389044309734965343e-01 1.654203476907407939e+08
2.500496119499697190e-01 1.596162681697701216e+08
2.617147291138638421e-01 1.448855806655201018e+08
2.739240381178740802e-01 1.343016576529740095e+08
2.867029261702632170e-01 1.220837834523597658e+08
3.000779648232989039e-01 1.228833490920891017e+08
3.140769652243355914e-01 1.134181106573690474e+08
3.287290359444262067e-01 1.058616894544433951e+08
3.440646435047088891e-01 9.977082776693998277e+07
3.601156757264223351e-01 9.301343705487376451e+07
3.769155080362766030e-01 8.528935255370616913e+07
3.944990728650497602e-01 7.752861663367787004e+07
4.129029322837124427e-01 7.480560967478357255e+07
4.321653540281166217e-01 7.120865619194161892e+07
4.523263910703274604e-01 6.827878983882498741e+07
4.734279649020536884e-01 6.453906126595626026e+07
4.955139527033520785e-01 5.551198746589649469e+07
5.186302785778565960e-01 5.357888757824679464e+07
5.428250090442419129e-01 4.936815123330246657e+07
5.681484529824789576e-01 4.593275626163493097e+07
5.946532662427046478e-01 4.392410115009254962e+07
6.223945611342215356e-01 4.005040256571932882e+07
6.514300210222929710e-01 3.718457926886262745e+07
6.818200202710160696e-01 3.485940586939054728e+07
7.136277497816758686e-01 3.143794131309680641e+07
7.469193483876155337e-01 2.993599311602133512e+07
7.817640403788362891e-01 2.771446712276510149e+07
8.182342794422867716e-01 2.566814795756127685e+07
8.564058993171398404e-01 2.399871326236858591e+07
8.963582714783228100e-01 2.181062862525265664e+07
9.381744701761730587e-01 2.047101952615683898e+07
9.819414451753946116e-01 1.852043333412671462e+07
1.027750202552496051e+00 1.720032338317023218e+07
1.075695993927647365e+00 1.617050408203068189e+07
1.125878514524432994e+00 1.490686822940106317e+07
1.178402110469330522e+00 1.373887864132738486e+07
1.233375995761962995e+00 1.284873905283702165e+07
1.290914479367274659e+00 1.153709543872196041e+07
1.351137202901832923e+00 1.079619662329686806e+07
1.414169389408483246e+00 9.975320182496696711e+06
1.480142103736643344e+00 9.245931623918049037e+06
1.549192525069651882e+00 8.375332541623070836e+06
1.621464232165851449e+00 7.732710697018547915e+06
1.697107501906508942e+00 7.026318577643524855e+06
1.776279621771362560e+00 6.316451296344740316e+06
1.859145216891527452e+00 5.824199418423572555e+06
1.945876592359817581e+00 5.335958861413688399e+06
2.036654091510258002e+00 4.782051286868051626e+06
2.131666470911770972e+00 4.384193193602601066e+06
2.231111292855769257e+00 3.950716547482073773e+06
2.335195336153773393e+00 3.550608352622328326e+06
2.444135026099235386e+00 3.242952263835315593e+06
2.558156884487600369e+00 2.959507525935167447e+06
2.677498000630348152e+00 2.696393128973866813e+06
2.802406524342412553e+00 2.442949331486980431e+06
2.933142181928062087e+00 2.271089355567337479e+06
