3.069976816238139533e-02 5.916830082089663744e+08
3.213194951921637121e-02 8.151103919639806747e+08
3.363094387046929729e-02 6.083249099411444664e+08
3.519986812322865172e-02 8.404843451653041840e+08
3.684198459207260745e-02 5.346586256869468689e+08
3.856070778250449138e-02 6.729320042874592543e+08
4.035961149084377197e-02 7.105985778194227219e+08
4.224243623533543990e-02 7.791852951242480278e+08
4.421309703392971302e-02 6.307655727217923403e+08
4.627569154490460829e-02 7.877964813423569202e+08
4.843450858725836805e-02 7.057820094468157291e+08
5.069403705858849252e-02 6.285449104086573124e+08
5.305897526900069106e-02 7.595734698763200045e+08
5.553424071045594268e-02 6.101967819971065521e+08
5.812498028186940946e-02 6.264062662374118567e+08
6.083658099122266766e-02 5.847290030790076256e+08
6.367468115694234487e-02 5.061624658335115910e+08
6.664518213183667772e-02 4.962145616544232368e+08
6.975426057396794111e-02 5.808448270986117125e+08
7.300838128997587384e-02 5.850590611345553398e+08
7.641431067755764805e-02 5.759973040359526873e+08
7.997913079505601652e-02 5.041411310140669346e+08
8.371025408741054885e-02 4.957972216632941365e+08
8.761543879909236554e-02 5.337736534418111444e+08
9.170280510607109470e-02 4.552474959920800924e+08
9.598085200035742781e-02 4.605683243645238280e+08
1.004584749622301765e-01 4.338813087866531610e+08
1.051449844568940195e-01 4.249933743130582571e+08
1.100501252940287722e-01 3.875266532408573031e+08
1.151840968904851020e-01 3.856249412144160867e+08
1.205575744782594882e-01 3.584026170472190976e+08
1.261817313018468445e-01 3.382475541499690413e+08
1.320682618511266337e-01 3.229414823316884637e+08
1.382294061780912076e-01 3.032081178695930839e+08
1.446779753479788821e-01 3.086946475388225317e+08
1.514273780777332656e-01 2.922005789647967219e+08
1.584916486171791816e-01 2.746394537361663580e+08
1.658854759308886484e-01 2.579218314820568264e+08
1.736242342414167639e-01 2.500152758204877079e+08
1.817240149974163610e-01 2.169062599900954366e+08
1.902016603331038169e-01 2.108132305376928449e+08
1.990747980886495849e-01 1.949668053207413852e+08
2.083618784643124222e-01 1.943841124372421503e+08
2.180822123845329585e-01 1.800721567644539475e+08
2.282560116517592663e-01 1.742858316606107950e+08
2.389044309734965343e-01 1.560028134702152610e+08
2.500496119499697190e-01 1.524669942298647761e+08
2.617147291138638421e-01 1.377344145226516724e+08
2.739240381178740802e-01 1.361237017361447811e+08
2.867029261702632170e-01 1.235633101271741092e+08
3.000779648232989039e-01 1.164616141403276026e+08
3.140769652243355914e-01 1.042638418868229985e+08
3.287290359444262067e-01 9.836508292522031069e+07
3.440646435047088891e-01 9.124787555915161967e+07
3.601156757264223351e-01 8.646564406754291058e+07
3.769155080362766030e-01 8.187144786328560114e+07
3.944990728650497602e-01 7.585910593922047317e+07
4.129029322837124427e-01 7.260920216679109633e+07
4.321653540281166217e-01 6.938906266942892969e+07
4.523263910703274604e-01 6.329809464032908529e+07
4.734279649020536884e-01 5.820760698354877532e+07
4.955139527033520785e-01 5.438317851956626773e+07
5.186302785778565960e-01 4.907584731665918231e+07
5.428250090442419129e-01 4.755861052206312120e+07
5.681484529824789576e-01 4.364092219588611275e+07
5.946532662427046478e-01 4.028537509822265059e+07
6.223945611342215356e-01 3.849849889290362597e+07
6.514300210222929710e-01 3.602849973536348343e+07
6.818200202710160696e-01 3.322129735466861725e+07
7.136277497816758686e-01 3.026184071058142185e+07
7.469193483876155337e-01 2.845149694105753303e+07
7.817640403788362891e-01 2.684368489411805570e+07
8.182342794422867716e-01 2.407267635758034885e+07
8.564058993171398404e-01 2.255922576936068013e+07
8.963582714783228100e-01 2.086044351709720492e+07
9.381744701761730587e-01 1.915250132408443466e+07
9.819414451753946116e-01 1.761073663100904599e+07
1.027750202552496051e+00 1.670217277199287526e+07
1.075695993927647365e+00 1.519012576909837127e+07
1.125878514524432994e+00 1.403562413882140629e+07
1.178402110469330522e+00 1.312325006853396446e+07
1.233375995761962995e+00 1.207655140444743261e+07
1.290914479367274659e+00 1.111873056292067282e+07
1.351137202901832923e+00 1.040847922693842463e+07
1.414169389408483246e+00 9.561673317158842459e+06
1.480142103736643344e+00 8.816783228151362389e+06
1.549192525069651882e+00 8.070638501564045437e+06
1.621464232165851449e+00 7.283406087237075903e+06
1.697107501906508942e+00 6.696052935273394920e+06
1.776279621771362560e+00 6.140343975191475824e+06
1.859145216891527452e+00 5.637422711698793806e+06
1.945876592359817581e+00 5.130985759907310829e+06
2.036654091510258002e+00 4.631330979908429086e+06
2.131666470911770972e+00 4.238427052048493177e+06
2.231111292855769257e+00 3.846904656795334537e+06
2.335195336153773393e+00 3.468084758886729367e+06
2.444135026099235386e+00 3.177717255059206393e+06
2.558156884487600369e+00 2.934474181197585538e+06
2.677498000630348152e+00 2.634325337387414649e+06
2.802406524342412553e+00 2.426210742202948779e+06
2.933142181928062087e+00 2.206294394754981622e+06
