3.069976816238139533e-02 7.883599487818906307e+08
3.213194951921637121e-02 8.331378762068839073e+08
3.363094387046929729e-02 1.065815506539335251e+09
3.519986812322865172e-02 7.477292675909324884e+08
3.684198459207260745e-02 6.303134728999656439e+08
3.856070778250449138e-02 7.616161626418337822e+08
4.035961149084377197e-02 5.852772074438154697e+08
4.224243623533543990e-02 6.205387182861168385e+08
4.421309703392971302e-02 6.075909677628529072e+08
4.627569154490460829e-02 5.946759758539017439e+08
4.843450858725836805e-02 7.064008295653600693e+08
5.069403705858849252e-02 6.316180579167248011e+08
5.305897526900069106e-02 5.477442440246123075e+08
5.553424071045594268e-02 5.521696112160298824e+08
5.812498028186940946e-02 5.534389102065441608e+08
6.083658099122266766e-02 5.470872118802360296e+08
6.367468115694234487e-02 5.509323931536724567e+08
6.664518213183667772e-02 5.710798705302009583e+08
6.975426057396794111e-02 5.779947188841538429e+08
7.300838128997587384e-02 5.107153768046458960e+08
7.641431067755764805e-02 4.546478479973596931e+08
7.997913079505601652e-02 5.240859152420672774e+08
8.371025408741054885e-02 4.710528751898245811e+08
8.761543879909236554e-02 4.183166844968894720e+08
9.170280510607109470e-02 4.432791235194276571e+08
9.598085200035742781e-02 4.511093188241302371e+08
1.004584749622301765e-01 3.977716604130776525e+08
1.051449844568940195e-01 3.898050925505796671e+08
1.100501252940287722e-01 3.908963718289065361e+08
1.151840968904851020e-01 3.573437573044646382e+08
1.205575744782594882e-01 3.514701836607731581e+08
1.261817313018468445e-01 3.483763261494823694e+08
1.320682618511266337e-01 3.135167156248902082e+08
1.382294061780912076e-01 2.918759914777644873e+08
1.446779753479788821e-01 2.891483632950806618e+08
1.514273780777332656e-01 3.008420114113645554e+08
1.584916486171791816e-01 2.615277827358931005e+08
1.658854759308886484e-01 2.417665013210522532e+08
1.736242342414167639e-01 2.343448042948331833e+08
1.817240149974163610e-01 2.398746028473115861e+08
1.902016603331038169e-01 2.340153562141233683e+08
1.990747980886495849e-01 2.071792439289918244e+08
2.083618784643124222e-01 1.844999136113496721e+08
2.180822123845329585e-01 1.849704123527392149e+08
2.282560116517592663e-01 1.773022108250551522e+08
2.389044309734965343e-01 1.636864226283582151e+08
2.500496119499697190e-01 1.562234062303996682e+08
2.617147291138638421e-01 1.361227738182545602e+08
2.739240381178740802e-01 1.328916475993417054e+08
2.867029261702632170e-01 1.295204105458849221e+08
3.000779648232989039e-01 1.168046278326477408e+08
3.140769652243355914e-01 1.121588728855377138e+08
3.287290359444262067e-01 9.932407155928865075e+07
3.440646435047088891e-01 9.925192550563080609e+07
3.601156757264223351e-01 9.119925946035914123e+07
3.769155080362766030e-01 8.552113532304443419e+07
3.944990728650497602e-01 7.933728158078169823e+07
4.129029322837124427e-01 7.457318919226785004e+07
4.321653540281166217e-01 6.748094626853586733e+07
4.523263910703274604e-01 6.604846875310900807e+07
4.734279649020536884e-01 5.903362311043371260e+07
4.955139527033520785e-01 5.604626748572552949e+07
5.186302785778565960e-01 5.303110942419666797e+07
5.428250090442419129e-01 4.832876462805394828e+07
5.681484529824789576e-01 4.661240979624151438e+07
5.946532662427046478e-01 4.234968816844681650e+07
6.223945611342215356e-01 3.915769419489303976e+07
6.514300210222929710e-01 3.710397574190043658e+07
6.818200202710160696e-01 3.449280834449931979e+07
7.136277497816758686e-01 3.200417162050034478e+07
7.469193483876155337e-01 2.975076116914988682e+07
7.817640403788362891e-01 2.736056780010036379e+07
8.182342794422867716e-01 2.571017623363540694e+07
8.564058993171398404e-01 2.352676957337029651e+07
8.963582714783228100e-01 2.163638167133585364e+07
9.381744701761730587e-01 2.029767076516053453e+07
9.819414451753946116e-01 1.841482231889573112e+07
1.027750202552496051e+00 1.715498146440769732e+07
1.075695993927647365e+00 1.552089387786511332e+07
1.125878514524432994e+00 1.467802458524208516e+07
1.178402110469330522e+00 1.355438149892075919e+07
1.233375995761962995e+00 1.250645517725584842e+07
1.290914479367274659e+00 1.154359853612416051e+07
1.351137202901832923e+00 1.066401930956329033e+07
1.414169389408483246e+00 9.678539227165417746e+06
1.480142103736643344e+00 9.044657508589737117e+06
1.549192525069651882e+00 8.388295845581628382e+06
1.621464232165851449e+00 7.659291391361294314e+06
1.697107501906508942e+00 6.957319177049865015e+06
1.776279621771362560e+00 6.239771192407599650e+06
1.859145216891527452e+00 5.760206883777917363e+06
1.945876592359817581e+00 5.230197040475201793e+06
2.036654091510258002e+00 4.761387960920001380e+06
2.131666470911770972e+00 4.327419622276118957e+06
2.231111292855769257e+00 3.970384634280389640e+06
2.335195336153773393e+00 3.600481921921842266e+06
2.444135026099235386e+00 3.270610333242460154e+06
2.558156884487600369e+00 2.989328722830325365e+06
2.677498000630348152e+00 2.742956358240139671e+06
2.802406524342412553e+00 2.511793924806584138e+06
2.933142181928062087e+00 2.281481357965770178e+06
