3.069976816238139533e-02 7.987632789956203699e+08
3.213194951921637121e-02 8.269597255351157188e+08
3.363094387046929729e-02 7.043653842532596588e+08
3.519986812322865172e-02 8.272619952296451330e+08
3.684198459207260745e-02 8.677215478875346184e+08
3.856070778250449138e-02 9.564549376839895248e+08
4.035961149084377197e-02 9.617140899796876907e+08
4.224243623533543990e-02 7.611328841192854643e+08
4.421309703392971302e-02 7.081528117521007061e+08
4.627569154490460829e-02 7.179502385021618605e+08
4.843450858725836805e-02 9.243618717739965916e+08
5.069403705858849252e-02 6.797760697856787443e+08
5.305897526900069106e-02 6.387425338709691763e+08
5.553424071045594268e-02 6.070171864856303930e+08
5.812498028186940946e-02 6.570310238205242157e+08
6.083658099122266766e-02 5.724459212511974573e+08
6.367468115694234487e-02 6.141772614238119125e+08
6.664518213183667772e-02 5.740236300857740641e+08
6.975426057396794111e-02 5.719813251510870457e+08
7.300838128997587384e-02 4.750157978499113917e+08
7.641431067755764805e-02 4.345430207719947696e+08
7.997913079505601652e-02 4.874931328631178141e+08
8.371025408741054885e-02 4.480930301020908952e+08
8.761543879909236554e-02 4.925029380793753862e+08
9.170280510607109470e-02 4.478684875219741464e+08
9.598085200035742781e-02 4.120493721509870291e+08
1.004584749622301765e-01 3.947896616628287435e+08
1.051449844568940195e-01 4.089648860453991890e+08
1.100501252940287722e-01 3.630070062682164907e+08
1.151840968904851020e-01 3.702346348819802403e+08
1.205575744782594882e-01 3.668637340611566305e+08
1.261817313018468445e-01 3.155548710236250758e+08
1.320682618511266337e-01 3.130722725342818499e+08
1.382294061780912076e-01 2.885578968971827626e+08
1.446779753479788821e-01 2.831960096954495311e+08
1.514273780777332656e-01 2.932752963726903200e+08
1.584916486171791816e-01 2.794067294415041208e+08
1.658854759308886484e-01 2.621952351973415017e+08
1.736242342414167639e-01 2.507597069763938189e+08
1.817240149974163610e-01 2.202677292282069623e+08
1.902016603331038169e-01 2.222744989632140994e+08
1.990747980886495849e-01 2.040641514102526605e+08
2.083618784643124222e-01 2.053938608340894580e+08
2.180822123845329585e-01 1.738472264331493974e+08
2.282560116517592663e-01 1.695322840049027503e+08
2.389044309734965343e-01 1.651412903139486015e+08
2.500496119499697190e-01 1.566482076298671961e+08
2.617147291138638421e-01 1.405032560396252275e+08
2.739240381178740802e-01 1.382358084124463201e+08
2.867029261702632170e-01 1.279561407929870635e+08
3.000779648232989039e-01 1.193352584201118201e+08
3.140769652243355914e-01 1.108232925968263596e+08
3.287290359444262067e-01 1.013347213781136870e+08
3.440646435047088891e-01 9.514067371599154174e+07
3.601156757264223351e-01 8.939105803785422444e+07
3.769155080362766030e-01 8.359405735118335485e+07
3.944990728650497602e-01 7.952417071378439665e+07
4.129029322837124427e-01 7.547513744163894653e+07
4.321653540281166217e-01 6.762154041726806760e+07
4.523263910703274604e-01 6.422955418557544053e+07
4.734279649020536884e-01 5.952147163774389029e+07
4.955139527033520785e-01 5.624157881128954887e+07
5.186302785778565960e-01 5.048132439244610816e+07
5.428250090442419129e-01 4.890122498078500479e+07
5.681484529824789576e-01 4.470140470541650057e+07
5.946532662427046478e-01 4.181328786283860356e+07
6.223945611342215356e-01 3.907205748003011942e+07
6.514300210222929710e-01 3.624971877494820952e+07
6.818200202710160696e-01 3.347715363529939204e+07
7.136277497816758686e-01 3.111217137913614511e+07
7.469193483876155337e-01 2.830169665058516711e+07
7.817640403788362891e-01 2.719196496636668220e+07
8.182342794422867716e-01 2.502391804977227375e+07
8.564058993171398404e-01 2.334589975026017055e+07
8.963582714783228100e-01 2.136927571975453570e+07
9.381744701761730587e-01 1.981053282195742428e+07
9.819414451753946116e-01 1.825538352415165678e+07
1.027750202552496051e+00 1.699132459515320137e+07
1.075695993927647365e+00 1.548648136767856777e+07
1.125878514524432994e+00 1.423178156912497804e+07
1.178402110469330522e+00 1.337192628167450801e+07
1.233375995761962995e+00 1.223404692635068484e+07
1.290914479367274659e+00 1.143727159468009695e+07
1.351137202901832923e+00 1.046709958576272801e+07
1.414169389408483246e+00 9.765103272189563140e+06
1.480142103736643344e+00 8.801408791690690443e+06
1.549192525069651882e+00 8.192777004975438118e+06
1.621464232165851449e+00 7.453634023888404481e+06
1.697107501906508942e+00 6.792737423107571900e+06
1.776279621771362560e+00 6.213300462566363625e+06
1.859145216891527452e+00 5.703551074335078709e+06
1.945876592359817581e+00 5.180299337196707726e+06
2.036654091510258002e+00 4.680534469263099134e+06
2.131666470911770972e+00 4.280742139425126836e+06
2.231111292855769257e+00 3.903154359001705889e+06
2.335195336153773393e+00 3.552959062534114812e+06
2.444135026099235386e+00 3.242135963309132960e+06
2.558156884487600369e+00 2.972898497955036350e+06
2.677498000630348152e+00 2.708382098459240515e+06
2.802406524342412553e+00 2.458556315396997612e+06
2.933142181928062087e+00 2.261317776238400023e+06
