3.069976816238139533e-02 9.315244190048353672e+08
3.213194951921637121e-02 3.996828893949334621e+08
3.363094387046929729e-02 6.639114552210888863e+08
3.519986812322865172e-02 6.951503027112568617e+08
3.684198459207260745e-02 8.794987608559830189e+08
3.856070778250449138e-02 8.503666712088276148e+08
4.035961149084377197e-02 7.185865447930467129e+08
4.224243623533543990e-02 7.208908007502310276e+08
4.421309703392971302e-02 3.335920768285863996e+08
4.627569154490460829e-02 7.793793476379499435e+08
4.843450858725836805e-02 6.863966042927037477e+08
5.069403705858849252e-02 8.198084451028447151e+08
5.305897526900069106e-02 8.082357777905063629e+08
5.553424071045594268e-02 7.148678542992459536e+08
5.812498028186940946e-02 7.736220301248643398e+08
6.083658099122266766e-02 6.643475837307646275e+08
6.367468115694234487e-02 6.208378127431327105e+08
6.664518213183667772e-02 6.512595183457772732e+08
6.975426057396794111e-02 7.349001543279013634e+08
7.300838128997587384e-02 7.457493266284683943e+08
7.641431067755764805e-02 6.667447680057659149e+08
7.997913079505601652e-02 6.594800338301044703e+08
8.371025408741054885e-02 6.066702811843622923e+08
8.761543879909236554e-02 5.857968564655438662e+08
9.170280510607109470e-02 5.289757325329439640e+08
9.598085200035742781e-02 5.474070803689258099e+08
1.004584749622301765e-01 5.142651062076491117e+08
1.051449844568940195e-01 5.180573510285456777e+08
1.100501252940287722e-01 4.186495829617678523e+08
1.151840968904851020e-01 4.172458741615157723e+08
1.205575744782594882e-01 4.143190502502246499e+08
1.261817313018468445e-01 4.142291235243964791e+08
1.320682618511266337e-01 3.400964899346786737e+08
1.382294061780912076e-01 3.278869701097602844e+08
1.446779753479788821e-01 3.248168692559722662e+08
1.514273780777332656e-01 3.179797211274629235e+08
1.584916486171791816e-01 3.062721235799115896e+08
1.658854759308886484e-01 3.074680156333244443e+08
1.736242342414167639e-01 2.740629511755384207e+08
1.817240149974163610e-01 2.637230569501405358e+08
1.902016603331038169e-01 2.379272012787845135e+08
1.990747980886495849e-01 2.261393782543258071e+08
2.083618784643124222e-01 2.231663920812481344e+08
2.180822123845329585e-01 2.089985299797813296e+08
2.282560116517592663e-01 1.990185364287656546e+08
2.389044309734965343e-01 1.818016836370490193e+08
2.500496119499697190e-01 1.667808579493016303e+08
2.617147291138638421e-01 1.553619740772554278e+08
2.739240381178740802e-01 1.486696208810720742e+08
2.867029261702632170e-01 1.375493012142891288e+08
3.000779648232989039e-01 1.297723706982745379e+08
3.140769652243355914e-01 1.188723937899840176e+08
3.287290359444262067e-01 1.116374620447264463e+08
3.440646435047088891e-01 1.049846523906306773e+08
3.601156757264223351e-01 9.598649203217686713e+07
3.769155080362766030e-01 9.125414006660622358e+07
3.944990728650497602e-01 8.627968081552900374e+07
4.129029322837124427e-01 8.169467656344084442e+07
4.321653540281166217e-01 7.787349135384055972e+07
4.523263910703274604e-01 7.267354995478454232e+07
4.734279649020536884e-01 6.742572314473447204e+07
4.955139527033520785e-01 6.283299136011882126e+07
5.186302785778565960e-01 6.100155060574681312e+07
5.428250090442419129e-01 5.744968599981410801e+07
5.681484529824789576e-01 5.498575535287593305e+07
5.946532662427046478e-01 5.066367897471798956e+07
6.223945611342215356e-01 4.767547894164973497e+07
6.514300210222929710e-01 4.566935819837267697e+07
6.818200202710160696e-01 4.171958308599954098e+07
7.136277497816758686e-01 4.032060222852994502e+07
7.469193483876155337e-01 3.780033443493878841e+07
7.817640403788362891e-01 3.584513121701338887e+07
8.182342794422867716e-01 3.299663767651892081e+07
8.564058993171398404e-01 3.134873098732201010e+07
8.963582714783228100e-01 2.977058959788097441e+07
9.381744701761730587e-01 2.760207644459158182e+07
9.819414451753946116e-01 2.714055266165455431e+07
1.027750202552496051e+00 2.552650482031394541e+07
1.075695993927647365e+00 2.290970092209804431e+07
1.125878514524432994e+00 2.083654505668124557e+07
1.178402110469330522e+00 1.898944179569828510e+07
1.233375995761962995e+00 1.734084494547891989e+07
1.290914479367274659e+00 1.587676295506392047e+07
1.351137202901832923e+00 1.468743423155471683e+07
1.414169389408483246e+00 1.341207895724941045e+07
1.480142103736643344e+00 1.218372851980008185e+07
1.549192525069651882e+00 1.111911269317676313e+07
1.621464232165851449e+00 1.004178870012541860e+07
1.697107501906508942e+00 9.032452098219132051e+06
1.776279621771362560e+00 8.182017965603238903e+06
1.859145216891527452e+00 7.433296831413856708e+06
1.945876592359817581e+00 6.770641727810980752e+06
2.036654091510258002e+00 6.032203606710067950e+06
2.131666470911770972e+00 5.481494600938372314e+06
2.231111292855769257e+00 4.911295725363958627e+06
2.335195336153773393e+00 4.375431343650040217e+06
2.444135026099235386e+00 3.948206226003922988e+06
2.558156884487600369e+00 3.559443354728505015e+06
2.677498000630348152e+00 3.153303756800675765e+06
2.802406524342412553e+00 2.767660855094057973e+06
2.933142181928062087e+00 2.464848314533978235e+06
