3.069976816238139533e-02 7.381424581620755196e+08
3.213194951921637121e-02 7.070710186466090679e+08
3.363094387046929729e-02 8.062362508143063784e+08
3.519986812322865172e-02 7.851513006878757477e+08
3.684198459207260745e-02 9.452237651507389545e+08
3.856070778250449138e-02 6.566182722293078899e+08
4.035961149084377197e-02 5.877515961626448631e+08
4.224243623533543990e-02 7.718166607928014994e+08
4.421309703392971302e-02 8.099019106416132450e+08
4.627569154490460829e-02 6.442052312985279560e+08
4.843450858725836805e-02 6.515086424689054489e+08
5.069403705858849252e-02 6.522697445450534821e+08
5.305897526900069106e-02 6.073675461129132509e+08
5.553424071045594268e-02 7.743589135682913065e+08
5.812498028186940946e-02 5.799359437937526703e+08
6.083658099122266766e-02 5.464312272890793085e+08
6.367468115694234487e-02 5.374398477487578392e+08
6.664518213183667772e-02 5.824798962466334105e+08
6.975426057396794111e-02 5.492328692714599371e+08
7.300838128997587384e-02 4.229543794318004251e+08
7.641431067755764805e-02 5.271775949946459532e+08
7.997913079505601652e-02 4.896539838531962633e+08
8.371025408741054885e-02 4.440066145246217251e+08
8.761543879909236554e-02 4.708772132439979315e+08
9.170280510607109470e-02 3.963588721399421692e+08
9.598085200035742781e-02 4.256997677296432853e+08
1.004584749622301765e-01 3.950840921392435431e+08
1.051449844568940195e-01 3.877773293145986199e+08
1.100501252940287722e-01 3.577459734831010103e+08
1.151840968904851020e-01 3.532910140947412848e+08
1.205575744782594882e-01 3.369496552230360508e+08
1.261817313018468445e-01 3.384899368547093868e+08
1.320682618511266337e-01 3.276932187497509122e+08
1.382294061780912076e-01 3.033548159710884094e+08
1.446779753479788821e-01 2.920715831304268837e+08
1.514273780777332656e-01 2.930958296011558175e+08
1.584916486171791816e-01 2.627107747882265747e+08
1.658854759308886484e-01 2.427549396818346679e+08
1.736242342414167639e-01 2.454639896607879698e+08
1.817240149974163610e-01 2.246960936505156755e+08
1.902016603331038169e-01 2.105827599250736833e+08
1.990747980886495849e-01 1.965863780525830686e+08
2.083618784643124222e-01 1.763036789255011678e+08
2.180822123845329585e-01 1.791883728782662749e+08
2.282560116517592663e-01 1.633690154672214091e+08
2.389044309734965343e-01 1.548848819645279348e+08
2.500496119499697190e-01 1.540600586572389305e+08
2.617147291138638421e-01 1.397809669140022993e+08
2.739240381178740802e-01 1.353501819550101757e+08
2.867029261702632170e-01 1.161137332088114470e+08
3.000779648232989039e-01 1.119451388842692226e+08
3.140769652243355914e-01 1.059883543045021594e+08
3.287290359444262067e-01 1.006155204965037107e+08
3.440646435047088891e-01 9.746839576633113623e+07
3.601156757264223351e-01 8.962187764389188588e+07
3.769155080362766030e-01 8.167909750169362128e+07
3.944990728650497602e-01 7.926606677404174209e+07
4.129029322837124427e-01 7.245856077966482937e+07
4.321653540281166217e-01 6.663730970836569369e+07
4.523263910703274604e-01 6.356985604607696831e+07
4.734279649020536884e-01 6.056070591401687264e+07
4.955139527033520785e-01 5.504287200383548439e+07
5.186302785778565960e-01 5.108694240488319099e+07
5.428250090442419129e-01 4.747342839660176635e+07
5.681484529824789576e-01 4.505070591752361506e+07
5.946532662427046478e-01 4.076546007501176000e+07
6.223945611342215356e-01 3.970272480554884672e+07
6.514300210222929710e-01 3.633625356887046993e+07
6.818200202710160696e-01 3.368614620567557216e+07
7.136277497816758686e-01 3.067570953490166739e+07
7.469193483876155337e-01 2.877948627398510277e+07
7.817640403788362891e-01 2.631996863644398004e+07
8.182342794422867716e-01 2.492625822915900126e+07
8.564058993171398404e-01 2.299152209116852283e+07
8.963582714783228100e-01 2.098059767521542311e+07
9.381744701761730587e-01 1.973476989852268249e+07
9.819414451753946116e-01 1.831669746528308094e+07
1.027750202552496051e+00 1.677732009605430067e+07
1.075695993927647365e+00 1.546186109219963849e+07
1.125878514524432994e+00 1.449299089639674313e+07
1.178402110469330522e+00 1.332398686271743849e+07
1.233375995761962995e+00 1.236424313286360726e+07
1.290914479367274659e+00 1.139811495302403904e+07
1.351137202901832923e+00 1.052458117662651837e+07
1.414169389408483246e+00 9.902827006169101223e+06
1.480142103736643344e+00 8.903570754983438179e+06
1.549192525069651882e+00 8.205498619124946184e+06
1.621464232165851449e+00 7.525067490590096451e+06
1.697107501906508942e+00 6.885728418837768957e+06
1.776279621771362560e+00 6.288656455627833493e+06
1.859145216891527452e+00 5.724035734548483044e+06
1.945876592359817581e+00 5.188269172161867842e+06
2.036654091510258002e+00 4.781848318672463298e+06
2.131666470911770972e+00 4.282853553321917541e+06
2.231111292855769257e+00 3.848234950742734130e+06
2.335195336153773393e+00 3.589637315743757412e+06
2.444135026099235386e+00 3.268141234087976627e+06
2.558156884487600369e+00 2.979857455648819916e+06
2.677498000630348152e+00 2.722435658864546567e+06
2.802406524342412553e+00 2.499352377132368740e+06
2.933142181928062087e+00 2.259155169516823255e+06
