3.069976816238139533e-02 9.175476799830631018e+08
3.213194951921637121e-02 9.955933831681826115e+08
3.363094387046929729e-02 1.003481677716275692e+09
3.519986812322865172e-02 1.029571976402987838e+09
3.684198459207260745e-02 1.261860428112486124e+09
3.856070778250449138e-02 9.224150580567725897e+08
4.035961149084377197e-02 8.738054867402783632e+08
4.224243623533543990e-02 9.166793670584639311e+08
4.421309703392971302e-02 9.894150627623789310e+08
4.627569154490460829e-02 7.516747356599537134e+08
4.843450858725836805e-02 1.062922187561939120e+09
5.069403705858849252e-02 8.161943770073945522e+08
5.305897526900069106e-02 8.379054969534242153e+08
5.553424071045594268e-02 8.425545985195609331e+08
5.812498028186940946e-02 8.591466571384704113e+08
6.083658099122266766e-02 6.712290784030693769e+08
6.367468115694234487e-02 6.087594503569442034e+08
6.664518213183667772e-02 7.253046376884869337e+08
6.975426057396794111e-02 6.137154266514766216e+08
7.300838128997587384e-02 5.753729179353899956e+08
7.641431067755764805e-02 6.112858314204564095e+08
7.997913079505601652e-02 5.350964094072079659e+08
8.371025408741054885e-02 5.330973571108415127e+08
8.761543879909236554e-02 5.031369737850673795e+08
9.170280510607109470e-02 4.702928711981649399e+08
9.598085200035742781e-02 3.947778289459459186e+08
1.004584749622301765e-01 4.665854022703643441e+08
1.051449844568940195e-01 3.980566432485231757e+08
1.100501252940287722e-01 4.053845470966966748e+08
1.151840968904851020e-01 3.899222326361160874e+08
1.205575744782594882e-01 3.668475928615641594e+08
1.261817313018468445e-01 3.157842273018001914e+08
1.320682618511266337e-01 3.013045424339417219e+08
1.382294061780912076e-01 3.084810477602361441e+08
1.446779753479788821e-01 2.945785635772105455e+08
1.514273780777332656e-01 2.971588858399238586e+08
1.584916486171791816e-01 2.654532618662854135e+08
1.658854759308886484e-01 2.537147583800324202e+08
1.736242342414167639e-01 2.344377899876050353e+08
1.817240149974163610e-01 2.359913941756905615e+08
1.902016603331038169e-01 2.201701116205689609e+08
1.990747980886495849e-01 2.005398105064827204e+08
2.083618784643124222e-01 1.937711542467521727e+08
2.180822123845329585e-01 1.916551896401625872e+08
2.282560116517592663e-01 1.696575469067690074e+08
2.389044309734965343e-01 1.646345453372697532e+08
2.500496119499697190e-01 1.472658405478124619e+08
2.617147291138638421e-01 1.402547134494708478e+08
2.739240381178740802e-01 1.342737428479887545e+08
2.867029261702632170e-01 1.254836568034307361e+08
3.000779648232989039e-01 1.218987671621307582e+08
3.140769652243355914e-01 1.086932413182232827e+08
3.287290359444262067e-01 1.055437141642055362e+08
3.440646435047088891e-01 1.029020260333378166e+08
3.601156757264223351e-01 9.376641997453467548e+07
3.769155080362766030e-01 8.669734268646034598e+07
3.944990728650497602e-01 8.174414604789818823e+07
4.129029322837124427e-01 7.342034221494919062e+07
4.321653540281166217e-01 7.000547735754220188e+07
4.523263910703274604e-01 6.396399409245032072e+07
4.734279649020536884e-01 6.121463614945322275e+07
4.955139527033520785e-01 5.746275104131770134e+07
5.186302785778565960e-01 5.512516667377623916e+07
5.428250090442419129e-01 5.051044442164368927e+07
5.681484529824789576e-01 4.644459359976010770e+07
5.946532662427046478e-01 4.435000636439295858e+07
6.223945611342215356e-01 4.024480770651695877e+07
6.514300210222929710e-01 3.829570436148355156e+07
6.818200202710160696e-01 3.594311269374161214e+07
7.136277497816758686e-01 3.226942720493669808e+07
7.469193483876155337e-01 2.991299683691574261e+07
7.817640403788362891e-01 2.813910466773127392e+07
8.182342794422867716e-01 2.611033505068062246e+07
8.564058993171398404e-01 2.376129193786871806e+07
8.963582714783228100e-01 2.232857600648269802e+07
9.381744701761730587e-01 2.072276578735317290e+07
9.819414451753946116e-01 1.903653823149129748e+07
1.027750202552496051e+00 1.800396638606775925e+07
1.075695993927647365e+00 1.619813697693489306e+07
1.125878514524432994e+00 1.520480167234157957e+07
1.178402110469330522e+00 1.425315745804525353e+07
1.233375995761962995e+00 1.322581810619022138e+07
1.290914479367274659e+00 1.220747585476498678e+07
1.351137202901832923e+00 1.134641815697563440e+07
1.414169389408483246e+00 1.033145475234498456e+07
1.480142103736643344e+00 9.602043938842494041e+06
1.549192525069651882e+00 8.979040585932470858e+06
1.621464232165851449e+00 8.135254560563945211e+06
1.697107501906508942e+00 7.368456496386895888e+06
1.776279621771362560e+00 6.704949332522344775e+06
1.859145216891527452e+00 6.078900884031926282e+06
1.945876592359817581e+00 5.518660812394752167e+06
2.036654091510258002e+00 4.926080628240089864e+06
2.131666470911770972e+00 4.503752637287714519e+06
2.231111292855769257e+00 4.085506325712920167e+06
2.335195336153773393e+00 3.737117546033018269e+06
2.444135026099235386e+00 3.375494645969959442e+06
2.558156884487600369e+00 3.105737063452584669e+06
2.677498000630348152e+00 2.853335635908745229e+06
2.802406524342412553e+00 2.572598212685158942e+06
2.933142181928062087e+00 2.343467968042841181e+06
