3.069976816238139533e-02 7.360902221428070068e+08
3.213194951921637121e-02 6.733698992379288673e+08
3.363094387046929729e-02 4.449034272183397412e+08
3.519986812322865172e-02 6.351296865960969925e+08
3.684198459207260745e-02 5.454403942544879913e+08
3.856070778250449138e-02 3.863148857607092261e+08
4.035961149084377197e-02 5.430999473318961859e+08
4.224243623533543990e-02 5.841911755334879160e+08
4.421309703392971302e-02 5.175783908912494183e+08
4.627569154490460829e-02 4.283092902956663370e+08
4.843450858725836805e-02 4.771185843539783359e+08
5.069403705858849252e-02 4.100833742285917997e+08
5.305897526900069106e-02 4.944147799285359979e+08
5.553424071045594268e-02 4.874793193071904182e+08
5.812498028186940946e-02 3.918133601698886752e+08
6.083658099122266766e-02 3.712872414550613165e+08
6.367468115694234487e-02 4.281349733832992315e+08
6.664518213183667772e-02 3.767158262897216678e+08
6.975426057396794111e-02 4.078099138497180343e+08
7.300838128997587384e-02 4.876510634845923781e+08
7.641431067755764805e-02 4.518438677324160337e+08
7.997913079505601652e-02 3.422849034654527307e+08
8.371025408741054885e-02 4.089361384568982720e+08
8.761543879909236554e-02 3.926125523866291642e+08
9.170280510607109470e-02 4.007194860974466801e+08
9.598085200035742781e-02 3.579145953733128905e+08
1.004584749622301765e-01 3.828171717264966369e+08
1.051449844568940195e-01 3.658757354016402960e+08
1.100501252940287722e-01 3.258743095831577182e+08
1.151840968904851020e-01 3.055375707393580079e+08
1.205575744782594882e-01 3.326655056373389363e+08
1.261817313018468445e-01 3.364048355465983152e+08
1.320682618511266337e-01 2.995206853840216994e+08
1.382294061780912076e-01 2.789315825290002227e+08
1.446779753479788821e-01 2.898384130117622614e+08
1.514273780777332656e-01 2.823097482997175455e+08
1.584916486171791816e-01 2.715177659236037731e+08
1.658854759308886484e-01 2.572870077207405865e+08
1.736242342414167639e-01 2.428681457348199785e+08
1.817240149974163610e-01 2.264776460970638096e+08
1.902016603331038169e-01 2.082477155504364967e+08
1.990747980886495849e-01 2.049051321541099548e+08
2.083618784643124222e-01 2.000527253326558769e+08
2.180822123845329585e-01 1.818552912820841074e+08
2.282560116517592663e-01 1.721631286116558015e+08
2.389044309734965343e-01 1.598401556423463821e+08
2.500496119499697190e-01 1.548803206090000570e+08
2.617147291138638421e-01 1.415593042574622631e+08
2.739240381178740802e-01 1.419225603097794056e+08
2.867029261702632170e-01 1.241595597666463852e+08
3.000779648232989039e-01 1.169943216849032938e+08
3.140769652243355914e-01 1.062199637376950234e+08
3.287290359444262067e-01 1.025893615535980314e+08
3.440646435047088891e-01 9.176901041291807592e+07
3.601156757264223351e-01 9.089264908759301901e+07
3.769155080362766030e-01 8.349313325640420616e+07
3.944990728650497602e-01 7.757647921840463579e+07
4.129029322837124427e-01 7.239884390297843516e+07
4.321653540281166217e-01 6.810326312862128019e+07
4.523263910703274604e-01 6.195593424157905579e+07
4.734279649020536884e-01 5.920022731130177528e+07
4.955139527033520785e-01 5.513179789464887977e+07
5.186302785778565960e-01 5.132118172749996930e+07
5.428250090442419129e-01 4.824157377310264856e+07
5.681484529824789576e-01 4.546403901706624031e+07
5.946532662427046478e-01 4.236371397265579551e+07
6.223945611342215356e-01 3.862626848682616651e+07
6.514300210222929710e-01 3.694236061491259933e+07
6.818200202710160696e-01 3.271571063381458446e+07
7.136277497816758686e-01 3.100777409786440060e+07
7.469193483876155337e-01 2.923593345705791190e+07
7.817640403788362891e-01 2.662494087867850810e+07
8.182342794422867716e-01 2.536517398220339417e+07
8.564058993171398404e-01 2.304246936480183527e+07
8.963582714783228100e-01 2.188686336649526283e+07
9.381744701761730587e-01 1.980408057922777534e+07
9.819414451753946116e-01 1.850405164742463082e+07
1.027750202552496051e+00 1.706073252162924409e+07
1.075695993927647365e+00 1.577815539455196820e+07
1.125878514524432994e+00 1.450037193646056764e+07
1.178402110469330522e+00 1.351614111769977398e+07
1.233375995761962995e+00 1.231553194636476599e+07
1.290914479367274659e+00 1.144413591367824376e+07
1.351137202901832923e+00 1.056830278821413219e+07
1.414169389408483246e+00 9.829751629111189395e+06
1.480142103736643344e+00 8.882462252639997751e+06
1.549192525069651882e+00 8.174206428354035132e+06
1.621464232165851449e+00 7.457917920726873912e+06
1.697107501906508942e+00 6.830861587235284038e+06
1.776279621771362560e+00 6.302173177691919729e+06
1.859145216891527452e+00 5.711383765727296472e+06
1.945876592359817581e+00 5.233116543076672591e+06
2.036654091510258002e+00 4.674279820478909649e+06
2.131666470911770972e+00 4.293841843137666583e+06
2.231111292855769257e+00 3.884742032822758891e+06
2.335195336153773393e+00 3.550535850287254434e+06
2.444135026099235386e+00 3.235224039366877638e+06
2.558156884487600369e+00 2.976676718486943748e+06
2.677498000630348152e+00 2.700384797015037853e+06
2.802406524342412553e+00 2.469934887425344437e+06
2.933142181928062087e+00 2.223915937446308322e+06
