3.069976816238139533e-02 1.117323688805001974e+09
3.213194951921637121e-02 6.055285021351575851e+08
3.363094387046929729e-02 7.852525914360077381e+08
3.519986812322865172e-02 6.950021700543314219e+08
3.684198459207260745e-02 6.505990857829895020e+08
3.856070778250449138e-02 6.811481487351292372e+08
4.035961149084377197e-02 7.228322826099276543e+08
4.224243623533543990e-02 5.380395008306231499e+08
4.421309703392971302e-02 5.398771877434095144e+08
4.627569154490460829e-02 5.122279215937358141e+08
4.843450858725836805e-02 6.891944337905797958e+08
5.069403705858849252e-02 5.577176462286517620e+08
5.305897526900069106e-02 3.874321910668861270e+08
5.553424071045594268e-02 3.543537187614265680e+08
5.812498028186940946e-02 2.930260164014320374e+08
6.083658099122266766e-02 4.175176412810442448e+08
6.367468115694234487e-02 4.049358878143005967e+08
6.664518213183667772e-02 4.021180622211532593e+08
6.975426057396794111e-02 3.439188473564924598e+08
7.300838128997587384e-02 3.453857831221587062e+08
7.641431067755764805e-02 3.121963144977838397e+08
7.997913079505601652e-02 3.066489003450808525e+08
8.371025408741054885e-02 2.816466214266749024e+08
8.761543879909236554e-02 2.686421762881156206e+08
9.170280510607109470e-02 2.454331105732723773e+08
9.598085200035742781e-02 2.952243870351225138e+08
1.004584749622301765e-01 2.367132256730114520e+08
1.051449844568940195e-01 2.333454050173218250e+08
1.100501252940287722e-01 2.474218371909798384e+08
1.151840968904851020e-01 2.341846235798250139e+08
1.205575744782594882e-01 2.246398608356165886e+08
1.261817313018468445e-01 2.265143110295893550e+08
1.320682618511266337e-01 2.076589345600857139e+08
1.382294061780912076e-01 1.987433696643457115e+08
1.446779753479788821e-01 1.860086511176559031e+08
1.514273780777332656e-01 1.669518685954831839e+08
1.584916486171791816e-01 1.714005610318741500e+08
1.658854759308886484e-01 1.775455132828477919e+08
1.736242342414167639e-01 1.758765969860331714e+08
1.817240149974163610e-01 1.545014387515869737e+08
1.902016603331038169e-01 1.541348145094200969e+08
1.990747980886495849e-01 1.409986806662524045e+08
2.083618784643124222e-01 1.364958324120064974e+08
2.180822123845329585e-01 1.308727359567396045e+08
2.282560116517592663e-01 1.212972873665904552e+08
2.389044309734965343e-01 1.131167797540526390e+08
2.500496119499697190e-01 1.056118679075334519e+08
2.617147291138638421e-01 9.734762339527946711e+07
2.739240381178740802e-01 9.637887928483633697e+07
2.867029261702632170e-01 8.596971399607788026e+07
3.000779648232989039e-01 7.945324278357946873e+07
3.140769652243355914e-01 7.540462601426802576e+07
3.287290359444262067e-01 7.195862049249932170e+07
3.440646435047088891e-01 6.540844572315407544e+07
3.601156757264223351e-01 5.980628554166378081e+07
3.769155080362766030e-01 5.779318004623626918e+07
3.944990728650497602e-01 5.533703400875390321e+07
4.129029322837124427e-01 5.145244606823673844e+07
4.321653540281166217e-01 4.716224171649061143e+07
4.523263910703274604e-01 4.587601099803409725e+07
4.734279649020536884e-01 4.416587583329062909e+07
4.955139527033520785e-01 4.206700155401878804e+07
5.186302785778565960e-01 3.984142195026755333e+07
5.428250090442419129e-01 3.831533584970410913e+07
5.681484529824789576e-01 3.562687211776152253e+07
5.946532662427046478e-01 3.490406813650385290e+07
6.223945611342215356e-01 3.163569830931322649e+07
6.514300210222929710e-01 3.001256399975569919e+07
6.818200202710160696e-01 2.965719607583360001e+07
7.136277497816758686e-01 2.714696538718061894e+07
7.469193483876155337e-01 2.542935602828796953e+07
7.817640403788362891e-01 2.421766745761168748e+07
8.182342794422867716e-01 2.278045960670972615e+07
8.564058993171398404e-01 2.156784190930387378e+07
8.963582714783228100e-01 2.031394562157148123e+07
9.381744701761730587e-01 1.905768033208929375e+07
9.819414451753946116e-01 1.777962244089178741e+07
1.027750202552496051e+00 1.660577912577368692e+07
1.075695993927647365e+00 1.584896115405756049e+07
1.125878514524432994e+00 1.445688284869349375e+07
1.178402110469330522e+00 1.340342118958125263e+07
1.233375995761962995e+00 1.243104871740326658e+07
1.290914479367274659e+00 1.128036807142321579e+07
1.351137202901832923e+00 1.062767274710036069e+07
1.414169389408483246e+00 9.878228644602578133e+06
1.480142103736643344e+00 9.048304388498928398e+06
1.549192525069651882e+00 8.540591674341045320e+06
1.621464232165851449e+00 8.032427262827367522e+06
1.697107501906508942e+00 7.554772382788331248e+06
1.776279621771362560e+00 6.780035304955150932e+06
1.859145216891527452e+00 6.187800267865006812e+06
1.945876592359817581e+00 5.475626813920458779e+06
2.036654091510258002e+00 5.049577918518017046e+06
2.131666470911770972e+00 4.539848167605529539e+06
2.231111292855769257e+00 4.092032630275866948e+06
2.335195336153773393e+00 3.722097263072913047e+06
2.444135026099235386e+00 3.379575175416593906e+06
2.558156884487600369e+00 2.967432561208804604e+06
2.677498000630348152e+00 2.641737374636410270e+06
2.802406524342412553e+00 2.362487352774533909e+06
2.933142181928062087e+00 2.141644946951352526e+06
