3.069976816238139533e-02 5.151187662823204994e+08
3.213194951921637121e-02 6.624704217087936401e+08
3.363094387046929729e-02 3.352663268764530420e+08
3.519986812322865172e-02 3.900068498340562582e+08
3.684198459207260745e-02 3.333582681394709349e+08
3.856070778250449138e-02 4.470317111076781750e+08
4.035961149084377197e-02 3.529341786731827259e+08
4.224243623533543990e-02 3.451313090802895427e+08
4.421309703392971302e-02 4.795044328336610198e+08
4.627569154490460829e-02 4.137293999673240781e+08
4.843450858725836805e-02 3.942572381549429297e+08
5.069403705858849252e-02 4.288361522323498130e+08
5.305897526900069106e-02 4.490762881446474195e+08
5.553424071045594268e-02 3.947335050777084231e+08
5.812498028186940946e-02 3.386813364187191725e+08
6.083658099122266766e-02 4.831889127695395947e+08
6.367468115694234487e-02 4.368158430046383739e+08
6.664518213183667772e-02 4.001173814491744041e+08
6.975426057396794111e-02 4.049351086821898818e+08
7.300838128997587384e-02 3.983855527587217689e+08
7.641431067755764805e-02 3.913823149421027303e+08
7.997913079505601652e-02 3.734555297367768288e+08
8.371025408741054885e-02 3.810522560292374492e+08
8.761543879909236554e-02 4.036051178635128140e+08
9.170280510607109470e-02 3.992562540277197957e+08
9.598085200035742781e-02 3.453398037780801654e+08
1.004584749622301765e-01 3.347785740102687478e+08
1.051449844568940195e-01 3.271362127365134358e+08
1.100501252940287722e-01 3.294394101569571495e+08
1.151840968904851020e-01 3.196049287872295976e+08
1.205575744782594882e-01 3.045161078121154308e+08
1.261817313018468445e-01 2.911740898095398545e+08
1.320682618511266337e-01 2.806954720663397908e+08
1.382294061780912076e-01 2.726139695723252296e+08
1.446779753479788821e-01 2.748723834796223044e+08
1.514273780777332656e-01 2.668846589964064062e+08
1.584916486171791816e-01 2.483309397795732319e+08
1.658854759308886484e-01 2.375044737163563371e+08
1.736242342414167639e-01 2.105015883979101479e+08
1.817240149974163610e-01 2.238655493895701170e+08
1.902016603331038169e-01 2.016816345010374784e+08
1.990747980886495849e-01 2.047912153709951937e+08
2.083618784643124222e-01 1.783084583419567943e+08
2.180822123845329585e-01 1.797672972922250330e+08
2.282560116517592663e-01 1.605706525553579926e+08
2.389044309734965343e-01 1.572229781319962144e+08
2.500496119499697190e-01 1.464225485340667963e+08
2.617147291138638421e-01 1.357759833014305234e+08
2.739240381178740802e-01 1.324371719281043559e+08
2.867029261702632170e-01 1.249733810390460342e+08
3.000779648232989039e-01 1.119096369087872505e+08
3.140769652243355914e-01 1.090452425354195684e+08
3.287290359444262067e-01 1.029444959990267456e+08
3.440646435047088891e-01 9.495773865508460999e+07
3.601156757264223351e-01 8.906590689473468065e+07
3.769155080362766030e-01 8.247305899518537521e+07
3.944990728650497602e-01 7.767772855258609354e+07
4.129029322837124427e-01 7.127651596710357070e+07
4.321653540281166217e-01 6.715170648636007309e+07
4.523263910703274604e-01 6.416337755912631005e+07
4.734279649020536884e-01 5.918549704208823293e+07
4.955139527033520785e-01 5.613238486337319762e+07
5.186302785778565960e-01 5.121651348075155914e+07
5.428250090442419129e-01 4.768900755409294367e+07
5.681484529824789576e-01 4.344064451444599777e+07
5.946532662427046478e-01 4.209358785414903611e+07
6.223945611342215356e-01 3.912355023135547340e+07
6.514300210222929710e-01 3.617161999516407400e+07
6.818200202710160696e-01 3.321673829304945469e+07
7.136277497816758686e-01 3.093637785196695477e+07
7.469193483876155337e-01 2.875746328378255665e+07
7.817640403788362891e-01 2.666271768442150578e+07
8.182342794422867716e-01 2.410621489941033721e+07
8.564058993171398404e-01 2.295433468798805773e+07
8.963582714783228100e-01 2.058165336105831340e+07
9.381744701761730587e-01 1.952438341148431599e+07
9.819414451753946116e-01 1.802034369392099231e+07
1.027750202552496051e+00 1.712834821613360941e+07
1.075695993927647365e+00 1.555647704101443663e+07
1.125878514524432994e+00 1.421165533633112535e+07
1.178402110469330522e+00 1.333964139778728597e+07
1.233375995761962995e+00 1.206989715123014338e+07
1.290914479367274659e+00 1.134094726419790648e+07
1.351137202901832923e+00 1.047365699320270494e+07
1.414169389408483246e+00 9.563050194612285122e+06
1.480142103736643344e+00 8.878063348270269111e+06
1.549192525069651882e+00 8.127236970371739008e+06
1.621464232165851449e+00 7.358751222673123702e+06
1.697107501906508942e+00 6.765262628781044856e+06
1.776279621771362560e+00 6.231056452163808048e+06
1.859145216891527452e+00 5.669329512975863181e+06
1.945876592359817581e+00 5.214811986549894325e+06
2.036654091510258002e+00 4.745793548575021327e+06
2.131666470911770972e+00 4.257530316599805839e+06
2.231111292855769257e+00 3.881047091063062660e+06
2.335195336153773393e+00 3.550260224013938103e+06
2.444135026099235386e+00 3.246677842200516723e+06
2.558156884487600369e+00 2.965122415744855069e+06
2.677498000630348152e+00 2.724078205413610209e+06
2.802406524342412553e+00 2.478863731980930548e+06
2.933142181928062087e+00 2.257796275948349852e+06
