3.069976816238139533e-02 5.548297350783737898e+08
3.213194951921637121e-02 3.842171421295452118e+08
3.363094387046929729e-02 6.991556750618367195e+08
3.519986812322865172e-02 4.349401955033614635e+08
3.684198459207260745e-02 3.910773833331754208e+08
3.856070778250449138e-02 4.493250184378861189e+08
4.035961149084377197e-02 4.201408444362826347e+08
4.224243623533543990e-02 5.105100511242974401e+08
4.421309703392971302e-02 6.200490338834985495e+08
4.627569154490460829e-02 6.298059207604370117e+08
4.843450858725836805e-02 5.776378701841778755e+08
5.069403705858849252e-02 4.342310210834040046e+08
5.305897526900069106e-02 5.501673375207405090e+08
5.553424071045594268e-02 5.390396941172958612e+08
5.812498028186940946e-02 5.331679697023240328e+08
6.083658099122266766e-02 5.427484567255375385e+08
6.367468115694234487e-02 4.833199857532098293e+08
6.664518213183667772e-02 4.262916569846616983e+08
6.975426057396794111e-02 4.011126382778575420e+08
7.300838128997587384e-02 4.477959446036210060e+08
7.641431067755764805e-02 4.359398126418117285e+08
7.997913079505601652e-02 4.535323500505053401e+08
8.371025408741054885e-02 3.997039453141747713e+08
8.761543879909236554e-02 3.860386856405466199e+08
9.170280510607109470e-02 3.711080143320586681e+08
9.598085200035742781e-02 4.020753608650925159e+08
1.004584749622301765e-01 3.263983539725320935e+08
1.051449844568940195e-01 3.797175278787117600e+08
1.100501252940287722e-01 3.160998223738758564e+08
1.151840968904851020e-01 3.274114398049416542e+08
1.205575744782594882e-01 3.341352379172576070e+08
1.261817313018468445e-01 2.882943606581622362e+08
1.320682618511266337e-01 3.187088410728792548e+08
1.382294061780912076e-01 2.877526400565806031e+08
1.446779753479788821e-01 2.919889664369701147e+08
1.514273780777332656e-01 2.620490902320503294e+08
1.584916486171791816e-01 2.585034039763607681e+08
1.658854759308886484e-01 2.315897398393119276e+08
1.736242342414167639e-01 2.281532893539959192e+08
1.817240149974163610e-01 2.263697138419099152e+08
1.902016603331038169e-01 1.960645423435300291e+08
1.990747980886495849e-01 1.921767422445361018e+08
2.083618784643124222e-01 1.836646833853035867e+08
2.180822123845329585e-01 1.695946009854369760e+08
2.282560116517592663e-01 1.576135887112327814e+08
2.389044309734965343e-01 1.545707847172465324e+08
2.500496119499697190e-01 1.511091211383979023e+08
2.617147291138638421e-01 1.378126330171647668e+08
2.739240381178740802e-01 1.283990669905492663e+08
2.867029261702632170e-01 1.161644384692081511e+08
3.000779648232989039e-01 1.124407529155951142e+08
3.140769652243355914e-01 1.052238905114941001e+08
3.287290359444262067e-01 9.766660208757758141e+07
3.440646435047088891e-01 8.817499059991535544e+07
3.601156757264223351e-01 8.664782057160899043e+07
3.769155080362766030e-01 8.128736795499844849e+07
3.944990728650497602e-01 7.525360971162509918e+07
4.129029322837124427e-01 7.228887562462590635e+07
4.321653540281166217e-01 6.473627671547661722e+07
4.523263910703274604e-01 6.170031842499970645e+07
4.734279649020536884e-01 5.804107820595353097e+07
4.955139527033520785e-01 5.350048863611261547e+07
5.186302785778565960e-01 4.922313193702320009e+07
5.428250090442419129e-01 4.595063208620235324e+07
5.681484529824789576e-01 4.346609102063929290e+07
5.946532662427046478e-01 4.028137583055303991e+07
6.223945611342215356e-01 3.901987294332791865e+07
6.514300210222929710e-01 3.527698634568648785e+07
6.818200202710160696e-01 3.213682527835514024e+07
7.136277497816758686e-01 3.024116376119889319e+07
7.469193483876155337e-01 2.853767684611842781e+07
7.817640403788362891e-01 2.593356549750120938e+07
8.182342794422867716e-01 2.425291868666172400e+07
8.564058993171398404e-01 2.296299941930076107e+07
8.963582714783228100e-01 2.077186415495431796e+07
9.381744701761730587e-01 1.918994563782234117e+07
9.819414451753946116e-01 1.825275319441620260e+07
1.027750202552496051e+00 1.669827380325854011e+07
1.075695993927647365e+00 1.548290441965868324e+07
1.125878514524432994e+00 1.421756745067065582e+07
1.178402110469330522e+00 1.316087098161463439e+07
1.233375995761962995e+00 1.216748690423990786e+07
1.290914479367274659e+00 1.140772184406462871e+07
1.351137202901832923e+00 1.043499549119022302e+07
1.414169389408483246e+00 9.682607832013627514e+06
1.480142103736643344e+00 9.000328052358798683e+06
1.549192525069651882e+00 8.197868443521752954e+06
1.621464232165851449e+00 7.589424658224993385e+06
1.697107501906508942e+00 6.862431602730633691e+06
1.776279621771362560e+00 6.292387463354775682e+06
1.859145216891527452e+00 5.720248563204984181e+06
1.945876592359817581e+00 5.172955295916581526e+06
2.036654091510258002e+00 4.742598881196150556e+06
2.131666470911770972e+00 4.280690263436331414e+06
2.231111292855769257e+00 3.866339048058975488e+06
2.335195336153773393e+00 3.559165225644598715e+06
2.444135026099235386e+00 3.233711587979752105e+06
2.558156884487600369e+00 3.006361525185786653e+06
2.677498000630348152e+00 2.733431375748357736e+06
2.802406524342412553e+00 2.477903606020966545e+06
2.933142181928062087e+00 2.281759119925436098e+06
