3.069976816238139533e-02 3.516881482509391308e+08
3.213194951921637121e-02 7.594681101717137098e+08
3.363094387046929729e-02 4.144683699492619038e+08
3.519986812322865172e-02 4.511341966379193664e+08
3.684198459207260745e-02 6.166673670080856085e+08
3.856070778250449138e-02 5.027061558822410703e+08
4.035961149084377197e-02 4.521923906730304956e+08
4.224243623533543990e-02 4.806119880487387180e+08
4.421309703392971302e-02 4.303090703955640197e+08
4.627569154490460829e-02 3.300429124679420590e+08
4.843450858725836805e-02 2.765326973756867647e+08
5.069403705858849252e-02 5.741831794871129990e+08
5.305897526900069106e-02 4.347467611884556413e+08
5.553424071045594268e-02 5.409844114993613958e+08
5.812498028186940946e-02 4.115179535706748962e+08
6.083658099122266766e-02 4.161299606901347637e+08
6.367468115694234487e-02 4.116319895384632945e+08
6.664518213183667772e-02 5.042775221254338622e+08
6.975426057396794111e-02 4.600804213400291204e+08
7.300838128997587384e-02 4.554540360364127159e+08
7.641431067755764805e-02 3.468891782316421866e+08
7.997913079505601652e-02 3.994096241022878289e+08
8.371025408741054885e-02 4.667591877860739231e+08
8.761543879909236554e-02 4.014338357274775505e+08
9.170280510607109470e-02 3.968692801485106945e+08
9.598085200035742781e-02 3.377095339808256030e+08
1.004584749622301765e-01 3.866746706818884611e+08
1.051449844568940195e-01 3.636567427056998014e+08
1.100501252940287722e-01 3.590972527716577649e+08
1.151840968904851020e-01 3.645020394850072861e+08
1.205575744782594882e-01 3.528655023441160917e+08
1.261817313018468445e-01 3.531222792408198118e+08
1.320682618511266337e-01 3.156474869127422571e+08
1.382294061780912076e-01 3.191582833405783772e+08
1.446779753479788821e-01 3.001495928915933371e+08
1.514273780777332656e-01 2.804210450080131888e+08
1.584916486171791816e-01 2.618462741304113567e+08
1.658854759308886484e-01 2.476148401158153117e+08
1.736242342414167639e-01 2.470843051694648266e+08
1.817240149974163610e-01 2.286225057006033957e+08
1.902016603331038169e-01 2.168564793539280891e+08
1.990747980886495849e-01 2.040044362577983737e+08
2.083618784643124222e-01 1.992604241016265154e+08
2.180822123845329585e-01 1.866133715980431437e+08
2.282560116517592663e-01 1.787848625683974624e+08
2.389044309734965343e-01 1.638448820228799284e+08
2.500496119499697190e-01 1.442335828703153729e+08
2.617147291138638421e-01 1.478823544618979096e+08
2.739240381178740802e-01 1.287446758428527415e+08
2.867029261702632170e-01 1.231408527241028845e+08
3.000779648232989039e-01 1.177971846823355854e+08
3.140769652243355914e-01 1.114962402631656826e+08
3.287290359444262067e-01 1.035586131082700044e+08
3.440646435047088891e-01 9.468267992232199013e+07
3.601156757264223351e-01 8.904300780097322166e+07
3.769155080362766030e-01 8.338219353469678760e+07
3.944990728650497602e-01 7.858025079605793953e+07
4.129029322837124427e-01 7.339327342620368302e+07
4.321653540281166217e-01 6.691872452082778513e+07
4.523263910703274604e-01 6.421108428682933003e+07
4.734279649020536884e-01 5.750361786982487887e+07
4.955139527033520785e-01 5.552388616818779707e+07
5.186302785778565960e-01 5.127909996770264953e+07
5.428250090442419129e-01 4.653665659499673545e+07
5.681484529824789576e-01 4.478191656315976381e+07
5.946532662427046478e-01 4.108339198625715077e+07
6.223945611342215356e-01 3.822615303366728872e+07
6.514300210222929710e-01 3.594199278638375551e+07
6.818200202710160696e-01 3.344196008795667067e+07
7.136277497816758686e-01 3.123340758074074239e+07
7.469193483876155337e-01 2.898719413434169069e+07
7.817640403788362891e-01 2.703618623264085874e+07
8.182342794422867716e-01 2.522807027108628675e+07
8.564058993171398404e-01 2.300400658805177733e+07
8.963582714783228100e-01 2.114052862443839759e+07
9.381744701761730587e-01 1.932952570866370574e+07
9.819414451753946116e-01 1.802948514584663510e+07
1.027750202552496051e+00 1.649850152055348270e+07
1.075695993927647365e+00 1.535424920893626101e+07
1.125878514524432994e+00 1.425001561321352981e+07
1.178402110469330522e+00 1.321243880818603002e+07
1.233375995761962995e+00 1.227597107417118177e+07
1.290914479367274659e+00 1.135756522577130049e+07
1.351137202901832923e+00 1.034050750097189099e+07
1.414169389408483246e+00 9.653740941949384287e+06
1.480142103736643344e+00 8.779842032459499314e+06
1.549192525069651882e+00 8.103845530453536659e+06
1.621464232165851449e+00 7.454712069955877960e+06
1.697107501906508942e+00 6.896330505443658680e+06
1.776279621771362560e+00 6.252115272144374438e+06
1.859145216891527452e+00 5.695859929484800436e+06
1.945876592359817581e+00 5.136503194066487253e+06
2.036654091510258002e+00 4.701479443603665568e+06
2.131666470911770972e+00 4.226847799396497197e+06
2.231111292855769257e+00 3.872325273526708595e+06
2.335195336153773393e+00 3.587845410256620497e+06
2.444135026099235386e+00 3.258978633726079017e+06
2.558156884487600369e+00 2.946723372123174369e+06
2.677498000630348152e+00 2.692701876440151129e+06
2.802406524342412553e+00 2.453276698444926180e+06
2.933142181928062087e+00 2.239814811236373615e+06
