3.069976816238139533e-02 8.499185766932049990e+08
3.213194951921637121e-02 1.198210973785799980e+09
3.363094387046929729e-02 1.467956066792291164e+09
3.519986812322865172e-02 1.268051923811888695e+09
3.684198459207260745e-02 1.261510289940058708e+09
3.856070778250449138e-02 1.143762350863211155e+09
4.035961149084377197e-02 1.236195911193655491e+09
4.224243623533543990e-02 9.703985953175306320e+08
4.421309703392971302e-02 1.156032758855330229e+09
4.627569154490460829e-02 9.288140914321765900e+08
4.843450858725836805e-02 7.820333001763434410e+08
5.069403705858849252e-02 8.871145508858108521e+08
5.305897526900069106e-02 9.861875092118415833e+08
5.553424071045594268e-02 8.515939103189721107e+08
5.812498028186940946e-02 8.199941150269430876e+08
6.083658099122266766e-02 7.227975991255543232e+08
6.367468115694234487e-02 6.757270272026952505e+08
6.664518213183667772e-02 7.133858445025690794e+08
6.975426057396794111e-02 5.191477733159800768e+08
7.300838128997587384e-02 5.720796559306808710e+08
7.641431067755764805e-02 6.326186141784822941e+08
7.997913079505601652e-02 5.227808890597790480e+08
8.371025408741054885e-02 4.573026409116178155e+08
8.761543879909236554e-02 4.804676497952414751e+08
9.170280510607109470e-02 4.766188248039009571e+08
9.598085200035742781e-02 3.615108732903107405e+08
1.004584749622301765e-01 3.926500734436156750e+08
1.051449844568940195e-01 3.663588447725173831e+08
1.100501252940287722e-01 3.687944332171535492e+08
1.151840968904851020e-01 3.359966163424181938e+08
1.205575744782594882e-01 3.648026582767561674e+08
1.261817313018468445e-01 3.151612000317269564e+08
1.320682618511266337e-01 2.789880613725479841e+08
1.382294061780912076e-01 2.974470719750489593e+08
1.446779753479788821e-01 2.969171507985005975e+08
1.514273780777332656e-01 2.643797119422522485e+08
1.584916486171791816e-01 2.469043420785129666e+08
1.658854759308886484e-01 2.337136889202984571e+08
1.736242342414167639e-01 2.192619801704285741e+08
1.817240149974163610e-01 2.151365608957297504e+08
1.902016603331038169e-01 2.074618605702225268e+08
1.990747980886495849e-01 1.991871501914225519e+08
2.083618784643124222e-01 1.813422439293159544e+08
2.180822123845329585e-01 1.767210699800898731e+08
2.282560116517592663e-01 1.633709437754459083e+08
2.389044309734965343e-01 1.601217985241388381e+08
2.500496119499697190e-01 1.446151735946206748e+08
2.617147291138638421e-01 1.380402461147276461e+08
2.739240381178740802e-01 1.277226466597342193e+08
2.867029261702632170e-01 1.211220282628063262e+08
3.000779648232989039e-01 1.178917897394218147e+08
3.140769652243355914e-01 1.141764100042830110e+08
3.287290359444262067e-01 1.006763008230004311e+08
3.440646435047088891e-01 9.488219006143815815e+07
3.601156757264223351e-01 8.798050221137551963e+07
3.769155080362766030e-01 7.956329245817971230e+07
3.944990728650497602e-01 7.454705749943788350e+07
4.129029322837124427e-01 7.179869669510598481e+07
4.321653540281166217e-01 6.566795004236873984e+07
4.523263910703274604e-01 6.273193712297302485e+07
4.734279649020536884e-01 5.758505205556690693e+07
4.955139527033520785e-01 5.551960390425889939e+07
5.186302785778565960e-01 5.045149043665996194e+07
5.428250090442419129e-01 4.797929336216725409e+07
5.681484529824789576e-01 4.439866820660020411e+07
5.946532662427046478e-01 4.355472664063504338e+07
6.223945611342215356e-01 3.963020823190312088e+07
6.514300210222929710e-01 3.609412846802259982e+07
6.818200202710160696e-01 3.426374663375345618e+07
7.136277497816758686e-01 3.127249992855262756e+07
7.469193483876155337e-01 2.921931829136547446e+07
7.817640403788362891e-01 2.632986008438015357e+07
8.182342794422867716e-01 2.511348799297840521e+07
8.564058993171398404e-01 2.307247238737673685e+07
8.963582714783228100e-01 2.128606746217165142e+07
9.381744701761730587e-01 1.999243649311888218e+07
9.819414451753946116e-01 1.851563962719375640e+07
1.027750202552496051e+00 1.694391982991380617e+07
1.075695993927647365e+00 1.594944739637955837e+07
1.125878514524432994e+00 1.448363618911397830e+07
1.178402110469330522e+00 1.342030476145942509e+07
1.233375995761962995e+00 1.243501801510886848e+07
1.290914479367274659e+00 1.140259969346457347e+07
1.351137202901832923e+00 1.055062202056004666e+07
1.414169389408483246e+00 9.685385237661276013e+06
1.480142103736643344e+00 8.998988254625169560e+06
1.549192525069651882e+00 8.273740296397376806e+06
1.621464232165851449e+00 7.548722662467935123e+06
1.697107501906508942e+00 6.995753652558674105e+06
1.776279621771362560e+00 6.322301977829580195e+06
1.859145216891527452e+00 5.751878373897611164e+06
1.945876592359817581e+00 5.213975168317966163e+06
2.036654091510258002e+00 4.694174683098080568e+06
2.131666470911770972e+00 4.253309524839215912e+06
2.231111292855769257e+00 3.892079291097930633e+06
2.335195336153773393e+00 3.552413798001240939e+06
2.444135026099235386e+00 3.208043676440478768e+06
2.558156884487600369e+00 2.922044422511014156e+06
2.677498000630348152e+00 2.653721295461079106e+06
2.802406524342412553e+00 2.439986945959227160e+06
2.933142181928062087e+00 2.253596859017494600e+06
