3.069976816238139533e-02 1.492313965216166973e+09
3.213194951921637121e-02 2.137654163447275877e+09
3.363094387046929729e-02 2.462586559746119022e+09
3.519986812322865172e-02 1.964778651369550943e+09
3.684198459207260745e-02 1.446825476506552696e+09
3.856070778250449138e-02 1.252741174179216862e+09
4.035961149084377197e-02 1.111004207851536512e+09
4.224243623533543990e-02 8.609487819687002897e+08
4.421309703392971302e-02 8.192898149663773775e+08
4.627569154490460829e-02 7.496927747493534088e+08
4.843450858725836805e-02 7.341529755154999495e+08
5.069403705858849252e-02 7.583476463896639347e+08
5.305897526900069106e-02 9.424973191486294270e+08
5.553424071045594268e-02 9.837301069310190678e+08
5.812498028186940946e-02 8.727312079327460527e+08
6.083658099122266766e-02 7.280066110792430639e+08
6.367468115694234487e-02 7.398396740011634827e+08
6.664518213183667772e-02 7.394730679627587795e+08
6.975426057396794111e-02 7.994216935987019539e+08
7.300838128997587384e-02 9.353741230512975454e+08
7.641431067755764805e-02 1.194783451758044720e+09
7.997913079505601652e-02 8.531991971996113062e+08
8.371025408741054885e-02 6.526774060620697737e+08
8.761543879909236554e-02 5.948027468299233913e+08
9.170280510607109470e-02 7.060699004115070105e+08
9.598085200035742781e-02 6.242369130912089348e+08
1.004584749622301765e-01 5.285590666232752204e+08
1.051449844568940195e-01 5.221681473123638630e+08
1.100501252940287722e-01 4.854841708676262498e+08
1.151840968904851020e-01 4.184302586172387004e+08
1.205575744782594882e-01 4.366532282482226491e+08
1.261817313018468445e-01 3.771711289181508422e+08
1.320682618511266337e-01 3.879586704950821400e+08
1.382294061780912076e-01 4.083776073940601945e+08
1.446779753479788821e-01 4.379710753669160604e+08
1.514273780777332656e-01 3.254176528633993864e+08
1.584916486171791816e-01 2.990840787669196129e+08
1.658854759308886484e-01 2.640589851207516491e+08
1.736242342414167639e-01 2.768299445631503463e+08
1.817240149974163610e-01 2.596496722721700072e+08
1.902016603331038169e-01 2.310352074819451272e+08
1.990747980886495849e-01 2.212205257736655474e+08
2.083618784643124222e-01 2.147844970994116366e+08
2.180822123845329585e-01 2.052585855522907376e+08
2.282560116517592663e-01 1.907103358646868467e+08
2.389044309734965343e-01 1.962189288179676235e+08
2.500496119499697190e-01 1.725018220887307227e+08
2.617147291138638421e-01 1.613738359247993827e+08
2.739240381178740802e-01 1.472635624592271149e+08
2.867029261702632170e-01 1.370754495987531543e+08
3.000779648232989039e-01 1.183951126098022014e+08
3.140769652243355914e-01 1.049171984580925256e+08
3.287290359444262067e-01 9.869077385386487842e+07
3.440646435047088891e-01 9.006796294534891844e+07
3.601156757264223351e-01 8.111069197363005579e+07
3.769155080362766030e-01 7.709886268643367290e+07
3.944990728650497602e-01 7.022461836491227150e+07
4.129029322837124427e-01 6.183145713357521594e+07
4.321653540281166217e-01 5.276302047248619050e+07
4.523263910703274604e-01 4.963972535484239459e+07
4.734279649020536884e-01 4.270088080877685547e+07
4.955139527033520785e-01 3.927040425401072204e+07
5.186302785778565960e-01 3.694138606455197930e+07
5.428250090442419129e-01 3.266596269848779589e+07
5.681484529824789576e-01 2.730158261293179542e+07
5.946532662427046478e-01 2.465972793603396043e+07
6.223945611342215356e-01 2.212441431194693223e+07
6.514300210222929710e-01 2.011471887683278695e+07
6.818200202710160696e-01 1.810031572967220843e+07
7.136277497816758686e-01 1.654354785413290560e+07
7.469193483876155337e-01 1.493725765376195684e+07
7.817640403788362891e-01 1.315560745616797358e+07
8.182342794422867716e-01 1.200197650010026060e+07
8.564058993171398404e-01 1.108217479730629176e+07
8.963582714783228100e-01 1.036446460481710359e+07
9.381744701761730587e-01 9.618393304794671014e+06
9.819414451753946116e-01 8.680512142344659194e+06
1.027750202552496051e+00 7.908029175065050833e+06
1.075695993927647365e+00 7.285872303109555505e+06
1.125878514524432994e+00 6.546007672097794712e+06
1.178402110469330522e+00 5.803647196873782203e+06
1.233375995761962995e+00 5.250650670494347811e+06
1.290914479367274659e+00 4.901615149917006493e+06
1.351137202901832923e+00 4.452123679841929115e+06
1.414169389408483246e+00 4.057677229445161298e+06
1.480142103736643344e+00 3.707554045350076631e+06
1.549192525069651882e+00 3.458224378450368065e+06
1.621464232165851449e+00 3.155827256387245841e+06
1.697107501906508942e+00 2.793555935633738991e+06
1.776279621771362560e+00 2.543908196624271106e+06
1.859145216891527452e+00 2.290793350675412454e+06
1.945876592359817581e+00 2.211170223775856197e+06
2.036654091510258002e+00 1.985514846477818443e+06
2.131666470911770972e+00 1.847839990911941277e+06
2.231111292855769257e+00 1.689549502476372756e+06
2.335195336153773393e+00 1.486050625603644410e+06
2.444135026099235386e+00 1.311366001557244686e+06
2.558156884487600369e+00 1.129389160062279785e+06
2.677498000630348152e+00 1.006050736732202233e+06
2.802406524342412553e+00 8.766933800554141635e+05
2.933142181928062087e+00 7.517144469099885318e+05
