3.069976816238139533e-02 9.506905862426983118e+08
3.213194951921637121e-02 1.460403536856081963e+09
3.363094387046929729e-02 1.067493723884407163e+09
3.519986812322865172e-02 1.513991085390372992e+09
3.684198459207260745e-02 1.127898055951269388e+09
3.856070778250449138e-02 9.387383107702133656e+08
4.035961149084377197e-02 8.266401958099539280e+08
4.224243623533543990e-02 1.129558807366955280e+09
4.421309703392971302e-02 7.995578167418061495e+08
4.627569154490460829e-02 8.335936112772674561e+08
4.843450858725836805e-02 7.670193813956629038e+08
5.069403705858849252e-02 7.767389268421647549e+08
5.305897526900069106e-02 6.849929666287447214e+08
5.553424071045594268e-02 7.205416651821787357e+08
5.812498028186940946e-02 6.372031172328513861e+08
6.083658099122266766e-02 6.962644128946597576e+08
6.367468115694234487e-02 7.579709939965814352e+08
6.664518213183667772e-02 6.489316781573519707e+08
6.975426057396794111e-02 7.139540555686876774e+08
7.300838128997587384e-02 4.621267429650324583e+08
7.641431067755764805e-02 5.608782661063507795e+08
7.997913079505601652e-02 5.239510178270603418e+08
8.371025408741054885e-02 5.301218564128461480e+08
8.761543879909236554e-02 4.905650902214736938e+08
9.170280510607109470e-02 4.383705510976212025e+08
9.598085200035742781e-02 4.188073777924624681e+08
1.004584749622301765e-01 4.529122754321553111e+08
1.051449844568940195e-01 4.079144880716096163e+08
1.100501252940287722e-01 3.779981811365293264e+08
1.151840968904851020e-01 3.714190739001155496e+08
1.205575744782594882e-01 3.741000990479199886e+08
1.261817313018468445e-01 3.226908824701287150e+08
1.320682618511266337e-01 3.558659320018237233e+08
1.382294061780912076e-01 3.023916027406589985e+08
1.446779753479788821e-01 3.010065793630182743e+08
1.514273780777332656e-01 2.840662762805101275e+08
1.584916486171791816e-01 2.589211531699736118e+08
1.658854759308886484e-01 2.437008855401825607e+08
1.736242342414167639e-01 2.381948595190024972e+08
1.817240149974163610e-01 2.212770224276984930e+08
1.902016603331038169e-01 2.034775115439979136e+08
1.990747980886495849e-01 2.056409354420013726e+08
2.083618784643124222e-01 1.892156419199001193e+08
2.180822123845329585e-01 1.870084975222040415e+08
2.282560116517592663e-01 1.756575754294360280e+08
2.389044309734965343e-01 1.621805267345548570e+08
2.500496119499697190e-01 1.510254973525454104e+08
2.617147291138638421e-01 1.370044348610577881e+08
2.739240381178740802e-01 1.358570232430865467e+08
2.867029261702632170e-01 1.284576367012536377e+08
3.000779648232989039e-01 1.221098238173897266e+08
3.140769652243355914e-01 1.121111325557345003e+08
3.287290359444262067e-01 1.029579664549988955e+08
3.440646435047088891e-01 9.474770265398298204e+07
3.601156757264223351e-01 9.047142194385516644e+07
3.769155080362766030e-01 8.458954216288997233e+07
3.944990728650497602e-01 8.143932682040175796e+07
4.129029322837124427e-01 7.297925469381992519e+07
4.321653540281166217e-01 6.638428350077877939e+07
4.523263910703274604e-01 6.409382509095687419e+07
4.734279649020536884e-01 6.202193232921517640e+07
4.955139527033520785e-01 5.644540920382608473e+07
5.186302785778565960e-01 5.195287878392510861e+07
5.428250090442419129e-01 4.974541977105429024e+07
5.681484529824789576e-01 4.556991902642084658e+07
5.946532662427046478e-01 4.289423601550900191e+07
6.223945611342215356e-01 4.094813042972218245e+07
6.514300210222929710e-01 3.574194788288929313e+07
6.818200202710160696e-01 3.392031842973530293e+07
7.136277497816758686e-01 3.184053313955187798e+07
7.469193483876155337e-01 2.910684618724622577e+07
7.817640403788362891e-01 2.725058025587358698e+07
8.182342794422867716e-01 2.493781244307742640e+07
8.564058993171398404e-01 2.304184590731519461e+07
8.963582714783228100e-01 2.119525536886826530e+07
9.381744701761730587e-01 1.985677210027311742e+07
9.819414451753946116e-01 1.799109667668876797e+07
1.027750202552496051e+00 1.697896014913163334e+07
1.075695993927647365e+00 1.574442394149890728e+07
1.125878514524432994e+00 1.515619467266944051e+07
1.178402110469330522e+00 1.381913158583310433e+07
1.233375995761962995e+00 1.255251095472967066e+07
1.290914479367274659e+00 1.158500290372631326e+07
1.351137202901832923e+00 1.073469847138847969e+07
1.414169389408483246e+00 9.859478608126046136e+06
1.480142103736643344e+00 8.963753089805843309e+06
1.549192525069651882e+00 8.348924457059215754e+06
1.621464232165851449e+00 7.542705140256060287e+06
1.697107501906508942e+00 7.003563968601091765e+06
1.776279621771362560e+00 6.330817590130678378e+06
1.859145216891527452e+00 5.818625337333307602e+06
1.945876592359817581e+00 5.191448496325287037e+06
2.036654091510258002e+00 4.813947845778821036e+06
2.131666470911770972e+00 4.379989670707168058e+06
2.231111292855769257e+00 3.965314471131071448e+06
2.335195336153773393e+00 3.611386509051545989e+06
2.444135026099235386e+00 3.275882907632273156e+06
2.558156884487600369e+00 2.975290396971347742e+06
2.677498000630348152e+00 2.718433896421117708e+06
2.802406524342412553e+00 2.516384318193165585e+06
2.933142181928062087e+00 2.283946955133670475e+06
