3.069976816238139533e-02 7.716188080962862968e+08
3.213194951921637121e-02 5.121002175988213420e+08
3.363094387046929729e-02 5.574249217610583305e+08
3.519986812322865172e-02 6.006868307339395285e+08
3.684198459207260745e-02 5.561637640992896557e+08
3.856070778250449138e-02 5.866560378450956345e+08
4.035961149084377197e-02 6.398008497986050844e+08
4.224243623533543990e-02 5.414727381081036329e+08
4.421309703392971302e-02 5.132733357862761021e+08
4.627569154490460829e-02 5.939810648390771151e+08
4.843450858725836805e-02 4.187831355430129766e+08
5.069403705858849252e-02 5.484622361360347271e+08
5.305897526900069106e-02 5.980706033019874096e+08
5.553424071045594268e-02 5.134397299095498323e+08
5.812498028186940946e-02 5.204398335541092753e+08
6.083658099122266766e-02 5.252400669383091927e+08
6.367468115694234487e-02 5.458242429307637215e+08
6.664518213183667772e-02 5.410468141325155497e+08
6.975426057396794111e-02 4.620209680985293984e+08
7.300838128997587384e-02 4.298661020380034447e+08
7.641431067755764805e-02 4.616649756822706461e+08
7.997913079505601652e-02 4.694763376325109005e+08
8.371025408741054885e-02 4.580334369139805436e+08
8.761543879909236554e-02 4.659255177872062922e+08
9.170280510607109470e-02 4.203647996469212174e+08
9.598085200035742781e-02 3.702948669838172793e+08
1.004584749622301765e-01 3.983992663774346709e+08
1.051449844568940195e-01 3.331816292835811377e+08
1.100501252940287722e-01 3.312177848293447495e+08
1.151840968904851020e-01 3.688556634121529460e+08
1.205575744782594882e-01 3.358714704605248570e+08
1.261817313018468445e-01 3.200873170381084085e+08
1.320682618511266337e-01 2.964443355437189341e+08
1.382294061780912076e-01 2.881942012292050719e+08
1.446779753479788821e-01 2.709987605386134386e+08
1.514273780777332656e-01 2.586739118385765553e+08
1.584916486171791816e-01 2.755609449920810461e+08
1.658854759308886484e-01 2.345397401501245499e+08
1.736242342414167639e-01 2.407304276188437939e+08
1.817240149974163610e-01 2.168263837654237151e+08
1.902016603331038169e-01 2.105749317727496028e+08
1.990747980886495849e-01 1.943268903368873894e+08
2.083618784643124222e-01 1.820937178246890903e+08
2.180822123845329585e-01 1.718537456082509160e+08
2.282560116517592663e-01 1.684601177806351781e+08
2.389044309734965343e-01 1.580079131010022461e+08
2.500496119499697190e-01 1.530999779628597498e+08
2.617147291138638421e-01 1.340193448949100077e+08
2.739240381178740802e-01 1.295735461539720893e+08
2.867029261702632170e-01 1.191188330469009578e+08
3.000779648232989039e-01 1.161309564651246816e+08
3.140769652243355914e-01 1.078091101842340082e+08
3.287290359444262067e-01 9.915702028727664053e+07
3.440646435047088891e-01 9.211264406285980344e+07
3.601156757264223351e-01 8.935594279482391477e+07
3.769155080362766030e-01 8.312484478989465535e+07
3.944990728650497602e-01 7.678366206622815132e+07
4.129029322837124427e-01 7.162899877686771750e+07
4.321653540281166217e-01 6.718384470027579367e+07
4.523263910703274604e-01 6.146267394123778492e+07
4.734279649020536884e-01 5.877445203629909456e+07
4.955139527033520785e-01 5.480908820554015785e+07
5.186302785778565960e-01 4.948020247664183378e+07
5.428250090442419129e-01 4.658348219051004201e+07
5.681484529824789576e-01 4.363148771864372492e+07
5.946532662427046478e-01 4.157502690183164179e+07
6.223945611342215356e-01 3.848425331646373123e+07
6.514300210222929710e-01 3.547037122974254936e+07
6.818200202710160696e-01 3.277472671609145403e+07
7.136277497816758686e-01 3.051476707730630040e+07
7.469193483876155337e-01 2.786371101770690084e+07
7.817640403788362891e-01 2.639225387836199999e+07
8.182342794422867716e-01 2.478147066295529902e+07
8.564058993171398404e-01 2.316717165215910599e+07
8.963582714783228100e-01 2.094665816468190774e+07
9.381744701761730587e-01 1.935052688002601266e+07
9.819414451753946116e-01 1.803770661199819297e+07
1.027750202552496051e+00 1.637084446547472291e+07
1.075695993927647365e+00 1.537910571076861769e+07
1.125878514524432994e+00 1.412518637942176312e+07
1.178402110469330522e+00 1.330539302082374133e+07
1.233375995761962995e+00 1.240563361440032907e+07
1.290914479367274659e+00 1.118748547954016924e+07
1.351137202901832923e+00 1.037481493669843301e+07
1.414169389408483246e+00 9.534327862031523138e+06
1.480142103736643344e+00 8.907370736302476376e+06
1.549192525069651882e+00 8.099749602857612073e+06
1.621464232165851449e+00 7.382112460278700106e+06
1.697107501906508942e+00 6.822758441942847334e+06
1.776279621771362560e+00 6.243649873025262728e+06
1.859145216891527452e+00 5.676941560535165481e+06
1.945876592359817581e+00 5.220956950139011256e+06
2.036654091510258002e+00 4.705566619353645481e+06
2.131666470911770972e+00 4.334902223071217537e+06
2.231111292855769257e+00 3.882886248325218912e+06
2.335195336153773393e+00 3.526246196851489134e+06
2.444135026099235386e+00 3.198459969102425501e+06
2.558156884487600369e+00 2.919515279547531158e+06
2.677498000630348152e+00 2.678989310538302176e+06
2.802406524342412553e+00 2.456602399172380567e+06
2.933142181928062087e+00 2.232593934653006960e+06
