3.069976816238139533e-02 3.415604867267707586e+08
3.213194951921637121e-02 4.063991638421576023e+08
3.363094387046929729e-02 5.551590568746552467e+08
3.519986812322865172e-02 4.790989027593709230e+08
3.684198459207260745e-02 3.733885468741199970e+08
3.856070778250449138e-02 5.630561098456356525e+08
4.035961149084377197e-02 5.745587383200492859e+08
4.224243623533543990e-02 3.936057285496761203e+08
4.421309703392971302e-02 4.688899767924622297e+08
4.627569154490460829e-02 4.440770847077370882e+08
4.843450858725836805e-02 4.073335677683218718e+08
5.069403705858849252e-02 4.037419054703214169e+08
5.305897526900069106e-02 3.612914507596830130e+08
5.553424071045594268e-02 4.776126231126195788e+08
5.812498028186940946e-02 4.206556347262848616e+08
6.083658099122266766e-02 4.392839335084834099e+08
6.367468115694234487e-02 3.618782183037035465e+08
6.664518213183667772e-02 4.135384585088391900e+08
6.975426057396794111e-02 3.070053967360380292e+08
7.300838128997587384e-02 4.453331770089623928e+08
7.641431067755764805e-02 3.777526211487525702e+08
7.997913079505601652e-02 4.001765236108434796e+08
8.371025408741054885e-02 4.005467286785941124e+08
8.761543879909236554e-02 3.635791444191166162e+08
9.170280510607109470e-02 3.487756443689927459e+08
9.598085200035742781e-02 3.854515252597460151e+08
1.004584749622301765e-01 3.411770312271328568e+08
1.051449844568940195e-01 3.619006075045792460e+08
1.100501252940287722e-01 3.512760758604824543e+08
1.151840968904851020e-01 3.312765378391023278e+08
1.205575744782594882e-01 3.078932748852229118e+08
1.261817313018468445e-01 3.392062119302085638e+08
1.320682618511266337e-01 3.094615898893743753e+08
1.382294061780912076e-01 2.804064844460837245e+08
1.446779753479788821e-01 2.800508584168095589e+08
1.514273780777332656e-01 2.696207982118415833e+08
1.584916486171791816e-01 2.579422170355874598e+08
1.658854759308886484e-01 2.530476830592274070e+08
1.736242342414167639e-01 2.403635517279715240e+08
1.817240149974163610e-01 2.009817641047363877e+08
1.902016603331038169e-01 2.071405628251743019e+08
1.990747980886495849e-01 1.983581150543642044e+08
2.083618784643124222e-01 1.928121224462331235e+08
2.180822123845329585e-01 1.874579925251035392e+08
2.282560116517592663e-01 1.719274040383005142e+08
2.389044309734965343e-01 1.573971854654020369e+08
2.500496119499697190e-01 1.493089091591282487e+08
2.617147291138638421e-01 1.391206183247132599e+08
2.739240381178740802e-01 1.287010435165187418e+08
2.867029261702632170e-01 1.185739292627539486e+08
3.000779648232989039e-01 1.153549440775338411e+08
3.140769652243355914e-01 1.047334641841391623e+08
3.287290359444262067e-01 1.031161306242282391e+08
3.440646435047088891e-01 9.557098844999721646e+07
3.601156757264223351e-01 8.681049765845850110e+07
3.769155080362766030e-01 8.478825681224761903e+07
3.944990728650497602e-01 7.555384473335693777e+07
4.129029322837124427e-01 7.495063398047173023e+07
4.321653540281166217e-01 6.736002107001017034e+07
4.523263910703274604e-01 6.135578541460081190e+07
4.734279649020536884e-01 5.777324407921265811e+07
4.955139527033520785e-01 5.348985801280162483e+07
5.186302785778565960e-01 5.035757077965075523e+07
5.428250090442419129e-01 4.685198129758902639e+07
5.681484529824789576e-01 4.430160529779532552e+07
5.946532662427046478e-01 4.100261525112759322e+07
6.223945611342215356e-01 3.880891196275053173e+07
6.514300210222929710e-01 3.559775165835501254e+07
6.818200202710160696e-01 3.308043944986842200e+07
7.136277497816758686e-01 3.055206574549111351e+07
7.469193483876155337e-01 2.867896814824101329e+07
7.817640403788362891e-01 2.598883146194766462e+07
8.182342794422867716e-01 2.461998990360136330e+07
8.564058993171398404e-01 2.265974493414580822e+07
8.963582714783228100e-01 2.065370232296800241e+07
9.381744701761730587e-01 1.947528236104858294e+07
9.819414451753946116e-01 1.764280125868775696e+07
1.027750202552496051e+00 1.657842186959446594e+07
1.075695993927647365e+00 1.529105658281704597e+07
1.125878514524432994e+00 1.409822422263068333e+07
1.178402110469330522e+00 1.314372383226690069e+07
1.233375995761962995e+00 1.212410513446957059e+07
1.290914479367274659e+00 1.130052262599413842e+07
1.351137202901832923e+00 1.034194734698216990e+07
1.414169389408483246e+00 9.521439335821470246e+06
1.480142103736643344e+00 8.765247804533382878e+06
1.549192525069651882e+00 8.042405039568589069e+06
1.621464232165851449e+00 7.417488678798169829e+06
1.697107501906508942e+00 6.786235785710571334e+06
1.776279621771362560e+00 6.092117211133064702e+06
1.859145216891527452e+00 5.678861299020307139e+06
1.945876592359817581e+00 5.191476232183392160e+06
2.036654091510258002e+00 4.668834244765640236e+06
2.131666470911770972e+00 4.313647958360053599e+06
2.231111292855769257e+00 3.904919286840969231e+06
2.335195336153773393e+00 3.525861443700924516e+06
2.444135026099235386e+00 3.206299421331360471e+06
2.558156884487600369e+00 2.966992940798860043e+06
2.677498000630348152e+00 2.693034099715793505e+06
2.802406524342412553e+00 2.454205237947218120e+06
2.933142181928062087e+00 2.221139733407463878e+06
