3.069976816238139533e-02 1.165808671302246094e+09
3.213194951921637121e-02 8.703007133861608505e+08
3.363094387046929729e-02 1.004724801628079414e+09
3.519986812322865172e-02 1.156850517956778288e+09
3.684198459207260745e-02 9.456886167102035284e+08
3.856070778250449138e-02 1.330118093876161337e+09
4.035961149084377197e-02 8.683706788504018784e+08
4.224243623533543990e-02 9.465896638592998981e+08
4.421309703392971302e-02 7.159228845280576944e+08
4.627569154490460829e-02 8.600649392253334522e+08
4.843450858725836805e-02 6.639054512043333054e+08
5.069403705858849252e-02 6.943104423465633392e+08
5.305897526900069106e-02 6.377206351461081505e+08
5.553424071045594268e-02 4.493366607146199942e+08
5.812498028186940946e-02 4.374453689080953002e+08
6.083658099122266766e-02 5.291120593232737780e+08
6.367468115694234487e-02 3.729941863354753852e+08
6.664518213183667772e-02 4.325816131193538904e+08
6.975426057396794111e-02 4.761952088766475916e+08
7.300838128997587384e-02 4.001000422789171338e+08
7.641431067755764805e-02 3.977981823785972595e+08
7.997913079505601652e-02 4.062897006207370162e+08
8.371025408741054885e-02 3.982665068732600808e+08
8.761543879909236554e-02 4.367377708583990932e+08
9.170280510607109470e-02 3.596069832692108154e+08
9.598085200035742781e-02 3.531840058510915041e+08
1.004584749622301765e-01 3.592069061605376005e+08
1.051449844568940195e-01 3.654873050234509706e+08
1.100501252940287722e-01 3.084092503473953009e+08
1.151840968904851020e-01 3.224823219170967937e+08
1.205575744782594882e-01 3.052531385701955557e+08
1.261817313018468445e-01 3.250980777178988457e+08
1.320682618511266337e-01 3.142059923472129703e+08
1.382294061780912076e-01 2.965749615565190315e+08
1.446779753479788821e-01 3.018590425135296583e+08
1.514273780777332656e-01 2.564071839670217633e+08
1.584916486171791816e-01 2.460340256242426336e+08
1.658854759308886484e-01 2.369162342869587541e+08
1.736242342414167639e-01 2.487693709578208327e+08
1.817240149974163610e-01 2.227264497826808989e+08
1.902016603331038169e-01 2.072500168467772305e+08
1.990747980886495849e-01 1.946593824997246265e+08
2.083618784643124222e-01 1.901901067652837038e+08
2.180822123845329585e-01 1.810344983870551884e+08
2.282560116517592663e-01 1.680338135362180769e+08
2.389044309734965343e-01 1.670419569775557220e+08
2.500496119499697190e-01 1.508570052667804360e+08
2.617147291138638421e-01 1.365397345116373599e+08
2.739240381178740802e-01 1.333604008115025908e+08
2.867029261702632170e-01 1.279200206680216342e+08
3.000779648232989039e-01 1.118657457557589263e+08
3.140769652243355914e-01 1.080314382300590724e+08
3.287290359444262067e-01 1.008077419552241564e+08
3.440646435047088891e-01 9.600826600443573296e+07
3.601156757264223351e-01 8.752309388339333236e+07
3.769155080362766030e-01 8.424582215654511750e+07
3.944990728650497602e-01 7.703710433475886285e+07
4.129029322837124427e-01 7.237227399544382095e+07
4.321653540281166217e-01 6.815588661120906472e+07
4.523263910703274604e-01 6.207357589579249918e+07
4.734279649020536884e-01 5.880588365935979784e+07
4.955139527033520785e-01 5.396319914337495714e+07
5.186302785778565960e-01 5.114669342968039960e+07
5.428250090442419129e-01 4.766051071182069182e+07
5.681484529824789576e-01 4.404299988113739341e+07
5.946532662427046478e-01 4.033444462290468812e+07
6.223945611342215356e-01 3.814900624472231418e+07
6.514300210222929710e-01 3.604398487261945754e+07
6.818200202710160696e-01 3.320908432309782133e+07
7.136277497816758686e-01 3.110823267254010960e+07
7.469193483876155337e-01 2.865101406349911168e+07
7.817640403788362891e-01 2.645757442464963719e+07
8.182342794422867716e-01 2.463616772857338935e+07
8.564058993171398404e-01 2.290163005038297176e+07
8.963582714783228100e-01 2.108898319017964229e+07
9.381744701761730587e-01 1.945374926704308391e+07
9.819414451753946116e-01 1.841474026263359189e+07
1.027750202552496051e+00 1.663563757138412446e+07
1.075695993927647365e+00 1.520664023353632726e+07
1.125878514524432994e+00 1.402378664482817985e+07
1.178402110469330522e+00 1.313006904362749122e+07
1.233375995761962995e+00 1.220528886754559912e+07
1.290914479367274659e+00 1.127681275707590021e+07
1.351137202901832923e+00 1.027684620358103514e+07
1.414169389408483246e+00 9.562961358876196668e+06
1.480142103736643344e+00 8.945538056992720813e+06
1.549192525069651882e+00 8.160371488093314692e+06
1.621464232165851449e+00 7.437942815654931590e+06
1.697107501906508942e+00 6.788616720464693382e+06
1.776279621771362560e+00 6.210151708078763448e+06
1.859145216891527452e+00 5.671138017488608137e+06
1.945876592359817581e+00 5.189631602268721908e+06
2.036654091510258002e+00 4.677958528537450358e+06
2.131666470911770972e+00 4.258112055149637163e+06
2.231111292855769257e+00 3.933910384262969252e+06
2.335195336153773393e+00 3.578245944297227077e+06
2.444135026099235386e+00 3.243120854050491937e+06
2.558156884487600369e+00 2.975283287358874455e+06
2.677498000630348152e+00 2.666193927406339440e+06
2.802406524342412553e+00 2.441675194517220836e+06
2.933142181928062087e+00 2.222232600134396926e+06
