3.069976816238139533e-02 6.496421109436315298e+08
3.213194951921637121e-02 7.059033513389599323e+08
3.363094387046929729e-02 6.719365068422724009e+08
3.519986812322865172e-02 5.329200109179101586e+08
3.684198459207260745e-02 4.751676908757363558e+08
3.856070778250449138e-02 7.237211416718735695e+08
4.035961149084377197e-02 6.616999901934467554e+08
4.224243623533543990e-02 5.958512989313331842e+08
4.421309703392971302e-02 5.122305069377391338e+08
4.627569154490460829e-02 8.244686304613169432e+08
4.843450858725836805e-02 5.529117787947381735e+08
5.069403705858849252e-02 5.607017465625283718e+08
5.305897526900069106e-02 5.116209663950413465e+08
5.553424071045594268e-02 5.641733733471099138e+08
5.812498028186940946e-02 5.979657807420564890e+08
6.083658099122266766e-02 5.141192853968425393e+08
6.367468115694234487e-02 4.492315321231641769e+08
6.664518213183667772e-02 5.073064922288253307e+08
6.975426057396794111e-02 4.701170372647492886e+08
7.300838128997587384e-02 5.014385191432759762e+08
7.641431067755764805e-02 5.086510238466290832e+08
7.997913079505601652e-02 4.762544786296144128e+08
8.371025408741054885e-02 4.724862652576860785e+08
8.761543879909236554e-02 4.211066516607498527e+08
9.170280510607109470e-02 4.298201092873851657e+08
9.598085200035742781e-02 4.382720038762713075e+08
1.004584749622301765e-01 3.259026990547421575e+08
1.051449844568940195e-01 3.601947390904948711e+08
1.100501252940287722e-01 3.626103077401058078e+08
1.151840968904851020e-01 3.479062696205296516e+08
1.205575744782594882e-01 3.152536628293098211e+08
1.261817313018468445e-01 3.113075862131969333e+08
1.320682618511266337e-01 2.900365529196321368e+08
1.382294061780912076e-01 2.885228282363842130e+08
1.446779753479788821e-01 2.916756849404562712e+08
1.514273780777332656e-01 2.723689262515218854e+08
1.584916486171791816e-01 2.833753073228325844e+08
1.658854759308886484e-01 2.685295512615128756e+08
1.736242342414167639e-01 2.463907381451504230e+08
1.817240149974163610e-01 2.289200511343367696e+08
1.902016603331038169e-01 2.080012666544952393e+08
1.990747980886495849e-01 2.000453321097670794e+08
2.083618784643124222e-01 1.969523475430926681e+08
2.180822123845329585e-01 1.755990186213982403e+08
2.282560116517592663e-01 1.702806659422261715e+08
2.389044309734965343e-01 1.671017109346308112e+08
2.500496119499697190e-01 1.457135182323994040e+08
2.617147291138638421e-01 1.398569122689281702e+08
2.739240381178740802e-01 1.318144743340215683e+08
2.867029261702632170e-01 1.247452831912976950e+08
3.000779648232989039e-01 1.172378969639184624e+08
3.140769652243355914e-01 1.108717002274547517e+08
3.287290359444262067e-01 9.883493686601451039e+07
3.440646435047088891e-01 9.523115111527256668e+07
3.601156757264223351e-01 8.733829118596346676e+07
3.769155080362766030e-01 8.229114757014939189e+07
3.944990728650497602e-01 7.618704684163910151e+07
4.129029322837124427e-01 7.372271368245898187e+07
4.321653540281166217e-01 6.793262260094861686e+07
4.523263910703274604e-01 6.323043630038109422e+07
4.734279649020536884e-01 5.892612271092209965e+07
4.955139527033520785e-01 5.614310964385028929e+07
5.186302785778565960e-01 5.097045502081510425e+07
5.428250090442419129e-01 4.877592966078639030e+07
5.681484529824789576e-01 4.442483892568586767e+07
5.946532662427046478e-01 4.100716750961067528e+07
6.223945611342215356e-01 3.920278262444794923e+07
6.514300210222929710e-01 3.651001038612553477e+07
6.818200202710160696e-01 3.362751934502832592e+07
7.136277497816758686e-01 3.118820830219600722e+07
7.469193483876155337e-01 2.942903188514533639e+07
7.817640403788362891e-01 2.720654242242750153e+07
8.182342794422867716e-01 2.496896790155879036e+07
8.564058993171398404e-01 2.388060196196067333e+07
8.963582714783228100e-01 2.158869107612233236e+07
9.381744701761730587e-01 1.966760999785405025e+07
9.819414451753946116e-01 1.811759156826166064e+07
1.027750202552496051e+00 1.691710937948906794e+07
1.075695993927647365e+00 1.540779160653921589e+07
1.125878514524432994e+00 1.452882967768773437e+07
1.178402110469330522e+00 1.314943225696088001e+07
1.233375995761962995e+00 1.237303026596837491e+07
1.290914479367274659e+00 1.134328485596623830e+07
1.351137202901832923e+00 1.038072674608594552e+07
1.414169389408483246e+00 9.509119478297762573e+06
1.480142103736643344e+00 8.834765050500581041e+06
1.549192525069651882e+00 8.099154779424565844e+06
1.621464232165851449e+00 7.484313388632862829e+06
1.697107501906508942e+00 6.909884212560694665e+06
1.776279621771362560e+00 6.200275453658700921e+06
1.859145216891527452e+00 5.717635440888199024e+06
1.945876592359817581e+00 5.204319441720603965e+06
2.036654091510258002e+00 4.701712313110706396e+06
2.131666470911770972e+00 4.257495664852106944e+06
2.231111292855769257e+00 3.873000737257934641e+06
2.335195336153773393e+00 3.549336215245601255e+06
2.444135026099235386e+00 3.203586915675935801e+06
2.558156884487600369e+00 2.965321725700651761e+06
2.677498000630348152e+00 2.712267051485023927e+06
2.802406524342412553e+00 2.496917426396669354e+06
2.933142181928062087e+00 2.253882407327689230e+06
