3.069976816238139533e-02 4.686182684262952805e+08
3.213194951921637121e-02 8.093333983379064798e+08
3.363094387046929729e-02 6.667416971979181767e+08
3.519986812322865172e-02 5.355295597919865847e+08
3.684198459207260745e-02 6.472426419218006134e+08
3.856070778250449138e-02 4.704789554010332823e+08
4.035961149084377197e-02 6.665068873031238317e+08
4.224243623533543990e-02 5.551494030782780647e+08
4.421309703392971302e-02 4.607780303256750107e+08
4.627569154490460829e-02 5.739061605926854610e+08
4.843450858725836805e-02 7.949769285981884003e+08
5.069403705858849252e-02 5.911800755074503422e+08
5.305897526900069106e-02 5.637955174074838161e+08
5.553424071045594268e-02 6.248118037467321157e+08
5.812498028186940946e-02 5.710746096377649307e+08
6.083658099122266766e-02 5.128042597434729338e+08
6.367468115694234487e-02 3.800727826039566398e+08
6.664518213183667772e-02 4.905997080170227289e+08
6.975426057396794111e-02 4.502795518409138322e+08
7.300838128997587384e-02 4.627620647700552344e+08
7.641431067755764805e-02 5.135099175241841674e+08
7.997913079505601652e-02 4.227313197285281420e+08
8.371025408741054885e-02 4.591857492235212922e+08
8.761543879909236554e-02 4.003734687039110065e+08
9.170280510607109470e-02 5.034632328293018341e+08
9.598085200035742781e-02 4.420338162037011981e+08
1.004584749622301765e-01 3.874932109098660350e+08
1.051449844568940195e-01 3.697838841271675825e+08
1.100501252940287722e-01 3.967080868976317048e+08
1.151840968904851020e-01 3.418532700214033723e+08
1.205575744782594882e-01 3.669024450156862736e+08
1.261817313018468445e-01 3.265577604141522050e+08
1.320682618511266337e-01 3.201805264186643362e+08
1.382294061780912076e-01 3.079828230317025781e+08
1.446779753479788821e-01 3.037714945218740106e+08
1.514273780777332656e-01 2.890924087933938503e+08
1.584916486171791816e-01 2.594834277805829048e+08
1.658854759308886484e-01 2.687608597660022378e+08
1.736242342414167639e-01 2.433429522269173265e+08
1.817240149974163610e-01 2.440127924989131689e+08
1.902016603331038169e-01 2.214250353386070728e+08
1.990747980886495849e-01 2.102694383745096624e+08
2.083618784643124222e-01 2.060299141105126739e+08
2.180822123845329585e-01 1.793699785846757293e+08
2.282560116517592663e-01 1.736064646911462545e+08
2.389044309734965343e-01 1.643990113621699810e+08
2.500496119499697190e-01 1.546735017118722796e+08
2.617147291138638421e-01 1.502388798948294222e+08
2.739240381178740802e-01 1.298333885546620935e+08
2.867029261702632170e-01 1.263398931533111930e+08
3.000779648232989039e-01 1.202380976125889421e+08
3.140769652243355914e-01 1.077097775120074153e+08
3.287290359444262067e-01 9.952149937689490616e+07
3.440646435047088891e-01 9.667246444802182913e+07
3.601156757264223351e-01 9.003464162405109406e+07
3.769155080362766030e-01 8.510362993943519890e+07
3.944990728650497602e-01 7.756190019493579865e+07
4.129029322837124427e-01 7.025340049827037752e+07
4.321653540281166217e-01 6.905976207129913568e+07
4.523263910703274604e-01 6.273255915954859555e+07
4.734279649020536884e-01 5.779296609623740613e+07
4.955139527033520785e-01 5.583808432675927877e+07
5.186302785778565960e-01 5.135764817734063417e+07
5.428250090442419129e-01 4.733454598192618042e+07
5.681484529824789576e-01 4.449643108047019690e+07
5.946532662427046478e-01 4.296422360503701866e+07
6.223945611342215356e-01 3.829775392211222649e+07
6.514300210222929710e-01 3.600954950076843798e+07
6.818200202710160696e-01 3.409197379215054959e+07
7.136277497816758686e-01 3.130500393834396824e+07
7.469193483876155337e-01 2.930290562956434116e+07
7.817640403788362891e-01 2.698557682343415916e+07
8.182342794422867716e-01 2.485588877083539218e+07
8.564058993171398404e-01 2.293079348773449659e+07
8.963582714783228100e-01 2.113799855514317378e+07
9.381744701761730587e-01 1.939916223839405924e+07
9.819414451753946116e-01 1.844033156603055447e+07
1.027750202552496051e+00 1.680085366494669765e+07
1.075695993927647365e+00 1.535121722075876035e+07
1.125878514524432994e+00 1.427425767358414829e+07
1.178402110469330522e+00 1.334557114929583482e+07
1.233375995761962995e+00 1.234219379677879997e+07
1.290914479367274659e+00 1.134524061022098176e+07
1.351137202901832923e+00 1.056300044175551273e+07
1.414169389408483246e+00 9.681968990884074941e+06
1.480142103736643344e+00 8.826453802726179361e+06
1.549192525069651882e+00 8.154833529511233792e+06
1.621464232165851449e+00 7.397636501452325843e+06
1.697107501906508942e+00 6.798816318276083097e+06
1.776279621771362560e+00 6.177811920846411027e+06
1.859145216891527452e+00 5.699244092930556275e+06
1.945876592359817581e+00 5.139554053208901547e+06
2.036654091510258002e+00 4.734746155874535441e+06
2.131666470911770972e+00 4.236021933406762779e+06
2.231111292855769257e+00 3.893920245147306938e+06
2.335195336153773393e+00 3.544500423098846339e+06
2.444135026099235386e+00 3.243227698208939284e+06
2.558156884487600369e+00 2.971851197955955286e+06
2.677498000630348152e+00 2.731968412882296834e+06
2.802406524342412553e+00 2.466387277772136033e+06
2.933142181928062087e+00 2.279414907929050736e+06
