3.069976816238139533e-02 5.677388422598687410e+08
3.213194951921637121e-02 4.301751524848895669e+08
3.363094387046929729e-02 5.318906635167440772e+08
3.519986812322865172e-02 6.435826784864157438e+08
3.684198459207260745e-02 4.824510988360083103e+08
3.856070778250449138e-02 5.859455869720398188e+08
4.035961149084377197e-02 4.480060963127676249e+08
4.224243623533543990e-02 7.089634601798428297e+08
4.421309703392971302e-02 7.133811751230956316e+08
4.627569154490460829e-02 7.558877302747062445e+08
4.843450858725836805e-02 7.328914441096268892e+08
5.069403705858849252e-02 5.656497584960436821e+08
5.305897526900069106e-02 7.395366243070862293e+08
5.553424071045594268e-02 7.052359041637582779e+08
5.812498028186940946e-02 7.105539935296784639e+08
6.083658099122266766e-02 5.471751404876195192e+08
6.367468115694234487e-02 5.601439067395601273e+08
6.664518213183667772e-02 5.220649881413787603e+08
6.975426057396794111e-02 5.112548942156794071e+08
7.300838128997587384e-02 5.147463622414772511e+08
7.641431067755764805e-02 5.355777449920777082e+08
7.997913079505601652e-02 5.053662959803724885e+08
8.371025408741054885e-02 4.179018666911050677e+08
8.761543879909236554e-02 4.778010612307831049e+08
9.170280510607109470e-02 4.337002518130763769e+08
9.598085200035742781e-02 4.414326828894419670e+08
1.004584749622301765e-01 3.696150662656413317e+08
1.051449844568940195e-01 4.021965149411521554e+08
1.100501252940287722e-01 3.681021577002181411e+08
1.151840968904851020e-01 3.547002519110565782e+08
1.205575744782594882e-01 3.655074268273482919e+08
1.261817313018468445e-01 3.140990990610542297e+08
1.320682618511266337e-01 3.133726478693991899e+08
1.382294061780912076e-01 3.030386179317893982e+08
1.446779753479788821e-01 2.838254014168238044e+08
1.514273780777332656e-01 2.675677681741829216e+08
1.584916486171791816e-01 2.613773159431114197e+08
1.658854759308886484e-01 2.423270268570277095e+08
1.736242342414167639e-01 2.273923487794757187e+08
1.817240149974163610e-01 2.203665171176929176e+08
1.902016603331038169e-01 2.058771089322716594e+08
1.990747980886495849e-01 1.931444502936580479e+08
2.083618784643124222e-01 1.959596510983959734e+08
2.180822123845329585e-01 1.768426174601697028e+08
2.282560116517592663e-01 1.650667382020459175e+08
2.389044309734965343e-01 1.470187112507077456e+08
2.500496119499697190e-01 1.501924976478923559e+08
2.617147291138638421e-01 1.361516507615102828e+08
2.739240381178740802e-01 1.323829592322441787e+08
2.867029261702632170e-01 1.159232538634596616e+08
3.000779648232989039e-01 1.113387985342457592e+08
3.140769652243355914e-01 1.087097920213503391e+08
3.287290359444262067e-01 9.960304990388920903e+07
3.440646435047088891e-01 9.154494961010012031e+07
3.601156757264223351e-01 8.761041364263573289e+07
3.769155080362766030e-01 7.909945558591738343e+07
3.944990728650497602e-01 7.780267824607267976e+07
4.129029322837124427e-01 6.930687530944631994e+07
4.321653540281166217e-01 6.714843109989422560e+07
4.523263910703274604e-01 6.440366037570415437e+07
4.734279649020536884e-01 5.788777618995376676e+07
4.955139527033520785e-01 5.406854538489532471e+07
5.186302785778565960e-01 5.009724896871979535e+07
5.428250090442419129e-01 4.574978184983629733e+07
5.681484529824789576e-01 4.384775465548065305e+07
5.946532662427046478e-01 4.020038266204483807e+07
6.223945611342215356e-01 3.707816845924704522e+07
6.514300210222929710e-01 3.522015822009772062e+07
6.818200202710160696e-01 3.285453740164638683e+07
7.136277497816758686e-01 3.038703677208479866e+07
7.469193483876155337e-01 2.805813656071654335e+07
7.817640403788362891e-01 2.646782007274397463e+07
8.182342794422867716e-01 2.460860883398617804e+07
8.564058993171398404e-01 2.301460011851112917e+07
8.963582714783228100e-01 2.061089839037247002e+07
9.381744701761730587e-01 1.978363895935833827e+07
9.819414451753946116e-01 1.825830762621507049e+07
1.027750202552496051e+00 1.668841948887576535e+07
1.075695993927647365e+00 1.514315728622840159e+07
1.125878514524432994e+00 1.421117827873712964e+07
1.178402110469330522e+00 1.320795578562860005e+07
1.233375995761962995e+00 1.199576973664227873e+07
1.290914479367274659e+00 1.111320239889350720e+07
1.351137202901832923e+00 1.026155873294512555e+07
1.414169389408483246e+00 9.628591326745619997e+06
1.480142103736643344e+00 8.758480914408167824e+06
1.549192525069651882e+00 8.158362401105731726e+06
1.621464232165851449e+00 7.373214108510883525e+06
1.697107501906508942e+00 6.839459223575408570e+06
1.776279621771362560e+00 6.202501860812175088e+06
1.859145216891527452e+00 5.686652284532838501e+06
1.945876592359817581e+00 5.127555796960313804e+06
2.036654091510258002e+00 4.681409219997656532e+06
2.131666470911770972e+00 4.286297255249992944e+06
2.231111292855769257e+00 3.891463841391020454e+06
2.335195336153773393e+00 3.494879313077470753e+06
2.444135026099235386e+00 3.205736540634056553e+06
2.558156884487600369e+00 2.976746657051401678e+06
2.677498000630348152e+00 2.682434404873969499e+06
2.802406524342412553e+00 2.449385848931415472e+06
2.933142181928062087e+00 2.240808133132724557e+06
