3.069976816238139533e-02 8.621308413913578987e+08
3.213194951921637121e-02 7.365365560227729082e+08
3.363094387046929729e-02 6.795787382424687147e+08
3.519986812322865172e-02 4.975763008616297841e+08
3.684198459207260745e-02 5.818795276215399504e+08
3.856070778250449138e-02 5.407870568613581657e+08
4.035961149084377197e-02 6.281138358240867853e+08
4.224243623533543990e-02 4.922626253092113137e+08
4.421309703392971302e-02 4.675681920446494818e+08
4.627569154490460829e-02 5.925539318002141714e+08
4.843450858725836805e-02 4.579176066887862682e+08
5.069403705858849252e-02 6.505301847439658642e+08
5.305897526900069106e-02 5.104194532157247066e+08
5.553424071045594268e-02 6.376711060096791983e+08
5.812498028186940946e-02 4.891946065093977451e+08
6.083658099122266766e-02 5.156947071196630597e+08
6.367468115694234487e-02 6.178417923413338661e+08
6.664518213183667772e-02 5.327730268708028793e+08
6.975426057396794111e-02 4.820505625882573128e+08
7.300838128997587384e-02 3.873532668814833760e+08
7.641431067755764805e-02 4.111862111725768447e+08
7.997913079505601652e-02 4.618311852981092930e+08
8.371025408741054885e-02 3.925886828554669023e+08
8.761543879909236554e-02 4.380704205526199341e+08
9.170280510607109470e-02 3.636918535172238946e+08
9.598085200035742781e-02 3.472484669271030426e+08
1.004584749622301765e-01 4.158437435252571106e+08
1.051449844568940195e-01 3.902774818218362331e+08
1.100501252940287722e-01 3.513385403444094658e+08
1.151840968904851020e-01 3.448292201655701995e+08
1.205575744782594882e-01 3.404576330530434251e+08
1.261817313018468445e-01 3.115827434875056148e+08
1.320682618511266337e-01 3.041062917308357954e+08
1.382294061780912076e-01 2.995252563911133409e+08
1.446779753479788821e-01 2.903330424210116863e+08
1.514273780777332656e-01 2.548704043434891701e+08
1.584916486171791816e-01 2.615016648771988750e+08
1.658854759308886484e-01 2.557956065673334002e+08
1.736242342414167639e-01 2.408606901275129914e+08
1.817240149974163610e-01 2.173621224590978324e+08
1.902016603331038169e-01 2.161863453524310887e+08
1.990747980886495849e-01 1.977632244951013327e+08
2.083618784643124222e-01 1.970475207298452258e+08
2.180822123845329585e-01 1.864764639659180045e+08
2.282560116517592663e-01 1.659164667561286092e+08
2.389044309734965343e-01 1.657262164798018336e+08
2.500496119499697190e-01 1.483591248132022023e+08
2.617147291138638421e-01 1.424965465067392886e+08
2.739240381178740802e-01 1.338712211499455869e+08
2.867029261702632170e-01 1.245565584941927195e+08
3.000779648232989039e-01 1.184007009633586705e+08
3.140769652243355914e-01 1.093047211704670489e+08
3.287290359444262067e-01 1.032329857402973920e+08
3.440646435047088891e-01 9.415327655366736650e+07
3.601156757264223351e-01 8.770565367456306517e+07
3.769155080362766030e-01 8.254202411146961153e+07
3.944990728650497602e-01 7.693196680726309121e+07
4.129029322837124427e-01 7.099513340891592205e+07
4.321653540281166217e-01 6.503001697068411857e+07
4.523263910703274604e-01 6.462382055327741057e+07
4.734279649020536884e-01 5.962241434146431088e+07
4.955139527033520785e-01 5.587405317484033108e+07
5.186302785778565960e-01 5.038797301632339507e+07
5.428250090442419129e-01 4.914367104858855903e+07
5.681484529824789576e-01 4.459482294221083075e+07
5.946532662427046478e-01 4.239719967059222609e+07
6.223945611342215356e-01 3.795020257812073827e+07
6.514300210222929710e-01 3.517857256507323682e+07
6.818200202710160696e-01 3.351322872843457013e+07
7.136277497816758686e-01 3.130915867756630853e+07
7.469193483876155337e-01 2.950781280255331472e+07
7.817640403788362891e-01 2.691359391817180067e+07
8.182342794422867716e-01 2.518972531593774632e+07
8.564058993171398404e-01 2.298138740429955348e+07
8.963582714783228100e-01 2.138989299867660552e+07
9.381744701761730587e-01 1.973335537223903090e+07
9.819414451753946116e-01 1.816301626016613841e+07
1.027750202552496051e+00 1.667581783304929547e+07
1.075695993927647365e+00 1.571134965935117751e+07
1.125878514524432994e+00 1.439623761088186875e+07
1.178402110469330522e+00 1.347473703343742900e+07
1.233375995761962995e+00 1.227388026681185700e+07
1.290914479367274659e+00 1.150394645190798491e+07
1.351137202901832923e+00 1.046200660376052000e+07
1.414169389408483246e+00 9.693809291996682063e+06
1.480142103736643344e+00 8.871098806979680434e+06
1.549192525069651882e+00 8.194898496940969490e+06
1.621464232165851449e+00 7.542713638343881816e+06
1.697107501906508942e+00 6.823046490779263899e+06
1.776279621771362560e+00 6.235076937506172806e+06
1.859145216891527452e+00 5.685795567885361612e+06
1.945876592359817581e+00 5.175170519511103630e+06
2.036654091510258002e+00 4.711135031052983366e+06
2.131666470911770972e+00 4.249489365841308609e+06
2.231111292855769257e+00 3.918305440127593931e+06
2.335195336153773393e+00 3.553881467711749021e+06
2.444135026099235386e+00 3.229112562020396814e+06
2.558156884487600369e+00 2.964765270291872788e+06
2.677498000630348152e+00 2.661008628309156746e+06
2.802406524342412553e+00 2.445544573407896329e+06
2.933142181928062087e+00 2.226166315442665480e+06
