3.069976816238139533e-02 8.488115064817904234e+08
3.213194951921637121e-02 3.933304520408716798e+08
3.363094387046929729e-02 4.874326152183213234e+08
3.519986812322865172e-02 5.015222329767025113e+08
3.684198459207260745e-02 6.724446025516233444e+08
3.856070778250449138e-02 7.978902526504081488e+08
4.035961149084377197e-02 9.031784338979606628e+08
4.224243623533543990e-02 7.902505509738442898e+08
4.421309703392971302e-02 6.808921934015538692e+08
4.627569154490460829e-02 5.380054733296983242e+08
4.843450858725836805e-02 6.509034858042478561e+08
5.069403705858849252e-02 5.029247588286955357e+08
5.305897526900069106e-02 6.576148351786713600e+08
5.553424071045594268e-02 7.089498945117329359e+08
5.812498028186940946e-02 7.301166373910760880e+08
6.083658099122266766e-02 7.217699177100538015e+08
6.367468115694234487e-02 6.982462701931977272e+08
6.664518213183667772e-02 7.387081525041959286e+08
6.975426057396794111e-02 7.169103788269507885e+08
7.300838128997587384e-02 6.241469442342157364e+08
7.641431067755764805e-02 5.700160885343034267e+08
7.997913079505601652e-02 4.767401256764897108e+08
8.371025408741054885e-02 4.680144718320738673e+08
8.761543879909236554e-02 4.988231130387266874e+08
9.170280510607109470e-02 4.597906327396863103e+08
9.598085200035742781e-02 4.427739513074289560e+08
1.004584749622301765e-01 3.909024118589009047e+08
1.051449844568940195e-01 4.152495081383952498e+08
1.100501252940287722e-01 4.075774433695527315e+08
1.151840968904851020e-01 3.909797597896140814e+08
1.205575744782594882e-01 3.542999385332505107e+08
1.261817313018468445e-01 3.406611223868131042e+08
1.320682618511266337e-01 3.016064918326807618e+08
1.382294061780912076e-01 2.978751455398682356e+08
1.446779753479788821e-01 2.817054361136804819e+08
1.514273780777332656e-01 2.462582349067116380e+08
1.584916486171791816e-01 2.610326163865719140e+08
1.658854759308886484e-01 2.388983718293466270e+08
1.736242342414167639e-01 2.320204986839656830e+08
1.817240149974163610e-01 2.216755341403549910e+08
1.902016603331038169e-01 1.974267176235848069e+08
1.990747980886495849e-01 1.950220116233138144e+08
2.083618784643124222e-01 1.768562454520421028e+08
2.180822123845329585e-01 1.603964784832196236e+08
2.282560116517592663e-01 1.529405778531957269e+08
2.389044309734965343e-01 1.472849872794343233e+08
2.500496119499697190e-01 1.319631132289635092e+08
2.617147291138638421e-01 1.322547915376930088e+08
2.739240381178740802e-01 1.120497385267724693e+08
2.867029261702632170e-01 1.097330040946895331e+08
3.000779648232989039e-01 9.820315009227092564e+07
3.140769652243355914e-01 9.489801020309400558e+07
3.287290359444262067e-01 9.045416864007918537e+07
3.440646435047088891e-01 8.586831353983493149e+07
3.601156757264223351e-01 7.776210158166228235e+07
3.769155080362766030e-01 7.134653648247005045e+07
3.944990728650497602e-01 6.460240877007482946e+07
4.129029322837124427e-01 5.936913880599717051e+07
4.321653540281166217e-01 5.809275994283652306e+07
4.523263910703274604e-01 5.461128351580923051e+07
4.734279649020536884e-01 4.788522832206132263e+07
4.955139527033520785e-01 4.558563002043045312e+07
5.186302785778565960e-01 4.160452803816151619e+07
5.428250090442419129e-01 3.912077075145564973e+07
5.681484529824789576e-01 3.665826798836074769e+07
5.946532662427046478e-01 3.457210191491623968e+07
6.223945611342215356e-01 3.216188226225870848e+07
6.514300210222929710e-01 2.975201562912885472e+07
6.818200202710160696e-01 2.695638839684780687e+07
7.136277497816758686e-01 2.482157821062521264e+07
7.469193483876155337e-01 2.219397752640227973e+07
7.817640403788362891e-01 2.131493714998128265e+07
8.182342794422867716e-01 1.981135376799683273e+07
8.564058993171398404e-01 1.770213583647625521e+07
8.963582714783228100e-01 1.606347736068389006e+07
9.381744701761730587e-01 1.448036200383656286e+07
9.819414451753946116e-01 1.342096576190439984e+07
1.027750202552496051e+00 1.248120321295977384e+07
1.075695993927647365e+00 1.129864870859014988e+07
1.125878514524432994e+00 1.034405496181494556e+07
1.178402110469330522e+00 9.474970444611145183e+06
1.233375995761962995e+00 8.512158790801128373e+06
1.290914479367274659e+00 7.559083058818353340e+06
1.351137202901832923e+00 6.775095515578563325e+06
1.414169389408483246e+00 6.215879006815971807e+06
1.480142103736643344e+00 5.746653874033015221e+06
1.549192525069651882e+00 5.338815943082471378e+06
1.621464232165851449e+00 4.834207033872081898e+06
1.697107501906508942e+00 4.413899525213735178e+06
1.776279621771362560e+00 4.224174976407331415e+06
1.859145216891527452e+00 3.974135325586129446e+06
1.945876592359817581e+00 3.679203562275872566e+06
2.036654091510258002e+00 3.489140203978867736e+06
2.131666470911770972e+00 3.285477209929541219e+06
2.231111292855769257e+00 2.914039506348629016e+06
2.335195336153773393e+00 2.641977173616736196e+06
2.444135026099235386e+00 2.327962838841242250e+06
2.558156884487600369e+00 2.046362951659271959e+06
2.677498000630348152e+00 1.972498410482727922e+06
2.802406524342412553e+00 1.785775565405515255e+06
2.933142181928062087e+00 1.578890048683571629e+06
