3.069976816238139533e-02 6.495933757654310465e+08
3.213194951921637121e-02 7.441343353849461079e+08
3.363094387046929729e-02 9.194915364615638256e+08
3.519986812322865172e-02 6.984732745444962978e+08
3.684198459207260745e-02 6.967280193896640539e+08
3.856070778250449138e-02 7.079407859109843969e+08
4.035961149084377197e-02 6.852103559774667025e+08
4.224243623533543990e-02 6.414963743368463516e+08
4.421309703392971302e-02 6.849498784078195095e+08
4.627569154490460829e-02 7.238054932211456299e+08
4.843450858725836805e-02 6.997417314063442945e+08
5.069403705858849252e-02 5.816702724068051577e+08
5.305897526900069106e-02 5.241189671495712996e+08
5.553424071045594268e-02 5.923148455932561159e+08
5.812498028186940946e-02 6.674171599854919910e+08
6.083658099122266766e-02 6.798795392623560429e+08
6.367468115694234487e-02 5.759143418087663651e+08
6.664518213183667772e-02 4.881629486030595899e+08
6.975426057396794111e-02 4.897719783578863144e+08
7.300838128997587384e-02 5.039271951256375909e+08
7.641431067755764805e-02 5.028227204488528967e+08
7.997913079505601652e-02 4.827718751911247373e+08
8.371025408741054885e-02 4.597614043166748285e+08
8.761543879909236554e-02 4.906984942246752977e+08
9.170280510607109470e-02 4.282933976985693574e+08
9.598085200035742781e-02 4.650638321117166877e+08
1.004584749622301765e-01 3.836350876212880015e+08
1.051449844568940195e-01 4.212661829728570580e+08
1.100501252940287722e-01 3.583481823033066988e+08
1.151840968904851020e-01 3.555843186778920889e+08
1.205575744782594882e-01 3.389028974252941608e+08
1.261817313018468445e-01 3.506908940934866667e+08
1.320682618511266337e-01 3.116493594172385931e+08
1.382294061780912076e-01 3.120189266998805404e+08
1.446779753479788821e-01 2.779829396924764514e+08
1.514273780777332656e-01 2.728727233531734943e+08
1.584916486171791816e-01 2.780471409414608479e+08
1.658854759308886484e-01 2.492457780888138115e+08
1.736242342414167639e-01 2.289315284774124324e+08
1.817240149974163610e-01 2.234402017182004452e+08
1.902016603331038169e-01 2.377915936873486340e+08
1.990747980886495849e-01 1.907950955296205580e+08
2.083618784643124222e-01 1.918671462127239108e+08
2.180822123845329585e-01 1.833330189187705219e+08
2.282560116517592663e-01 1.661892353238894939e+08
2.389044309734965343e-01 1.624121967242108881e+08
2.500496119499697190e-01 1.533616350065394044e+08
2.617147291138638421e-01 1.454345901271926463e+08
2.739240381178740802e-01 1.325217709503538013e+08
2.867029261702632170e-01 1.264839176785615087e+08
3.000779648232989039e-01 1.198786809371196479e+08
3.140769652243355914e-01 1.100823390945960879e+08
3.287290359444262067e-01 1.024436895432994068e+08
3.440646435047088891e-01 9.799145828747391701e+07
3.601156757264223351e-01 9.289381293986804783e+07
3.769155080362766030e-01 8.402765303159254789e+07
3.944990728650497602e-01 7.873046240690796077e+07
4.129029322837124427e-01 7.326908470223866403e+07
4.321653540281166217e-01 6.686958298583985120e+07
4.523263910703274604e-01 6.489233513214701414e+07
4.734279649020536884e-01 6.039806972997935116e+07
4.955139527033520785e-01 5.683685453366671503e+07
5.186302785778565960e-01 5.290064066291078180e+07
5.428250090442419129e-01 4.805699521291276067e+07
5.681484529824789576e-01 4.459152144381777942e+07
5.946532662427046478e-01 4.292097701858511567e+07
6.223945611342215356e-01 3.963977447689963877e+07
6.514300210222929710e-01 3.722560781134756655e+07
6.818200202710160696e-01 3.378206096692997217e+07
7.136277497816758686e-01 3.181181995458161831e+07
7.469193483876155337e-01 2.931807624143050984e+07
7.817640403788362891e-01 2.683285988768353313e+07
8.182342794422867716e-01 2.507210502098255977e+07
8.564058993171398404e-01 2.299132821085371450e+07
8.963582714783228100e-01 2.116385684998310357e+07
9.381744701761730587e-01 1.930127358642636612e+07
9.819414451753946116e-01 1.834949540408665687e+07
1.027750202552496051e+00 1.693417545007593557e+07
1.075695993927647365e+00 1.557146043176217377e+07
1.125878514524432994e+00 1.451485636070771888e+07
1.178402110469330522e+00 1.367612850327010639e+07
1.233375995761962995e+00 1.243964031932969019e+07
1.290914479367274659e+00 1.156495923700028844e+07
1.351137202901832923e+00 1.068048397862647846e+07
1.414169389408483246e+00 9.985622077259067446e+06
1.480142103736643344e+00 9.234610676965830848e+06
1.549192525069651882e+00 8.602573665904402733e+06
1.621464232165851449e+00 7.793856293091026135e+06
1.697107501906508942e+00 6.985142222607864998e+06
1.776279621771362560e+00 6.320060841693812050e+06
1.859145216891527452e+00 5.757994980962051079e+06
1.945876592359817581e+00 5.258076977189201862e+06
2.036654091510258002e+00 4.775077718185460195e+06
2.131666470911770972e+00 4.411564571492111310e+06
2.231111292855769257e+00 3.960527685496895108e+06
2.335195336153773393e+00 3.610343745126850903e+06
2.444135026099235386e+00 3.264129484053861815e+06
2.558156884487600369e+00 3.051870600342934486e+06
2.677498000630348152e+00 2.746896463555693626e+06
2.802406524342412553e+00 2.484364333629973233e+06
2.933142181928062087e+00 2.238880444286689162e+06
