3.069976816238139533e-02 1.343119997368796349e+09
3.213194951921637121e-02 1.056779619442052364e+09
3.363094387046929729e-02 7.846193248788273335e+08
3.519986812322865172e-02 7.417956560435618162e+08
3.684198459207260745e-02 8.187063375163468122e+08
3.856070778250449138e-02 8.912747286166442633e+08
4.035961149084377197e-02 6.469920674966784716e+08
4.224243623533543990e-02 6.589116767173173428e+08
4.421309703392971302e-02 6.229042799654214382e+08
4.627569154490460829e-02 6.861090243814361095e+08
4.843450858725836805e-02 7.817458444882667065e+08
5.069403705858849252e-02 6.533710222221364975e+08
5.305897526900069106e-02 4.596873545433169603e+08
5.553424071045594268e-02 5.713717017207055092e+08
5.812498028186940946e-02 4.849955210073471665e+08
6.083658099122266766e-02 5.230026592319794893e+08
6.367468115694234487e-02 5.164569729398874640e+08
6.664518213183667772e-02 4.210668442132771015e+08
6.975426057396794111e-02 4.477050739040684700e+08
7.300838128997587384e-02 4.579897932388453484e+08
7.641431067755764805e-02 4.770102731432618499e+08
7.997913079505601652e-02 4.343927990974865556e+08
8.371025408741054885e-02 3.896838529160739779e+08
8.761543879909236554e-02 3.771277084335550666e+08
9.170280510607109470e-02 4.099420738937900066e+08
9.598085200035742781e-02 3.391949523078914881e+08
1.004584749622301765e-01 3.592682750584583879e+08
1.051449844568940195e-01 2.845480207701560259e+08
1.100501252940287722e-01 3.268593316160582900e+08
1.151840968904851020e-01 2.906281502647008896e+08
1.205575744782594882e-01 3.063335223271169066e+08
1.261817313018468445e-01 2.560411392080838680e+08
1.320682618511266337e-01 2.831945047331522703e+08
1.382294061780912076e-01 2.443793759610109031e+08
1.446779753479788821e-01 2.354123307577729821e+08
1.514273780777332656e-01 2.126831079364034235e+08
1.584916486171791816e-01 1.987491508942999840e+08
1.658854759308886484e-01 1.939945703400568068e+08
1.736242342414167639e-01 1.858335377663906813e+08
1.817240149974163610e-01 1.701189123319856822e+08
1.902016603331038169e-01 1.705231704865863919e+08
1.990747980886495849e-01 1.557626353761388958e+08
2.083618784643124222e-01 1.494402092994844317e+08
2.180822123845329585e-01 1.511678311013147831e+08
2.282560116517592663e-01 1.408746493187709153e+08
2.389044309734965343e-01 1.297711755387520194e+08
2.500496119499697190e-01 1.174330152755680680e+08
2.617147291138638421e-01 1.058049597164019048e+08
2.739240381178740802e-01 1.026911962657645345e+08
2.867029261702632170e-01 9.352802773765814304e+07
3.000779648232989039e-01 8.967455853989033401e+07
3.140769652243355914e-01 8.382407351105917990e+07
3.287290359444262067e-01 7.942295338328765333e+07
3.440646435047088891e-01 7.334181444436776638e+07
3.601156757264223351e-01 6.700392346359539032e+07
3.769155080362766030e-01 6.453169149701373279e+07
3.944990728650497602e-01 5.758445881769936532e+07
4.129029322837124427e-01 5.241283902003046870e+07
4.321653540281166217e-01 4.802767435762228817e+07
4.523263910703274604e-01 4.762835894442865252e+07
4.734279649020536884e-01 4.501704599492514879e+07
4.955139527033520785e-01 3.979443967176721990e+07
5.186302785778565960e-01 3.532362480091177672e+07
5.428250090442419129e-01 3.422562001686002314e+07
5.681484529824789576e-01 3.118595436659914255e+07
5.946532662427046478e-01 2.953028724136494473e+07
6.223945611342215356e-01 2.747876814836513251e+07
6.514300210222929710e-01 2.592389063635993004e+07
6.818200202710160696e-01 2.437411947146472707e+07
7.136277497816758686e-01 2.312187134887101501e+07
7.469193483876155337e-01 2.175788328007622436e+07
7.817640403788362891e-01 1.946963102240540832e+07
8.182342794422867716e-01 1.810359818759096414e+07
8.564058993171398404e-01 1.644454139182592556e+07
8.963582714783228100e-01 1.498027512753882259e+07
9.381744701761730587e-01 1.362764281982319057e+07
9.819414451753946116e-01 1.244107115579559840e+07
1.027750202552496051e+00 1.131732788584687002e+07
1.075695993927647365e+00 1.031113300503382087e+07
1.125878514524432994e+00 9.030918357171528041e+06
1.178402110469330522e+00 8.342222655654649250e+06
1.233375995761962995e+00 7.877125194901105948e+06
1.290914479367274659e+00 7.114325842350782827e+06
1.351137202901832923e+00 6.417793747545490041e+06
1.414169389408483246e+00 5.938810579119176604e+06
1.480142103736643344e+00 5.376409835702738725e+06
1.549192525069651882e+00 4.892224981790017337e+06
1.621464232165851449e+00 4.585392223132863641e+06
1.697107501906508942e+00 4.274879435664055869e+06
1.776279621771362560e+00 3.906286883502726909e+06
1.859145216891527452e+00 3.645505841652038507e+06
1.945876592359817581e+00 3.380173293838222045e+06
2.036654091510258002e+00 3.122439580080554821e+06
2.131666470911770972e+00 2.944630672710292973e+06
2.231111292855769257e+00 2.767392546392566059e+06
2.335195336153773393e+00 2.575519916152885649e+06
2.444135026099235386e+00 2.312398808060930111e+06
2.558156884487600369e+00 2.000865575330003863e+06
2.677498000630348152e+00 1.762439399984572316e+06
2.802406524342412553e+00 1.582290730456947815e+06
2.933142181928062087e+00 1.474462954948654631e+06
