3.069976816238139533e-02 1.262739940913639784e+09
3.213194951921637121e-02 1.299506353322959661e+09
3.363094387046929729e-02 1.133369746926130772e+09
3.519986812322865172e-02 1.319064495691310406e+09
3.684198459207260745e-02 9.012351394686657190e+08
3.856070778250449138e-02 1.264490761415342331e+09
4.035961149084377197e-02 9.095139647437095642e+08
4.224243623533543990e-02 8.563360142352468967e+08
4.421309703392971302e-02 8.160720573217686415e+08
4.627569154490460829e-02 9.018244972804155350e+08
4.843450858725836805e-02 7.720999508752714396e+08
5.069403705858849252e-02 6.228708654004123211e+08
5.305897526900069106e-02 7.723437350403543711e+08
5.553424071045594268e-02 7.188670698070145845e+08
5.812498028186940946e-02 6.351630788924415112e+08
6.083658099122266766e-02 7.156706070828258991e+08
6.367468115694234487e-02 5.443308972527220249e+08
6.664518213183667772e-02 5.390268562859264612e+08
6.975426057396794111e-02 6.517721541001440287e+08
7.300838128997587384e-02 4.697569642670559883e+08
7.641431067755764805e-02 5.871488506768393517e+08
7.997913079505601652e-02 5.716577548928480148e+08
8.371025408741054885e-02 4.489119699731584191e+08
8.761543879909236554e-02 4.995706517770384550e+08
9.170280510607109470e-02 4.484084232392362952e+08
9.598085200035742781e-02 4.326635976859263778e+08
1.004584749622301765e-01 3.921456631722027063e+08
1.051449844568940195e-01 3.995160767780446410e+08
1.100501252940287722e-01 3.552223971119563580e+08
1.151840968904851020e-01 3.235878000169633031e+08
1.205575744782594882e-01 3.125020817751858234e+08
1.261817313018468445e-01 3.071837299925055504e+08
1.320682618511266337e-01 2.867495676969263554e+08
1.382294061780912076e-01 2.538953125579468012e+08
1.446779753479788821e-01 2.324124022994940281e+08
1.514273780777332656e-01 2.146264398198251128e+08
1.584916486171791816e-01 2.189846659246436357e+08
1.658854759308886484e-01 1.912747428976240456e+08
1.736242342414167639e-01 1.703331212068707049e+08
1.817240149974163610e-01 1.579901329238461554e+08
1.902016603331038169e-01 1.591125989646750391e+08
1.990747980886495849e-01 1.478231587911514342e+08
2.083618784643124222e-01 1.459447290243890584e+08
2.180822123845329585e-01 1.308418366473084688e+08
2.282560116517592663e-01 1.310071025888743550e+08
2.389044309734965343e-01 1.242096891553597003e+08
2.500496119499697190e-01 1.026875856341872662e+08
2.617147291138638421e-01 9.664596547344015539e+07
2.739240381178740802e-01 8.178750175824081898e+07
2.867029261702632170e-01 7.418148238183160126e+07
3.000779648232989039e-01 6.062346823323415965e+07
3.140769652243355914e-01 5.030456196169277281e+07
3.287290359444262067e-01 4.491908633794999123e+07
3.440646435047088891e-01 3.801660040549083054e+07
3.601156757264223351e-01 3.135006681198057160e+07
3.769155080362766030e-01 2.877583272695339471e+07
3.944990728650497602e-01 2.246377490722979605e+07
4.129029322837124427e-01 1.969930967739263922e+07
4.321653540281166217e-01 1.775044290928374231e+07
4.523263910703274604e-01 1.494213579203047790e+07
4.734279649020536884e-01 1.351214866874745116e+07
4.955139527033520785e-01 1.142012195136778802e+07
5.186302785778565960e-01 1.005533766778462380e+07
5.428250090442419129e-01 8.418514506440429017e+06
5.681484529824789576e-01 7.639670686023230664e+06
5.946532662427046478e-01 7.123846826374753378e+06
6.223945611342215356e-01 6.457059403705035336e+06
6.514300210222929710e-01 6.080599318384609185e+06
6.818200202710160696e-01 5.393234875607204624e+06
7.136277497816758686e-01 5.221141543473158032e+06
7.469193483876155337e-01 4.793563619740603492e+06
7.817640403788362891e-01 4.139885080167797394e+06
8.182342794422867716e-01 3.649581437186324969e+06
8.564058993171398404e-01 3.071757043378599454e+06
8.963582714783228100e-01 2.592340360845708288e+06
9.381744701761730587e-01 2.385857081362673547e+06
9.819414451753946116e-01 2.125947772852033377e+06
1.027750202552496051e+00 1.783260978998489212e+06
1.075695993927647365e+00 1.743682942428220529e+06
1.125878514524432994e+00 1.766984698626672383e+06
1.178402110469330522e+00 1.694566386325635482e+06
1.233375995761962995e+00 1.638948291953788372e+06
1.290914479367274659e+00 1.509497675664259121e+06
1.351137202901832923e+00 1.528014404014859349e+06
1.414169389408483246e+00 1.808398674239009852e+06
1.480142103736643344e+00 1.498330674682797166e+06
1.549192525069651882e+00 1.284680366573296487e+06
1.621464232165851449e+00 1.114137231815282488e+06
1.697107501906508942e+00 1.076558684036082821e+06
1.776279621771362560e+00 9.982242816029316746e+05
1.859145216891527452e+00 1.004605443235983839e+06
1.945876592359817581e+00 8.721532091307376977e+05
2.036654091510258002e+00 9.042215875012669712e+05
2.131666470911770972e+00 8.370624631634540856e+05
2.231111292855769257e+00 7.483725545374166686e+05
2.335195336153773393e+00 6.119924885009221034e+05
2.444135026099235386e+00 5.583600286721327575e+05
2.558156884487600369e+00 5.482195375201766146e+05
2.677498000630348152e+00 5.249004747201942373e+05
2.802406524342412553e+00 5.203848284196616733e+05
2.933142181928062087e+00 5.252138498081921134e+05
