3.069976816238139533e-02 1.115950285343059063e+09
3.213194951921637121e-02 6.699090408178713322e+08
3.363094387046929729e-02 4.969128610566833019e+08
3.519986812322865172e-02 4.383505370699886084e+08
3.684198459207260745e-02 5.280380211549333930e+08
3.856070778250449138e-02 6.392587330791167021e+08
4.035961149084377197e-02 6.425713590189807415e+08
4.224243623533543990e-02 7.451400167844471931e+08
4.421309703392971302e-02 5.991374978330748081e+08
4.627569154490460829e-02 5.416693735782507658e+08
4.843450858725836805e-02 6.574916579436402321e+08
5.069403705858849252e-02 6.310671748259788752e+08
5.305897526900069106e-02 5.231588858107769489e+08
5.553424071045594268e-02 6.693203779398396015e+08
5.812498028186940946e-02 6.184263142319903374e+08
6.083658099122266766e-02 5.882245598544878960e+08
6.367468115694234487e-02 5.356020777080312967e+08
6.664518213183667772e-02 5.539036404493628740e+08
6.975426057396794111e-02 5.961493583366928101e+08
7.300838128997587384e-02 5.584086394744175673e+08
7.641431067755764805e-02 5.155493978108062744e+08
7.997913079505601652e-02 4.553772497987468839e+08
8.371025408741054885e-02 4.299006992727634311e+08
8.761543879909236554e-02 4.257834935042701960e+08
9.170280510607109470e-02 4.208396603605924249e+08
9.598085200035742781e-02 3.756491815700246096e+08
1.004584749622301765e-01 3.378756181226455569e+08
1.051449844568940195e-01 3.694291613758147955e+08
1.100501252940287722e-01 3.391702877674178481e+08
1.151840968904851020e-01 3.358346324653022289e+08
1.205575744782594882e-01 3.199134497798712254e+08
1.261817313018468445e-01 3.350278987575559616e+08
1.320682618511266337e-01 3.171648341119185090e+08
1.382294061780912076e-01 2.983189886762679815e+08
1.446779753479788821e-01 2.876361245576429367e+08
1.514273780777332656e-01 2.579443214416122139e+08
1.584916486171791816e-01 2.665208463100082576e+08
1.658854759308886484e-01 2.459608740412136614e+08
1.736242342414167639e-01 2.458363308318127990e+08
1.817240149974163610e-01 2.171350598304740787e+08
1.902016603331038169e-01 2.029807068716337681e+08
1.990747980886495849e-01 2.028960148402737975e+08
2.083618784643124222e-01 1.865501988661437333e+08
2.180822123845329585e-01 1.766354969597252607e+08
2.282560116517592663e-01 1.591893940070107877e+08
2.389044309734965343e-01 1.595441244268923700e+08
2.500496119499697190e-01 1.472099863524986207e+08
2.617147291138638421e-01 1.375780542029120326e+08
2.739240381178740802e-01 1.320948171439329088e+08
2.867029261702632170e-01 1.248439263457779884e+08
3.000779648232989039e-01 1.165530122665433586e+08
3.140769652243355914e-01 1.088880589433385581e+08
3.287290359444262067e-01 1.042266079483629763e+08
3.440646435047088891e-01 9.464932430148552358e+07
3.601156757264223351e-01 8.881650736703859270e+07
3.769155080362766030e-01 8.077587722984509170e+07
3.944990728650497602e-01 7.658149047281564772e+07
4.129029322837124427e-01 7.144122128727959096e+07
4.321653540281166217e-01 6.512521613736194372e+07
4.523263910703274604e-01 6.451326444034957141e+07
4.734279649020536884e-01 5.984589363230071217e+07
4.955139527033520785e-01 5.538591275476311147e+07
5.186302785778565960e-01 5.168877411852362752e+07
5.428250090442419129e-01 4.804649967695079744e+07
5.681484529824789576e-01 4.429993976629294455e+07
5.946532662427046478e-01 4.118895812452857196e+07
6.223945611342215356e-01 3.848298356507819891e+07
6.514300210222929710e-01 3.597336654349470884e+07
6.818200202710160696e-01 3.450596150302439928e+07
7.136277497816758686e-01 3.120475365069128573e+07
7.469193483876155337e-01 2.884290103878134117e+07
7.817640403788362891e-01 2.600147561788224429e+07
8.182342794422867716e-01 2.496404903379712254e+07
8.564058993171398404e-01 2.274006790905312821e+07
8.963582714783228100e-01 2.155329842335145175e+07
9.381744701761730587e-01 1.970022151016675681e+07
9.819414451753946116e-01 1.806790283347876370e+07
1.027750202552496051e+00 1.658089405264740251e+07
1.075695993927647365e+00 1.532233870790901594e+07
1.125878514524432994e+00 1.430568701957724243e+07
1.178402110469330522e+00 1.330727926976986788e+07
1.233375995761962995e+00 1.233327012506007962e+07
1.290914479367274659e+00 1.130033059428922087e+07
1.351137202901832923e+00 1.046333249794160761e+07
1.414169389408483246e+00 9.535464049090515822e+06
1.480142103736643344e+00 8.793928115041645244e+06
1.549192525069651882e+00 8.020030847204682417e+06
1.621464232165851449e+00 7.391009142497207969e+06
1.697107501906508942e+00 6.806145707616415806e+06
1.776279621771362560e+00 6.194802613154948689e+06
1.859145216891527452e+00 5.637674728841257282e+06
1.945876592359817581e+00 5.100377879063432105e+06
2.036654091510258002e+00 4.642702822405251674e+06
2.131666470911770972e+00 4.218890503132221289e+06
2.231111292855769257e+00 3.846011381344064604e+06
2.335195336153773393e+00 3.490804969161343295e+06
2.444135026099235386e+00 3.207729891055133659e+06
2.558156884487600369e+00 2.899882343949170318e+06
2.677498000630348152e+00 2.632613214419011958e+06
2.802406524342412553e+00 2.431241610953837167e+06
2.933142181928062087e+00 2.196318761409897357e+06
