3.069976816238139533e-02 9.875374628788720369e+08
3.213194951921637121e-02 9.691451721991260052e+08
3.363094387046929729e-02 1.038976645650850773e+09
3.519986812322865172e-02 7.346038570094280243e+08
3.684198459207260745e-02 8.128015454205635786e+08
3.856070778250449138e-02 8.267423088341472149e+08
4.035961149084377197e-02 6.438284424925675392e+08
4.224243623533543990e-02 5.712105467012053728e+08
4.421309703392971302e-02 5.154680011795774698e+08
4.627569154490460829e-02 6.548534054984667301e+08
4.843450858725836805e-02 5.359059234379069805e+08
5.069403705858849252e-02 6.025854655758730173e+08
5.305897526900069106e-02 3.943483063023902178e+08
5.553424071045594268e-02 4.676454504821940660e+08
5.812498028186940946e-02 4.760276716175385118e+08
6.083658099122266766e-02 5.577774082696361542e+08
6.367468115694234487e-02 5.173752093764750361e+08
6.664518213183667772e-02 4.020358941291724443e+08
6.975426057396794111e-02 4.675970664296960831e+08
7.300838128997587384e-02 4.408913015112926364e+08
7.641431067755764805e-02 3.785791503394419551e+08
7.997913079505601652e-02 3.693358322834479213e+08
8.371025408741054885e-02 3.238413395685244203e+08
8.761543879909236554e-02 3.366783506984361410e+08
9.170280510607109470e-02 2.782357752683395147e+08
9.598085200035742781e-02 2.874832671410844326e+08
1.004584749622301765e-01 3.022520840062083602e+08
1.051449844568940195e-01 2.787998722335070372e+08
1.100501252940287722e-01 2.377731780380355716e+08
1.151840968904851020e-01 2.415005521462033391e+08
1.205575744782594882e-01 2.098656238285696805e+08
1.261817313018468445e-01 2.178056730572442710e+08
1.320682618511266337e-01 2.181834386819142699e+08
1.382294061780912076e-01 1.957620519387651980e+08
1.446779753479788821e-01 1.758723974824644327e+08
1.514273780777332656e-01 1.796328237707692683e+08
1.584916486171791816e-01 1.794291634123817384e+08
1.658854759308886484e-01 1.596285025852225423e+08
1.736242342414167639e-01 1.519502816175044477e+08
1.817240149974163610e-01 1.449888810915150046e+08
1.902016603331038169e-01 1.159626261748584956e+08
1.990747980886495849e-01 1.196006373752126843e+08
2.083618784643124222e-01 1.075548574289490581e+08
2.180822123845329585e-01 9.438425363234210014e+07
2.282560116517592663e-01 9.506206287290942669e+07
2.389044309734965343e-01 7.715956352787284553e+07
2.500496119499697190e-01 7.592498420448374748e+07
2.617147291138638421e-01 7.085369477987813950e+07
2.739240381178740802e-01 5.874495166928105801e+07
2.867029261702632170e-01 5.395611928788004071e+07
3.000779648232989039e-01 5.189692337683123350e+07
3.140769652243355914e-01 4.877150604211790115e+07
3.287290359444262067e-01 4.357936446860849112e+07
3.440646435047088891e-01 3.798095214261654019e+07
3.601156757264223351e-01 3.594603990829922259e+07
3.769155080362766030e-01 3.092013349926403537e+07
3.944990728650497602e-01 3.120345127383627743e+07
4.129029322837124427e-01 3.046246785650050640e+07
4.321653540281166217e-01 2.916955893952988088e+07
4.523263910703274604e-01 3.000786207514881343e+07
4.734279649020536884e-01 2.600345210094476491e+07
4.955139527033520785e-01 2.320125604776005447e+07
5.186302785778565960e-01 2.076805269252572581e+07
5.428250090442419129e-01 1.874461063713968173e+07
5.681484529824789576e-01 1.758006649612464756e+07
5.946532662427046478e-01 1.478088131489274837e+07
6.223945611342215356e-01 1.358207325128753856e+07
6.514300210222929710e-01 1.194078820584816858e+07
6.818200202710160696e-01 1.085676791335206293e+07
7.136277497816758686e-01 1.053159648136036843e+07
7.469193483876155337e-01 9.753430434845842421e+06
7.817640403788362891e-01 9.031814882592981681e+06
8.182342794422867716e-01 8.305949734345212579e+06
8.564058993171398404e-01 7.420272863329310901e+06
8.963582714783228100e-01 6.987097351720057428e+06
9.381744701761730587e-01 6.584856833162123337e+06
9.819414451753946116e-01 5.979972270972824655e+06
1.027750202552496051e+00 5.705674202687739395e+06
1.075695993927647365e+00 5.455729152177958749e+06
1.125878514524432994e+00 5.003119976726721972e+06
1.178402110469330522e+00 5.052740784562675282e+06
1.233375995761962995e+00 4.581473167557897046e+06
1.290914479367274659e+00 4.052145024542189669e+06
1.351137202901832923e+00 3.891359297343885060e+06
1.414169389408483246e+00 3.701923484284893610e+06
1.480142103736643344e+00 3.492986464267699979e+06
1.549192525069651882e+00 3.278871067013935652e+06
1.621464232165851449e+00 3.330514994334860705e+06
1.697107501906508942e+00 3.259379943320719060e+06
1.776279621771362560e+00 3.171683830051330384e+06
1.859145216891527452e+00 2.870949600284779444e+06
1.945876592359817581e+00 2.518668724343274254e+06
2.036654091510258002e+00 2.264932955792801920e+06
2.131666470911770972e+00 1.909905729639833327e+06
2.231111292855769257e+00 1.673452717272603419e+06
2.335195336153773393e+00 1.432253738957216265e+06
2.444135026099235386e+00 1.322114955034223152e+06
2.558156884487600369e+00 1.129336433062451892e+06
2.677498000630348152e+00 9.188938804255876457e+05
2.802406524342412553e+00 8.152980269047765760e+05
2.933142181928062087e+00 7.312247043361482210e+05
