3.069976816238139533e-02 5.364568048139151931e+08
3.213194951921637121e-02 4.286931681150664091e+08
3.363094387046929729e-02 5.267229088130846024e+08
3.519986812322865172e-02 4.823436083936778903e+08
3.684198459207260745e-02 3.694107130658208132e+08
3.856070778250449138e-02 3.818585509176983833e+08
4.035961149084377197e-02 5.890852404919291735e+08
4.224243623533543990e-02 5.199523981326555014e+08
4.421309703392971302e-02 5.069788878031430840e+08
4.627569154490460829e-02 6.053871628741405010e+08
4.843450858725836805e-02 5.267312622083909512e+08
5.069403705858849252e-02 5.278733204998697639e+08
5.305897526900069106e-02 5.481470498023384809e+08
5.553424071045594268e-02 5.022296086860291958e+08
5.812498028186940946e-02 4.046649821844025850e+08
6.083658099122266766e-02 4.622011738589270711e+08
6.367468115694234487e-02 5.540959119179313183e+08
6.664518213183667772e-02 5.315901810586069226e+08
6.975426057396794111e-02 5.404451262418632507e+08
7.300838128997587384e-02 4.749091418352816105e+08
7.641431067755764805e-02 4.920753640027038455e+08
7.997913079505601652e-02 5.648757754369698763e+08
8.371025408741054885e-02 4.814225579881006479e+08
8.761543879909236554e-02 4.809118885118427873e+08
9.170280510607109470e-02 4.332246135353383422e+08
9.598085200035742781e-02 4.034588570888220668e+08
1.004584749622301765e-01 3.957882248973687291e+08
1.051449844568940195e-01 3.942013055547878742e+08
1.100501252940287722e-01 3.611819756886320114e+08
1.151840968904851020e-01 3.801148950992593765e+08
1.205575744782594882e-01 3.605550962922679782e+08
1.261817313018468445e-01 3.269438218151398301e+08
1.320682618511266337e-01 3.264000959947270155e+08
1.382294061780912076e-01 2.969861691469018459e+08
1.446779753479788821e-01 2.746802864305034876e+08
1.514273780777332656e-01 2.969980155758306980e+08
1.584916486171791816e-01 2.614887384913143516e+08
1.658854759308886484e-01 2.516622169283391237e+08
1.736242342414167639e-01 2.265304816269785166e+08
1.817240149974163610e-01 2.317205721425109506e+08
1.902016603331038169e-01 2.074550759210371375e+08
1.990747980886495849e-01 2.044718040646222532e+08
2.083618784643124222e-01 1.968672632534354925e+08
2.180822123845329585e-01 1.781418123421509862e+08
2.282560116517592663e-01 1.699471597732341886e+08
2.389044309734965343e-01 1.602398645793397129e+08
2.500496119499697190e-01 1.528917896379870772e+08
2.617147291138638421e-01 1.349738726052426696e+08
2.739240381178740802e-01 1.361502144617993236e+08
2.867029261702632170e-01 1.256314340969028175e+08
3.000779648232989039e-01 1.172822963475469649e+08
3.140769652243355914e-01 1.050611393233040422e+08
3.287290359444262067e-01 1.018531020634043813e+08
3.440646435047088891e-01 9.998496946970398724e+07
3.601156757264223351e-01 9.038314636851362884e+07
3.769155080362766030e-01 8.255264450190463662e+07
3.944990728650497602e-01 7.757378470203815401e+07
4.129029322837124427e-01 6.933772236762779951e+07
4.321653540281166217e-01 6.757349112706175447e+07
4.523263910703274604e-01 6.303611484773711860e+07
4.734279649020536884e-01 5.754603620541042089e+07
4.955139527033520785e-01 5.436759321499741077e+07
5.186302785778565960e-01 5.132703407471760362e+07
5.428250090442419129e-01 4.948309818697769195e+07
5.681484529824789576e-01 4.459995022654207796e+07
5.946532662427046478e-01 4.078634336975348741e+07
6.223945611342215356e-01 3.817429162309122831e+07
6.514300210222929710e-01 3.636076087589435279e+07
6.818200202710160696e-01 3.398462190334075689e+07
7.136277497816758686e-01 3.140749719521416351e+07
7.469193483876155337e-01 2.905521173407428712e+07
7.817640403788362891e-01 2.683544039117273316e+07
8.182342794422867716e-01 2.488226357257976383e+07
8.564058993171398404e-01 2.342776031820805371e+07
8.963582714783228100e-01 2.125103488485069945e+07
9.381744701761730587e-01 1.982709663550510257e+07
9.819414451753946116e-01 1.801185714183911309e+07
1.027750202552496051e+00 1.696987619493147731e+07
1.075695993927647365e+00 1.540065600778020732e+07
1.125878514524432994e+00 1.434399211375203542e+07
1.178402110469330522e+00 1.334399570532793924e+07
1.233375995761962995e+00 1.230058343999111839e+07
1.290914479367274659e+00 1.130520604435318150e+07
1.351137202901832923e+00 1.041083641237186082e+07
1.414169389408483246e+00 9.514018275920897722e+06
1.480142103736643344e+00 8.954206942515034229e+06
1.549192525069651882e+00 8.149396570591855794e+06
1.621464232165851449e+00 7.427262690647918731e+06
1.697107501906508942e+00 6.807711522434039973e+06
1.776279621771362560e+00 6.181446208839879371e+06
1.859145216891527452e+00 5.720295883231082931e+06
1.945876592359817581e+00 5.179247105481211096e+06
2.036654091510258002e+00 4.735557800327160396e+06
2.131666470911770972e+00 4.290323999857760966e+06
2.231111292855769257e+00 3.920754040283222217e+06
2.335195336153773393e+00 3.560813723336494993e+06
2.444135026099235386e+00 3.267638166949252598e+06
2.558156884487600369e+00 2.956916977104139049e+06
2.677498000630348152e+00 2.716786904017837718e+06
2.802406524342412553e+00 2.475738812227152288e+06
2.933142181928062087e+00 2.249318876843492966e+06
