3.069976816238139533e-02 5.990148434222378731e+08
3.213194951921637121e-02 3.498402509488126040e+08
3.363094387046929729e-02 3.397102088953777552e+08
3.519986812322865172e-02 4.370201179991319180e+08
3.684198459207260745e-02 5.425007072089183331e+08
3.856070778250449138e-02 3.343466185485452414e+08
4.035961149084377197e-02 4.327154982285608053e+08
4.224243623533543990e-02 5.182498723119362593e+08
4.421309703392971302e-02 4.454299557204961777e+08
4.627569154490460829e-02 5.078845589686161280e+08
4.843450858725836805e-02 4.983671814281709194e+08
5.069403705858849252e-02 4.389653500298143029e+08
5.305897526900069106e-02 5.130954443655349612e+08
5.553424071045594268e-02 4.748363653475248218e+08
5.812498028186940946e-02 5.757544789102382660e+08
6.083658099122266766e-02 4.825357000391480923e+08
6.367468115694234487e-02 4.758985695260361433e+08
6.664518213183667772e-02 4.693343758250747919e+08
6.975426057396794111e-02 4.067936324205285311e+08
7.300838128997587384e-02 4.010341396524445415e+08
7.641431067755764805e-02 4.101211093133749366e+08
7.997913079505601652e-02 3.877767548377746344e+08
8.371025408741054885e-02 4.217422108106918335e+08
8.761543879909236554e-02 3.963503678881055713e+08
9.170280510607109470e-02 3.966454062177169323e+08
9.598085200035742781e-02 3.786012141368963718e+08
1.004584749622301765e-01 3.551094697821105719e+08
1.051449844568940195e-01 3.898021462731881142e+08
1.100501252940287722e-01 3.614637038918958306e+08
1.151840968904851020e-01 3.228047676967651248e+08
1.205575744782594882e-01 3.598650977422453761e+08
1.261817313018468445e-01 3.317777585262029171e+08
1.320682618511266337e-01 2.888197111511947513e+08
1.382294061780912076e-01 2.853990663101360798e+08
1.446779753479788821e-01 2.559425643089951575e+08
1.514273780777332656e-01 2.822761078788587451e+08
1.584916486171791816e-01 2.538119694415602982e+08
1.658854759308886484e-01 2.414820066655444503e+08
1.736242342414167639e-01 2.320662239264483452e+08
1.817240149974163610e-01 2.080425406833402514e+08
1.902016603331038169e-01 2.060609421608786881e+08
1.990747980886495849e-01 2.005184902211404443e+08
2.083618784643124222e-01 1.821233280843148828e+08
2.180822123845329585e-01 1.676955407215496302e+08
2.282560116517592663e-01 1.680535217709207535e+08
2.389044309734965343e-01 1.603669544112614393e+08
2.500496119499697190e-01 1.501695287499826849e+08
2.617147291138638421e-01 1.364453039556426704e+08
2.739240381178740802e-01 1.331749002378451377e+08
2.867029261702632170e-01 1.198022140892259628e+08
3.000779648232989039e-01 1.173776318659522384e+08
3.140769652243355914e-01 1.071756523822339028e+08
3.287290359444262067e-01 1.040143733375678807e+08
3.440646435047088891e-01 9.538896033331158757e+07
3.601156757264223351e-01 8.565195632594262064e+07
3.769155080362766030e-01 8.149033059110210836e+07
3.944990728650497602e-01 7.734929320839151740e+07
4.129029322837124427e-01 7.000989874443314970e+07
4.321653540281166217e-01 6.820287470522880554e+07
4.523263910703274604e-01 6.081433722580976039e+07
4.734279649020536884e-01 5.812067565824253112e+07
4.955139527033520785e-01 5.555430543307577819e+07
5.186302785778565960e-01 5.241644232842279971e+07
5.428250090442419129e-01 4.813584503408560157e+07
5.681484529824789576e-01 4.511295511236021668e+07
5.946532662427046478e-01 4.228684908348775655e+07
6.223945611342215356e-01 3.925362940359906852e+07
6.514300210222929710e-01 3.719356852403751761e+07
6.818200202710160696e-01 3.451347564077742398e+07
7.136277497816758686e-01 3.135524101945734024e+07
7.469193483876155337e-01 2.942201796295005828e+07
7.817640403788362891e-01 2.722962445324614272e+07
8.182342794422867716e-01 2.528685127485170215e+07
8.564058993171398404e-01 2.317136642055867612e+07
8.963582714783228100e-01 2.132990820676764846e+07
9.381744701761730587e-01 1.963899927483516186e+07
9.819414451753946116e-01 1.813192563198180869e+07
1.027750202552496051e+00 1.671844286063296720e+07
1.075695993927647365e+00 1.574269452518110536e+07
1.125878514524432994e+00 1.443441055753487535e+07
1.178402110469330522e+00 1.346717159024298377e+07
1.233375995761962995e+00 1.240074444113293663e+07
1.290914479367274659e+00 1.162438876241111755e+07
1.351137202901832923e+00 1.058819933501984179e+07
1.414169389408483246e+00 9.843394873861983418e+06
1.480142103736643344e+00 9.018607800278674811e+06
1.549192525069651882e+00 8.175025270854447037e+06
1.621464232165851449e+00 7.524326380339959636e+06
1.697107501906508942e+00 6.956031913405945525e+06
1.776279621771362560e+00 6.347497014895807952e+06
1.859145216891527452e+00 5.756669523518849164e+06
1.945876592359817581e+00 5.185465404412895441e+06
2.036654091510258002e+00 4.761988235296642408e+06
2.131666470911770972e+00 4.287570544885361567e+06
2.231111292855769257e+00 3.935336079769755714e+06
2.335195336153773393e+00 3.590708432451407425e+06
2.444135026099235386e+00 3.295613532137974165e+06
2.558156884487600369e+00 3.004001768947148230e+06
2.677498000630348152e+00 2.747249853347238153e+06
2.802406524342412553e+00 2.505178582390323281e+06
2.933142181928062087e+00 2.273197644919334445e+06
