3.069976816238139533e-02 9.216814370958020687e+08
3.213194951921637121e-02 5.021956676153852940e+08
3.363094387046929729e-02 6.318570725406085253e+08
3.519986812322865172e-02 9.936603609966621399e+08
3.684198459207260745e-02 7.059848535650076866e+08
3.856070778250449138e-02 4.045962632267165184e+08
4.035961149084377197e-02 6.336023737631372213e+08
4.224243623533543990e-02 5.260151234435554743e+08
4.421309703392971302e-02 6.511929174190940857e+08
4.627569154490460829e-02 7.781131531011005640e+08
4.843450858725836805e-02 4.806180046579617262e+08
5.069403705858849252e-02 6.222636767764672041e+08
5.305897526900069106e-02 6.292006789519355297e+08
5.553424071045594268e-02 5.316732475351868868e+08
5.812498028186940946e-02 5.130338425301269889e+08
6.083658099122266766e-02 5.898234371814016104e+08
6.367468115694234487e-02 5.258000911690081358e+08
6.664518213183667772e-02 6.698052311438680887e+08
6.975426057396794111e-02 6.119770476341981888e+08
7.300838128997587384e-02 5.705698425828826427e+08
7.641431067755764805e-02 4.964917740550876856e+08
7.997913079505601652e-02 5.186452314985126853e+08
8.371025408741054885e-02 4.568925878645981550e+08
8.761543879909236554e-02 4.914662904431731105e+08
9.170280510607109470e-02 4.439194389565041065e+08
9.598085200035742781e-02 4.924074807911935449e+08
1.004584749622301765e-01 4.233589402740606070e+08
1.051449844568940195e-01 3.821188780899025202e+08
1.100501252940287722e-01 3.725506992381345034e+08
1.151840968904851020e-01 3.508138509836536646e+08
1.205575744782594882e-01 3.587731799389183521e+08
1.261817313018468445e-01 3.404578461321975589e+08
1.320682618511266337e-01 3.158393439311132431e+08
1.382294061780912076e-01 3.205863478961588740e+08
1.446779753479788821e-01 3.115088110379349589e+08
1.514273780777332656e-01 2.720477131710265875e+08
1.584916486171791816e-01 2.720898466525260210e+08
1.658854759308886484e-01 2.584007985096927285e+08
1.736242342414167639e-01 2.436445985018254519e+08
1.817240149974163610e-01 2.393228854818533063e+08
1.902016603331038169e-01 2.243115247145609558e+08
1.990747980886495849e-01 1.926653633683078289e+08
2.083618784643124222e-01 2.043531464095733464e+08
2.180822123845329585e-01 1.798754912997921705e+08
2.282560116517592663e-01 1.711850594685363770e+08
2.389044309734965343e-01 1.558856933949655592e+08
2.500496119499697190e-01 1.559003235538879931e+08
2.617147291138638421e-01 1.377752025632211864e+08
2.739240381178740802e-01 1.320191106541134715e+08
2.867029261702632170e-01 1.231963352274299860e+08
3.000779648232989039e-01 1.158536738537390977e+08
3.140769652243355914e-01 1.068220016681239754e+08
3.287290359444262067e-01 1.033439419543296695e+08
3.440646435047088891e-01 9.872933757563313842e+07
3.601156757264223351e-01 8.786230187098231912e+07
3.769155080362766030e-01 8.377902118268452585e+07
3.944990728650497602e-01 7.879250515418680012e+07
4.129029322837124427e-01 7.549165394292691350e+07
4.321653540281166217e-01 7.013761246614809334e+07
4.523263910703274604e-01 6.356043844412174821e+07
4.734279649020536884e-01 5.930326181125629693e+07
4.955139527033520785e-01 5.591181128407189250e+07
5.186302785778565960e-01 5.187099610158623010e+07
5.428250090442419129e-01 4.909748892147476226e+07
5.681484529824789576e-01 4.577284538927369565e+07
5.946532662427046478e-01 4.301932239366096258e+07
6.223945611342215356e-01 3.940549343154285848e+07
6.514300210222929710e-01 3.697689764734471589e+07
6.818200202710160696e-01 3.483670782378864288e+07
7.136277497816758686e-01 3.121306309904833138e+07
7.469193483876155337e-01 2.996903170912642777e+07
7.817640403788362891e-01 2.802254827039884031e+07
8.182342794422867716e-01 2.525815315038749576e+07
8.564058993171398404e-01 2.384057216583000124e+07
8.963582714783228100e-01 2.213332303987951949e+07
9.381744701761730587e-01 2.010407379974943399e+07
9.819414451753946116e-01 1.879732335827941447e+07
1.027750202552496051e+00 1.754111953497850150e+07
1.075695993927647365e+00 1.605910743366258219e+07
1.125878514524432994e+00 1.478567294571843930e+07
1.178402110469330522e+00 1.401767297235012427e+07
1.233375995761962995e+00 1.270465051409069821e+07
1.290914479367274659e+00 1.166045013012995012e+07
1.351137202901832923e+00 1.076486613013215549e+07
1.414169389408483246e+00 9.777067599831318483e+06
1.480142103736643344e+00 8.940675787168692797e+06
1.549192525069651882e+00 8.326033768951424398e+06
1.621464232165851449e+00 7.588604371186064556e+06
1.697107501906508942e+00 6.992107724179934710e+06
1.776279621771362560e+00 6.445437891593626700e+06
1.859145216891527452e+00 5.812535146011156961e+06
1.945876592359817581e+00 5.196736370461283252e+06
2.036654091510258002e+00 4.689020192117674276e+06
2.131666470911770972e+00 4.212113500435826369e+06
2.231111292855769257e+00 3.860862902814178262e+06
2.335195336153773393e+00 3.466330458001220599e+06
2.444135026099235386e+00 3.225404255536151584e+06
2.558156884487600369e+00 2.968102088148594368e+06
2.677498000630348152e+00 2.706276964696096256e+06
2.802406524342412553e+00 2.467629854294306133e+06
2.933142181928062087e+00 2.256658303812931292e+06
