3.069976816238139533e-02 1.071708327340559006e+09
3.213194951921637121e-02 6.907126811262561083e+08
3.363094387046929729e-02 9.266139521944360733e+08
3.519986812322865172e-02 9.268070436258823872e+08
3.684198459207260745e-02 7.929280916229957342e+08
3.856070778250449138e-02 6.917968076979539394e+08
4.035961149084377197e-02 8.716933263301663399e+08
4.224243623533543990e-02 8.706382022579594851e+08
4.421309703392971302e-02 9.562141142113620043e+08
4.627569154490460829e-02 7.062149881901173592e+08
4.843450858725836805e-02 8.282163020243363380e+08
5.069403705858849252e-02 7.608686026193397045e+08
5.305897526900069106e-02 7.364973233591728210e+08
5.553424071045594268e-02 8.157288798310247660e+08
5.812498028186940946e-02 6.949215596455440521e+08
6.083658099122266766e-02 7.035321195038472414e+08
6.367468115694234487e-02 6.429196776541597843e+08
6.664518213183667772e-02 5.760051154145286083e+08
6.975426057396794111e-02 6.744325359927588701e+08
7.300838128997587384e-02 6.401809836617647409e+08
7.641431067755764805e-02 6.006301200148326159e+08
7.997913079505601652e-02 4.961140784802396894e+08
8.371025408741054885e-02 4.732927009431087375e+08
8.761543879909236554e-02 4.610437321317032576e+08
9.170280510607109470e-02 4.149293318313256502e+08
9.598085200035742781e-02 3.830181324603106380e+08
1.004584749622301765e-01 4.688641612960710526e+08
1.051449844568940195e-01 4.243736629383029938e+08
1.100501252940287722e-01 3.611139704241539836e+08
1.151840968904851020e-01 3.877759294825271964e+08
1.205575744782594882e-01 4.035493267783429027e+08
1.261817313018468445e-01 3.424087563864851594e+08
1.320682618511266337e-01 3.124162867013604641e+08
1.382294061780912076e-01 3.194837887352980971e+08
1.446779753479788821e-01 2.811416089398310184e+08
1.514273780777332656e-01 2.790690433856991529e+08
1.584916486171791816e-01 2.784954336424384713e+08
1.658854759308886484e-01 2.602686087007713318e+08
1.736242342414167639e-01 2.272810785701684654e+08
1.817240149974163610e-01 2.297179183776374459e+08
1.902016603331038169e-01 2.261458580886957943e+08
1.990747980886495849e-01 2.110872242383302450e+08
2.083618784643124222e-01 1.931108080894643366e+08
2.180822123845329585e-01 1.880189486686757505e+08
2.282560116517592663e-01 1.794134443318773806e+08
2.389044309734965343e-01 1.583250689457547069e+08
2.500496119499697190e-01 1.490772042148248553e+08
2.617147291138638421e-01 1.346953563015148342e+08
2.739240381178740802e-01 1.340917639757633358e+08
2.867029261702632170e-01 1.233345464623159915e+08
3.000779648232989039e-01 1.144458658059711903e+08
3.140769652243355914e-01 1.065961225468860865e+08
3.287290359444262067e-01 1.014071166328074336e+08
3.440646435047088891e-01 9.258308599909491837e+07
3.601156757264223351e-01 9.045393349820207059e+07
3.769155080362766030e-01 8.498110594044625759e+07
3.944990728650497602e-01 7.926694312116789818e+07
4.129029322837124427e-01 7.440605267267976701e+07
4.321653540281166217e-01 6.814333502600821853e+07
4.523263910703274604e-01 6.549933822886285186e+07
4.734279649020536884e-01 5.946039450140038133e+07
4.955139527033520785e-01 5.526571233560910821e+07
5.186302785778565960e-01 5.159630951620449871e+07
5.428250090442419129e-01 4.865432657163813710e+07
5.681484529824789576e-01 4.504356269410871714e+07
5.946532662427046478e-01 4.195757014144685119e+07
6.223945611342215356e-01 3.906035720137853175e+07
6.514300210222929710e-01 3.618338562751061469e+07
6.818200202710160696e-01 3.364419664464052767e+07
7.136277497816758686e-01 3.203476718369944394e+07
7.469193483876155337e-01 2.874988194299880043e+07
7.817640403788362891e-01 2.724793948151570186e+07
8.182342794422867716e-01 2.541232955399383232e+07
8.564058993171398404e-01 2.327646258008956164e+07
8.963582714783228100e-01 2.137179808881340921e+07
9.381744701761730587e-01 1.987736108527064696e+07
9.819414451753946116e-01 1.820615206450290233e+07
1.027750202552496051e+00 1.676709481513004005e+07
1.075695993927647365e+00 1.576251617186690494e+07
1.125878514524432994e+00 1.444047906590251997e+07
1.178402110469330522e+00 1.341880573870643042e+07
1.233375995761962995e+00 1.237795327836870216e+07
1.290914479367274659e+00 1.145391933803053200e+07
1.351137202901832923e+00 1.044690055750316381e+07
1.414169389408483246e+00 9.717613551518183202e+06
1.480142103736643344e+00 9.017085473408348858e+06
1.549192525069651882e+00 8.219787067777866498e+06
1.621464232165851449e+00 7.587420367789463140e+06
1.697107501906508942e+00 6.852209118462225422e+06
1.776279621771362560e+00 6.266506779462995008e+06
1.859145216891527452e+00 5.780568349350178614e+06
1.945876592359817581e+00 5.245030259903661907e+06
2.036654091510258002e+00 4.753349873550316319e+06
2.131666470911770972e+00 4.302431874426141381e+06
2.231111292855769257e+00 3.920211665396438446e+06
2.335195336153773393e+00 3.595893299805790652e+06
2.444135026099235386e+00 3.279258551925041247e+06
2.558156884487600369e+00 3.024807179343932774e+06
2.677498000630348152e+00 2.740309632241395302e+06
2.802406524342412553e+00 2.476329948236985132e+06
2.933142181928062087e+00 2.270997445585212205e+06
