3.069976816238139533e-02 9.267485900960292816e+08
3.213194951921637121e-02 7.229808060795257092e+08
3.363094387046929729e-02 3.933122914384760857e+08
3.519986812322865172e-02 6.022560216147069931e+08
3.684198459207260745e-02 5.868279597086398602e+08
3.856070778250449138e-02 5.588661802684215307e+08
4.035961149084377197e-02 5.606198763936017752e+08
4.224243623533543990e-02 4.832568608266395330e+08
4.421309703392971302e-02 4.595709653821244240e+08
4.627569154490460829e-02 5.937361539381676912e+08
4.843450858725836805e-02 4.884014393127406836e+08
5.069403705858849252e-02 4.945440688519957662e+08
5.305897526900069106e-02 4.555587405999904275e+08
5.553424071045594268e-02 3.542930311334835887e+08
5.812498028186940946e-02 3.950255329521540999e+08
6.083658099122266766e-02 5.261563578179701567e+08
6.367468115694234487e-02 4.655234902789928913e+08
6.664518213183667772e-02 4.287036831487053633e+08
6.975426057396794111e-02 4.468600035414766073e+08
7.300838128997587384e-02 4.168096213715965748e+08
7.641431067755764805e-02 4.099718657553534508e+08
7.997913079505601652e-02 4.192312082768332958e+08
8.371025408741054885e-02 3.726841268081628084e+08
8.761543879909236554e-02 4.257063615797004104e+08
9.170280510607109470e-02 3.621189481132127047e+08
9.598085200035742781e-02 4.071792792897431254e+08
1.004584749622301765e-01 3.944710190838758945e+08
1.051449844568940195e-01 3.852321121318078041e+08
1.100501252940287722e-01 3.956852411087197065e+08
1.151840968904851020e-01 3.367024633143885136e+08
1.205575744782594882e-01 3.229276168232742548e+08
1.261817313018468445e-01 3.345944358223309517e+08
1.320682618511266337e-01 3.249716572551734447e+08
1.382294061780912076e-01 3.176078594061893225e+08
1.446779753479788821e-01 2.721627267260816693e+08
1.514273780777332656e-01 2.629964904441199303e+08
1.584916486171791816e-01 2.674416154609100223e+08
1.658854759308886484e-01 2.586958395077947974e+08
1.736242342414167639e-01 2.371872807709265947e+08
1.817240149974163610e-01 2.192750517881984711e+08
1.902016603331038169e-01 2.078200174883655310e+08
1.990747980886495849e-01 1.957769594025886953e+08
2.083618784643124222e-01 1.910746632514795959e+08
2.180822123845329585e-01 1.761299034291828871e+08
2.282560116517592663e-01 1.699415271760709584e+08
2.389044309734965343e-01 1.591352158786762953e+08
2.500496119499697190e-01 1.483487930508085489e+08
2.617147291138638421e-01 1.404149942258569896e+08
2.739240381178740802e-01 1.337927433351268321e+08
2.867029261702632170e-01 1.254666900541273952e+08
3.000779648232989039e-01 1.139275357182496339e+08
3.140769652243355914e-01 1.095449559367426932e+08
3.287290359444262067e-01 1.019349866530285776e+08
3.440646435047088891e-01 9.572953320039419830e+07
3.601156757264223351e-01 8.686241397698841989e+07
3.769155080362766030e-01 8.108352083689162135e+07
3.944990728650497602e-01 7.915679936567580700e+07
4.129029322837124427e-01 7.380400311332365870e+07
4.321653540281166217e-01 6.730502182658959925e+07
4.523263910703274604e-01 6.377281563383997232e+07
4.734279649020536884e-01 5.997273647071594000e+07
4.955139527033520785e-01 5.537509273281989247e+07
5.186302785778565960e-01 5.136919192196443677e+07
5.428250090442419129e-01 4.717416475952489674e+07
5.681484529824789576e-01 4.434952764372138679e+07
5.946532662427046478e-01 4.192188062379431725e+07
6.223945611342215356e-01 3.840783090075436980e+07
6.514300210222929710e-01 3.606279867559681088e+07
6.818200202710160696e-01 3.377109917990101874e+07
7.136277497816758686e-01 3.085200548920072988e+07
7.469193483876155337e-01 2.900768095012424514e+07
7.817640403788362891e-01 2.682816720748311281e+07
8.182342794422867716e-01 2.487357129972119257e+07
8.564058993171398404e-01 2.329257814370147884e+07
8.963582714783228100e-01 2.173167017505747452e+07
9.381744701761730587e-01 1.955266122287815064e+07
9.819414451753946116e-01 1.843473557615412399e+07
1.027750202552496051e+00 1.701579547914125025e+07
1.075695993927647365e+00 1.561428259572917782e+07
1.125878514524432994e+00 1.453523673143522069e+07
1.178402110469330522e+00 1.338002140060255490e+07
1.233375995761962995e+00 1.249508562191897631e+07
1.290914479367274659e+00 1.141746719222553633e+07
1.351137202901832923e+00 1.045170807436213270e+07
1.414169389408483246e+00 9.626918034241743386e+06
1.480142103736643344e+00 8.908664705949425697e+06
1.549192525069651882e+00 8.078978513334574178e+06
1.621464232165851449e+00 7.390608543431128375e+06
1.697107501906508942e+00 6.813216934670956805e+06
1.776279621771362560e+00 6.216407000081780367e+06
1.859145216891527452e+00 5.617841557455559261e+06
1.945876592359817581e+00 5.155817496694449335e+06
2.036654091510258002e+00 4.666054071954252198e+06
2.131666470911770972e+00 4.273463041441342793e+06
2.231111292855769257e+00 3.848690517744548153e+06
2.335195336153773393e+00 3.548262428658863995e+06
2.444135026099235386e+00 3.238428689551156946e+06
2.558156884487600369e+00 2.944624008438399062e+06
2.677498000630348152e+00 2.668454286139359698e+06
2.802406524342412553e+00 2.462178126582805533e+06
2.933142181928062087e+00 2.237188822375901975e+06
