3.069976816238139533e-02 4.939285707040559649e+08
3.213194951921637121e-02 4.696862980322285891e+08
3.363094387046929729e-02 5.976836893437650204e+08
3.519986812322865172e-02 4.988957244297272563e+08
3.684198459207260745e-02 5.664341298042899370e+08
3.856070778250449138e-02 6.259910881681094170e+08
4.035961149084377197e-02 6.673527914047799110e+08
4.224243623533543990e-02 5.269630918772476912e+08
4.421309703392971302e-02 4.153586831770871878e+08
4.627569154490460829e-02 6.659538048339180946e+08
4.843450858725836805e-02 5.163599530156884193e+08
5.069403705858849252e-02 5.131169480413634181e+08
5.305897526900069106e-02 5.876546910610429049e+08
5.553424071045594268e-02 5.884435154944775105e+08
5.812498028186940946e-02 4.474836941493357420e+08
6.083658099122266766e-02 4.473500823662432432e+08
6.367468115694234487e-02 5.298672949594548941e+08
6.664518213183667772e-02 3.561556707095254064e+08
6.975426057396794111e-02 5.001447743788417578e+08
7.300838128997587384e-02 4.730534656232270002e+08
7.641431067755764805e-02 4.685902038119150400e+08
7.997913079505601652e-02 4.371648456253368258e+08
8.371025408741054885e-02 4.880436088381002545e+08
8.761543879909236554e-02 4.355664185249651670e+08
9.170280510607109470e-02 4.123022308974946141e+08
9.598085200035742781e-02 4.040988095897178650e+08
1.004584749622301765e-01 3.544800290225619674e+08
1.051449844568940195e-01 3.663304754413264990e+08
1.100501252940287722e-01 3.490825064730009437e+08
1.151840968904851020e-01 3.295082763022553325e+08
1.205575744782594882e-01 3.407338700851218104e+08
1.261817313018468445e-01 3.060710375898762345e+08
1.320682618511266337e-01 3.214685987320917845e+08
1.382294061780912076e-01 2.890083554485720396e+08
1.446779753479788821e-01 2.563135321921054423e+08
1.514273780777332656e-01 2.676122201033766866e+08
1.584916486171791816e-01 2.521518125580045879e+08
1.658854759308886484e-01 2.422772702184402347e+08
1.736242342414167639e-01 2.160134907473660409e+08
1.817240149974163610e-01 2.249058306527727544e+08
1.902016603331038169e-01 2.076799294809006751e+08
1.990747980886495849e-01 1.964464636503274441e+08
2.083618784643124222e-01 1.872165556379525065e+08
2.180822123845329585e-01 1.796776047573858202e+08
2.282560116517592663e-01 1.632507745747084022e+08
2.389044309734965343e-01 1.530897296531140804e+08
2.500496119499697190e-01 1.418561190752172172e+08
2.617147291138638421e-01 1.410359095695570409e+08
2.739240381178740802e-01 1.330161553597330153e+08
2.867029261702632170e-01 1.162849625996643454e+08
3.000779648232989039e-01 1.140371490096435398e+08
3.140769652243355914e-01 1.059834623189835697e+08
3.287290359444262067e-01 1.013717768041026890e+08
3.440646435047088891e-01 9.481966896424683928e+07
3.601156757264223351e-01 8.980425918146122992e+07
3.769155080362766030e-01 8.070415152952389419e+07
3.944990728650497602e-01 7.817347106899066269e+07
4.129029322837124427e-01 6.981599539892119169e+07
4.321653540281166217e-01 6.469125195491481572e+07
4.523263910703274604e-01 6.235031245597583055e+07
4.734279649020536884e-01 5.835529862475462258e+07
4.955139527033520785e-01 5.380961212698242813e+07
5.186302785778565960e-01 5.027963352709466964e+07
5.428250090442419129e-01 4.729638899432106316e+07
5.681484529824789576e-01 4.408489133284605294e+07
5.946532662427046478e-01 4.061636146757584810e+07
6.223945611342215356e-01 3.777021000887419283e+07
6.514300210222929710e-01 3.567546761427970231e+07
6.818200202710160696e-01 3.307309395295928791e+07
7.136277497816758686e-01 3.104095509221146628e+07
7.469193483876155337e-01 2.810758720170834661e+07
7.817640403788362891e-01 2.639827868553234637e+07
8.182342794422867716e-01 2.450153622787917778e+07
8.564058993171398404e-01 2.223072216062939167e+07
8.963582714783228100e-01 2.107307703647298366e+07
9.381744701761730587e-01 1.962215406479875743e+07
9.819414451753946116e-01 1.790195516358613223e+07
1.027750202552496051e+00 1.660888864312200062e+07
1.075695993927647365e+00 1.552987538769305684e+07
1.125878514524432994e+00 1.407017141302541085e+07
1.178402110469330522e+00 1.330399019942203350e+07
1.233375995761962995e+00 1.224049023671752587e+07
1.290914479367274659e+00 1.151762037444984727e+07
1.351137202901832923e+00 1.048745765121767856e+07
1.414169389408483246e+00 9.768466964346684515e+06
1.480142103736643344e+00 9.013112579932974651e+06
1.549192525069651882e+00 8.199300627445884980e+06
1.621464232165851449e+00 7.466393684867639095e+06
1.697107501906508942e+00 6.918253909417553805e+06
1.776279621771362560e+00 6.287439975179541856e+06
1.859145216891527452e+00 5.719320782204670832e+06
1.945876592359817581e+00 5.219862594327905215e+06
2.036654091510258002e+00 4.674062898883677088e+06
2.131666470911770972e+00 4.318402981797834858e+06
2.231111292855769257e+00 3.909927572223829571e+06
2.335195336153773393e+00 3.567221917757895775e+06
2.444135026099235386e+00 3.250537931281664874e+06
2.558156884487600369e+00 2.981075524183171336e+06
2.677498000630348152e+00 2.713385178468120750e+06
2.802406524342412553e+00 2.461030069065791555e+06
2.933142181928062087e+00 2.231098601506158710e+06
