3.069976816238139533e-02 7.338929764558970928e+08
3.213194951921637121e-02 1.135690771474320650e+09
3.363094387046929729e-02 1.175750580561014652e+09
3.519986812322865172e-02 1.009844033164253712e+09
3.684198459207260745e-02 9.382964176108899117e+08
3.856070778250449138e-02 1.039894378965913296e+09
4.035961149084377197e-02 8.601009661685419083e+08
4.224243623533543990e-02 7.559730593111110926e+08
4.421309703392971302e-02 7.898361955413160324e+08
4.627569154490460829e-02 7.078864446087553501e+08
4.843450858725836805e-02 6.991776465348694324e+08
5.069403705858849252e-02 6.070227382096714973e+08
5.305897526900069106e-02 7.233877648247193098e+08
5.553424071045594268e-02 7.037096978386390209e+08
5.812498028186940946e-02 7.243193857750260830e+08
6.083658099122266766e-02 6.970538980773353577e+08
6.367468115694234487e-02 5.631119111895363331e+08
6.664518213183667772e-02 6.113052366806435585e+08
6.975426057396794111e-02 5.374482442219767570e+08
7.300838128997587384e-02 5.422729570217764378e+08
7.641431067755764805e-02 4.700560809488443732e+08
7.997913079505601652e-02 4.950084645792878270e+08
8.371025408741054885e-02 4.301406931542264223e+08
8.761543879909236554e-02 4.828480914850990176e+08
9.170280510607109470e-02 4.427062765088470578e+08
9.598085200035742781e-02 4.656739959232534766e+08
1.004584749622301765e-01 4.233625930378350616e+08
1.051449844568940195e-01 3.565035174805595875e+08
1.100501252940287722e-01 3.509840160595761538e+08
1.151840968904851020e-01 3.520113448352757692e+08
1.205575744782594882e-01 3.154787907183040380e+08
1.261817313018468445e-01 2.912045859346666336e+08
1.320682618511266337e-01 2.735568779889136553e+08
1.382294061780912076e-01 2.577276952071108222e+08
1.446779753479788821e-01 2.786868664506229758e+08
1.514273780777332656e-01 2.673632624402129352e+08
1.584916486171791816e-01 2.621924691213458180e+08
1.658854759308886484e-01 2.360386429352201223e+08
1.736242342414167639e-01 2.269919594970490932e+08
1.817240149974163610e-01 2.271323048428196013e+08
1.902016603331038169e-01 2.120296296256312430e+08
1.990747980886495849e-01 1.871279352159719169e+08
2.083618784643124222e-01 1.747215890066286922e+08
2.180822123845329585e-01 1.804422943185351491e+08
2.282560116517592663e-01 1.628198121603292227e+08
2.389044309734965343e-01 1.490171204477519989e+08
2.500496119499697190e-01 1.490028540968830585e+08
2.617147291138638421e-01 1.320650995666528344e+08
2.739240381178740802e-01 1.284497747326093167e+08
2.867029261702632170e-01 1.257295071099804640e+08
3.000779648232989039e-01 1.130807059240965247e+08
3.140769652243355914e-01 1.096504964547979236e+08
3.287290359444262067e-01 1.006451526408036202e+08
3.440646435047088891e-01 9.119217533156992495e+07
3.601156757264223351e-01 8.462336234722717106e+07
3.769155080362766030e-01 7.959728584316468239e+07
3.944990728650497602e-01 7.302285228562317789e+07
4.129029322837124427e-01 7.234709360636651516e+07
4.321653540281166217e-01 6.870306985000728071e+07
4.523263910703274604e-01 6.293261611798130721e+07
4.734279649020536884e-01 5.909704667644461244e+07
4.955139527033520785e-01 5.430188852588900179e+07
5.186302785778565960e-01 5.031565984085251391e+07
5.428250090442419129e-01 4.757826330289755762e+07
5.681484529824789576e-01 4.447880048418151587e+07
5.946532662427046478e-01 4.153071683951203525e+07
6.223945611342215356e-01 3.906261650803720206e+07
6.514300210222929710e-01 3.665211133375597745e+07
6.818200202710160696e-01 3.388956276663029939e+07
7.136277497816758686e-01 3.133379090598473325e+07
7.469193483876155337e-01 2.943758719311427325e+07
7.817640403788362891e-01 2.720730296399862319e+07
8.182342794422867716e-01 2.480852657530279458e+07
8.564058993171398404e-01 2.261335578588388115e+07
8.963582714783228100e-01 2.150062814698286727e+07
9.381744701761730587e-01 1.973775041599686444e+07
9.819414451753946116e-01 1.872505451526633278e+07
1.027750202552496051e+00 1.728908680379831418e+07
1.075695993927647365e+00 1.573646152829337865e+07
1.125878514524432994e+00 1.409702626369883120e+07
1.178402110469330522e+00 1.296651511314320378e+07
1.233375995761962995e+00 1.200146890955868177e+07
1.290914479367274659e+00 1.107476393166793138e+07
1.351137202901832923e+00 1.030401817805828340e+07
1.414169389408483246e+00 9.615694421170005575e+06
1.480142103736643344e+00 8.959916987288521603e+06
1.549192525069651882e+00 8.266273432611580007e+06
1.621464232165851449e+00 7.440481474386635236e+06
1.697107501906508942e+00 6.766467663559310138e+06
1.776279621771362560e+00 6.054970116277256049e+06
1.859145216891527452e+00 5.435192141865848564e+06
1.945876592359817581e+00 4.984671416669396684e+06
2.036654091510258002e+00 4.592303663827347569e+06
2.131666470911770972e+00 4.200527221425859258e+06
2.231111292855769257e+00 3.850528808724085335e+06
2.335195336153773393e+00 3.535662993958955165e+06
2.444135026099235386e+00 3.222550622631120495e+06
2.558156884487600369e+00 2.919224923168601468e+06
2.677498000630348152e+00 2.648196426540223416e+06
2.802406524342412553e+00 2.442055847551606596e+06
2.933142181928062087e+00 2.287710261392551009e+06
