3.069976816238139533e-02 1.419602528129239321e+09
3.213194951921637121e-02 1.129624764390676975e+09
3.363094387046929729e-02 1.014539409710333228e+09
3.519986812322865172e-02 1.456867157591455698e+09
3.684198459207260745e-02 1.096875930358006001e+09
3.856070778250449138e-02 1.298714398722257614e+09
4.035961149084377197e-02 8.501566119119814634e+08
4.224243623533543990e-02 7.898207410330276489e+08
4.421309703392971302e-02 1.039700429953329921e+09
4.627569154490460829e-02 8.942439645038803816e+08
4.843450858725836805e-02 8.422502554826198816e+08
5.069403705858849252e-02 8.169451579555590153e+08
5.305897526900069106e-02 7.375437800178234577e+08
5.553424071045594268e-02 7.744913533351804018e+08
5.812498028186940946e-02 6.905909650814493895e+08
6.083658099122266766e-02 7.114307078249053955e+08
6.367468115694234487e-02 6.411322219531067610e+08
6.664518213183667772e-02 6.255076535820715427e+08
6.975426057396794111e-02 6.219186531806470156e+08
7.300838128997587384e-02 6.732001822108361721e+08
7.641431067755764805e-02 5.112783293937631249e+08
7.997913079505601652e-02 4.879270193943684101e+08
8.371025408741054885e-02 4.670234259487789869e+08
8.761543879909236554e-02 4.570185684570776224e+08
9.170280510607109470e-02 4.705066980775686502e+08
9.598085200035742781e-02 4.444561945509122610e+08
1.004584749622301765e-01 4.078387250402771831e+08
1.051449844568940195e-01 3.821841051204663515e+08
1.100501252940287722e-01 3.786666747885987759e+08
1.151840968904851020e-01 3.391759114730889201e+08
1.205575744782594882e-01 3.568296714490965605e+08
1.261817313018468445e-01 3.317236691184219122e+08
1.320682618511266337e-01 3.377930772345613241e+08
1.382294061780912076e-01 3.203646374324662089e+08
1.446779753479788821e-01 2.793240836714061499e+08
1.514273780777332656e-01 2.888290824785570502e+08
1.584916486171791816e-01 2.843412226787021160e+08
1.658854759308886484e-01 2.535109617746230960e+08
1.736242342414167639e-01 2.336581563833740950e+08
1.817240149974163610e-01 2.312723694698303938e+08
1.902016603331038169e-01 2.074832927683315277e+08
1.990747980886495849e-01 2.128562109054788649e+08
2.083618784643124222e-01 1.849787822373999059e+08
2.180822123845329585e-01 1.834550028038766682e+08
2.282560116517592663e-01 1.820448373821257353e+08
2.389044309734965343e-01 1.655875693541874886e+08
2.500496119499697190e-01 1.547342378520506024e+08
2.617147291138638421e-01 1.468388046844879687e+08
2.739240381178740802e-01 1.358219424251261652e+08
2.867029261702632170e-01 1.273101052941091657e+08
3.000779648232989039e-01 1.199905424570742846e+08
3.140769652243355914e-01 1.129534542092522085e+08
3.287290359444262067e-01 1.042064487480320781e+08
3.440646435047088891e-01 9.424967445193541050e+07
3.601156757264223351e-01 8.796083875568544865e+07
3.769155080362766030e-01 7.951996513038258255e+07
3.944990728650497602e-01 7.370689400725612044e+07
4.129029322837124427e-01 6.969327779638038576e+07
4.321653540281166217e-01 6.487426679016252607e+07
4.523263910703274604e-01 6.036367421675731987e+07
4.734279649020536884e-01 5.338516474553620815e+07
4.955139527033520785e-01 5.010602548390819132e+07
5.186302785778565960e-01 4.518864949515230209e+07
5.428250090442419129e-01 4.162213753322188556e+07
5.681484529824789576e-01 4.109771660936821997e+07
5.946532662427046478e-01 3.666618604964444041e+07
6.223945611342215356e-01 3.298479021019409597e+07
6.514300210222929710e-01 3.132477418748766929e+07
6.818200202710160696e-01 2.970813661384421214e+07
7.136277497816758686e-01 2.750112299259303883e+07
7.469193483876155337e-01 2.556878238346866146e+07
7.817640403788362891e-01 2.474948478495372459e+07
8.182342794422867716e-01 2.475483300967397168e+07
8.564058993171398404e-01 2.360490827043370530e+07
8.963582714783228100e-01 2.349709603139349446e+07
9.381744701761730587e-01 2.166486298918055743e+07
9.819414451753946116e-01 2.004575605904090032e+07
1.027750202552496051e+00 1.890671015416792035e+07
1.075695993927647365e+00 1.764468928026081622e+07
1.125878514524432994e+00 1.664821154134701937e+07
1.178402110469330522e+00 1.503196488151638396e+07
1.233375995761962995e+00 1.399372133215867169e+07
1.290914479367274659e+00 1.242820554372944124e+07
1.351137202901832923e+00 1.118115428804094903e+07
1.414169389408483246e+00 9.733092091430686414e+06
1.480142103736643344e+00 8.779286066048745066e+06
1.549192525069651882e+00 7.732564015977170318e+06
1.621464232165851449e+00 6.867330611882789992e+06
1.697107501906508942e+00 6.181258474608669057e+06
1.776279621771362560e+00 5.704050486397871748e+06
1.859145216891527452e+00 5.214613771143790334e+06
1.945876592359817581e+00 4.801675501615293324e+06
2.036654091510258002e+00 4.531803803110493347e+06
2.131666470911770972e+00 4.303997304375139996e+06
2.231111292855769257e+00 3.781723787546930835e+06
2.335195336153773393e+00 3.383144202677823603e+06
2.444135026099235386e+00 2.941215215181150474e+06
2.558156884487600369e+00 2.601541419579205103e+06
2.677498000630348152e+00 2.206279902623400558e+06
2.802406524342412553e+00 1.950962797786284937e+06
2.933142181928062087e+00 1.713586647682751762e+06
