3.069976816238139533e-02 6.443474766065384150e+08
3.213194951921637121e-02 1.070328456241721988e+09
3.363094387046929729e-02 1.272830254350536108e+09
3.519986812322865172e-02 7.762890061842972040e+08
3.684198459207260745e-02 9.702034512674248219e+08
3.856070778250449138e-02 8.151276579226536751e+08
4.035961149084377197e-02 9.048050944332373142e+08
4.224243623533543990e-02 7.576603905391162634e+08
4.421309703392971302e-02 6.204974976657273769e+08
4.627569154490460829e-02 8.528847341874705553e+08
4.843450858725836805e-02 6.666641675895249844e+08
5.069403705858849252e-02 6.637547284221245050e+08
5.305897526900069106e-02 6.353832338479298353e+08
5.553424071045594268e-02 6.467605906622614861e+08
5.812498028186940946e-02 7.098869734144191742e+08
6.083658099122266766e-02 5.833677409397459030e+08
6.367468115694234487e-02 5.915923587483146191e+08
6.664518213183667772e-02 5.967310898053991795e+08
6.975426057396794111e-02 4.999959156950041652e+08
7.300838128997587384e-02 5.251626459441192746e+08
7.641431067755764805e-02 4.481327761134728789e+08
7.997913079505601652e-02 4.636900500978697538e+08
8.371025408741054885e-02 4.460618611890188456e+08
8.761543879909236554e-02 4.089171198004356623e+08
9.170280510607109470e-02 3.825461601053724289e+08
9.598085200035742781e-02 4.131704218944404721e+08
1.004584749622301765e-01 3.410553255126416683e+08
1.051449844568940195e-01 3.897544900087670088e+08
1.100501252940287722e-01 3.626184305598331094e+08
1.151840968904851020e-01 3.567173472526746988e+08
1.205575744782594882e-01 3.352641351506073475e+08
1.261817313018468445e-01 2.547441868466682434e+08
1.320682618511266337e-01 2.832510841922941804e+08
1.382294061780912076e-01 3.010626131990076900e+08
1.446779753479788821e-01 2.609332729114060700e+08
1.514273780777332656e-01 2.469266066641250253e+08
1.584916486171791816e-01 2.415147587296199799e+08
1.658854759308886484e-01 2.263996093844108880e+08
1.736242342414167639e-01 2.206428628453145921e+08
1.817240149974163610e-01 2.106084170067406893e+08
1.902016603331038169e-01 2.005793806700995564e+08
1.990747980886495849e-01 1.859722909483874738e+08
2.083618784643124222e-01 1.685352333578527570e+08
2.180822123845329585e-01 1.684704377571107149e+08
2.282560116517592663e-01 1.709125029783645272e+08
2.389044309734965343e-01 1.471491831941766143e+08
2.500496119499697190e-01 1.432165588751682341e+08
2.617147291138638421e-01 1.377445116887986362e+08
2.739240381178740802e-01 1.233786769275253862e+08
2.867029261702632170e-01 1.206865018087724596e+08
3.000779648232989039e-01 1.111071837989518642e+08
3.140769652243355914e-01 1.041306060891882181e+08
3.287290359444262067e-01 9.810448194936574996e+07
3.440646435047088891e-01 9.455567186545595527e+07
3.601156757264223351e-01 8.517893890553408861e+07
3.769155080362766030e-01 7.997696767838650942e+07
3.944990728650497602e-01 7.501833881478776038e+07
4.129029322837124427e-01 7.147221492739927769e+07
4.321653540281166217e-01 6.726427225752431154e+07
4.523263910703274604e-01 6.326800144497688860e+07
4.734279649020536884e-01 5.811492993582674116e+07
4.955139527033520785e-01 5.488949556448230147e+07
5.186302785778565960e-01 5.247788126205070317e+07
5.428250090442419129e-01 4.858931967596999556e+07
5.681484529824789576e-01 4.581444926816557348e+07
5.946532662427046478e-01 4.053727179111068696e+07
6.223945611342215356e-01 3.851462155614786595e+07
6.514300210222929710e-01 3.568577342962174863e+07
6.818200202710160696e-01 3.430451974571605027e+07
7.136277497816758686e-01 3.222220901260994002e+07
7.469193483876155337e-01 2.947007232628386468e+07
7.817640403788362891e-01 2.738888240299183130e+07
8.182342794422867716e-01 2.566134021443948895e+07
8.564058993171398404e-01 2.374014518972326070e+07
8.963582714783228100e-01 2.211914851910863444e+07
9.381744701761730587e-01 2.040310560262364149e+07
9.819414451753946116e-01 1.903091419967886060e+07
1.027750202552496051e+00 1.726566204491895065e+07
1.075695993927647365e+00 1.621634769220611639e+07
1.125878514524432994e+00 1.531077471897635050e+07
1.178402110469330522e+00 1.383572496352480724e+07
1.233375995761962995e+00 1.280619843368735723e+07
1.290914479367274659e+00 1.165089933288432471e+07
1.351137202901832923e+00 1.091341522508428805e+07
1.414169389408483246e+00 1.008033782763171196e+07
1.480142103736643344e+00 9.163712721025109291e+06
1.549192525069651882e+00 8.431023771213285625e+06
1.621464232165851449e+00 7.743742748909698799e+06
1.697107501906508942e+00 7.092501559213683009e+06
1.776279621771362560e+00 6.542883824111729860e+06
1.859145216891527452e+00 5.918679873169185594e+06
1.945876592359817581e+00 5.416470188366210088e+06
2.036654091510258002e+00 4.901887885026621632e+06
2.131666470911770972e+00 4.353360593328428455e+06
2.231111292855769257e+00 3.959619196761666331e+06
2.335195336153773393e+00 3.657729676537031773e+06
2.444135026099235386e+00 3.333113189773848746e+06
2.558156884487600369e+00 3.015459167017085943e+06
2.677498000630348152e+00 2.791330103912154213e+06
2.802406524342412553e+00 2.461329710884835571e+06
2.933142181928062087e+00 2.223752710709290113e+06
