3.069976816238139533e-02 6.638328215320141315e+08
3.213194951921637121e-02 6.692507143785324097e+08
3.363094387046929729e-02 7.744660327936083078e+08
3.519986812322865172e-02 3.407614245556342602e+08
3.684198459207260745e-02 6.715584282577340603e+08
3.856070778250449138e-02 5.744772149354695082e+08
4.035961149084377197e-02 6.443995721222311258e+08
4.224243623533543990e-02 5.082965884555923939e+08
4.421309703392971302e-02 6.421600600444699526e+08
4.627569154490460829e-02 5.468626298432407379e+08
4.843450858725836805e-02 6.059461447624959946e+08
5.069403705858849252e-02 6.308302620321646929e+08
5.305897526900069106e-02 5.735048694849525690e+08
5.553424071045594268e-02 5.903232360396174192e+08
5.812498028186940946e-02 6.643068134754972458e+08
6.083658099122266766e-02 5.884955448962306976e+08
6.367468115694234487e-02 6.606996704927747250e+08
6.664518213183667772e-02 4.803429181916168928e+08
6.975426057396794111e-02 4.992583642092568874e+08
7.300838128997587384e-02 5.474757950863941908e+08
7.641431067755764805e-02 4.642077001810711026e+08
7.997913079505601652e-02 4.527941801020796895e+08
8.371025408741054885e-02 5.736941805682277679e+08
8.761543879909236554e-02 4.393484481460294724e+08
9.170280510607109470e-02 3.820570230678710341e+08
9.598085200035742781e-02 3.652447560223957300e+08
1.004584749622301765e-01 4.081917756041026115e+08
1.051449844568940195e-01 3.994134346638401151e+08
1.100501252940287722e-01 3.870929110246300697e+08
1.151840968904851020e-01 3.505849829937947392e+08
1.205575744782594882e-01 3.312210229037548900e+08
1.261817313018468445e-01 3.209432173935737014e+08
1.320682618511266337e-01 3.203332840092308521e+08
1.382294061780912076e-01 3.076560455162482262e+08
1.446779753479788821e-01 3.040485600013309121e+08
1.514273780777332656e-01 2.797027590221555829e+08
1.584916486171791816e-01 2.706392356408152580e+08
1.658854759308886484e-01 2.311461647556081414e+08
1.736242342414167639e-01 2.360229175522685349e+08
1.817240149974163610e-01 2.249364765348082483e+08
1.902016603331038169e-01 2.153652056099877954e+08
1.990747980886495849e-01 1.961676504847574830e+08
2.083618784643124222e-01 1.981826892909757793e+08
2.180822123845329585e-01 1.780770737487017214e+08
2.282560116517592663e-01 1.638425338873864114e+08
2.389044309734965343e-01 1.564320248553129733e+08
2.500496119499697190e-01 1.437631411190896630e+08
2.617147291138638421e-01 1.382787676305983365e+08
2.739240381178740802e-01 1.343889485278979838e+08
2.867029261702632170e-01 1.186366246768249720e+08
3.000779648232989039e-01 1.141672777667495906e+08
3.140769652243355914e-01 1.074838820087203234e+08
3.287290359444262067e-01 9.913254626437041163e+07
3.440646435047088891e-01 9.295850579641215503e+07
3.601156757264223351e-01 8.775398407883656025e+07
3.769155080362766030e-01 8.124904252185624838e+07
3.944990728650497602e-01 7.785884790316875279e+07
4.129029322837124427e-01 7.352451567978487909e+07
4.321653540281166217e-01 6.746313092374828458e+07
4.523263910703274604e-01 6.464028432861673832e+07
4.734279649020536884e-01 5.902113816988060623e+07
4.955139527033520785e-01 5.527885486640767753e+07
5.186302785778565960e-01 5.266365312250541896e+07
5.428250090442419129e-01 4.801110583787863702e+07
5.681484529824789576e-01 4.378371946321022511e+07
5.946532662427046478e-01 4.220774815276637673e+07
6.223945611342215356e-01 3.823799996809747815e+07
6.514300210222929710e-01 3.664028927693707496e+07
6.818200202710160696e-01 3.382177757534924895e+07
7.136277497816758686e-01 3.143816295728159696e+07
7.469193483876155337e-01 2.887843122963424772e+07
7.817640403788362891e-01 2.635212696370727941e+07
8.182342794422867716e-01 2.491172426616787910e+07
8.564058993171398404e-01 2.340987255213005841e+07
8.963582714783228100e-01 2.165715812631884962e+07
9.381744701761730587e-01 1.955102598869694397e+07
9.819414451753946116e-01 1.814646058929686621e+07
1.027750202552496051e+00 1.671676917848218046e+07
1.075695993927647365e+00 1.550297953399292566e+07
1.125878514524432994e+00 1.431182343113736995e+07
1.178402110469330522e+00 1.327293930529637448e+07
1.233375995761962995e+00 1.229992396203008294e+07
1.290914479367274659e+00 1.138821898435481451e+07
1.351137202901832923e+00 1.047311393680525385e+07
1.414169389408483246e+00 9.713867471449516714e+06
1.480142103736643344e+00 8.839607908994311467e+06
1.549192525069651882e+00 8.131393702020406723e+06
1.621464232165851449e+00 7.490857034676036797e+06
1.697107501906508942e+00 6.835171904240109958e+06
1.776279621771362560e+00 6.253212055703989230e+06
1.859145216891527452e+00 5.727909456755232997e+06
1.945876592359817581e+00 5.198159379481918178e+06
2.036654091510258002e+00 4.772167955028981902e+06
2.131666470911770972e+00 4.322085300483375788e+06
2.231111292855769257e+00 3.932298562710362487e+06
2.335195336153773393e+00 3.551298375093368813e+06
2.444135026099235386e+00 3.238693958755116444e+06
2.558156884487600369e+00 2.944777973912048619e+06
2.677498000630348152e+00 2.692153877597972751e+06
2.802406524342412553e+00 2.475766885068484116e+06
2.933142181928062087e+00 2.266252514478864614e+06
