3.069976816238139533e-02 1.375573162344713211e+09
3.213194951921637121e-02 1.290590219559347391e+09
3.363094387046929729e-02 8.894996774819192886e+08
3.519986812322865172e-02 1.093576132017114162e+09
3.684198459207260745e-02 8.820755538391937017e+08
3.856070778250449138e-02 8.739229145228099823e+08
4.035961149084377197e-02 9.298043272843177319e+08
4.224243623533543990e-02 9.116870768448557854e+08
4.421309703392971302e-02 7.286581944184163809e+08
4.627569154490460829e-02 8.204698845582402945e+08
4.843450858725836805e-02 6.860003952203452587e+08
5.069403705858849252e-02 9.026823239416284561e+08
5.305897526900069106e-02 7.511789201921789646e+08
5.553424071045594268e-02 6.120848511068910360e+08
5.812498028186940946e-02 5.988287984591704607e+08
6.083658099122266766e-02 6.073639697278095484e+08
6.367468115694234487e-02 6.360648068300778866e+08
6.664518213183667772e-02 7.119934461462421417e+08
6.975426057396794111e-02 6.042674519661941528e+08
7.300838128997587384e-02 5.257109460667015314e+08
7.641431067755764805e-02 5.822264503415554762e+08
7.997913079505601652e-02 4.829577940950744152e+08
8.371025408741054885e-02 5.369394178975661993e+08
8.761543879909236554e-02 4.616524243392044902e+08
9.170280510607109470e-02 4.519283705900332332e+08
9.598085200035742781e-02 4.430209909345465899e+08
1.004584749622301765e-01 3.552579755444138050e+08
1.051449844568940195e-01 4.089547578493298292e+08
1.100501252940287722e-01 3.345135857675037384e+08
1.151840968904851020e-01 3.949232938918027878e+08
1.205575744782594882e-01 3.512359502347593307e+08
1.261817313018468445e-01 3.215727204196701050e+08
1.320682618511266337e-01 2.898145543883177042e+08
1.382294061780912076e-01 2.667940525768840015e+08
1.446779753479788821e-01 3.087401753725283146e+08
1.514273780777332656e-01 2.793704049118492603e+08
1.584916486171791816e-01 2.606875304604710042e+08
1.658854759308886484e-01 2.445740058383824527e+08
1.736242342414167639e-01 2.076287376991227865e+08
1.817240149974163610e-01 2.018458457737236619e+08
1.902016603331038169e-01 1.771558499328344464e+08
1.990747980886495849e-01 1.722327502357125580e+08
2.083618784643124222e-01 1.769483772820575237e+08
2.180822123845329585e-01 1.509413737531771064e+08
2.282560116517592663e-01 1.417671063555565178e+08
2.389044309734965343e-01 1.405266552709503770e+08
2.500496119499697190e-01 1.294266867059748471e+08
2.617147291138638421e-01 1.188367866462323666e+08
2.739240381178740802e-01 1.137975968227985203e+08
2.867029261702632170e-01 1.023927992746749222e+08
3.000779648232989039e-01 9.531882299667567015e+07
3.140769652243355914e-01 8.947099856641252339e+07
3.287290359444262067e-01 8.470812292956110835e+07
3.440646435047088891e-01 7.677040991873016953e+07
3.601156757264223351e-01 7.311717707248179615e+07
3.769155080362766030e-01 6.780269596861141920e+07
3.944990728650497602e-01 6.357419128561658412e+07
4.129029322837124427e-01 5.613625236419463903e+07
4.321653540281166217e-01 5.312506341757498682e+07
4.523263910703274604e-01 4.746960517126213014e+07
4.734279649020536884e-01 4.623895824069254845e+07
4.955139527033520785e-01 4.200589336017551273e+07
5.186302785778565960e-01 4.038328933953315020e+07
5.428250090442419129e-01 3.620786174144298583e+07
5.681484529824789576e-01 3.440677357909016311e+07
5.946532662427046478e-01 3.272793018279200420e+07
6.223945611342215356e-01 2.816271425378916040e+07
6.514300210222929710e-01 2.530195947568132356e+07
6.818200202710160696e-01 2.324598647429291531e+07
7.136277497816758686e-01 2.203108504482708499e+07
7.469193483876155337e-01 2.074842623226041719e+07
7.817640403788362891e-01 1.903798996089417860e+07
8.182342794422867716e-01 1.834516241638005152e+07
8.564058993171398404e-01 1.732030216097388417e+07
8.963582714783228100e-01 1.613262386851104908e+07
9.381744701761730587e-01 1.468606888904349878e+07
9.819414451753946116e-01 1.355899191427882761e+07
1.027750202552496051e+00 1.272493315642929077e+07
1.075695993927647365e+00 1.226648512591889128e+07
1.125878514524432994e+00 1.167003176348677650e+07
1.178402110469330522e+00 1.104234176228785887e+07
1.233375995761962995e+00 9.826859749797726050e+06
1.290914479367274659e+00 8.891482085894873366e+06
1.351137202901832923e+00 8.414184096520382911e+06
1.414169389408483246e+00 7.948213734267650172e+06
1.480142103736643344e+00 7.424237505745596252e+06
1.549192525069651882e+00 6.891930306210877374e+06
1.621464232165851449e+00 6.459248291800540872e+06
1.697107501906508942e+00 6.068176333104431629e+06
1.776279621771362560e+00 5.672733140977825038e+06
1.859145216891527452e+00 5.199835368457743898e+06
1.945876592359817581e+00 4.817070596683827229e+06
2.036654091510258002e+00 4.409089826220129617e+06
2.131666470911770972e+00 3.906945972984866705e+06
2.231111292855769257e+00 3.487696575578472111e+06
2.335195336153773393e+00 3.081833986497397535e+06
2.444135026099235386e+00 2.834969365142755210e+06
2.558156884487600369e+00 2.564948539128801320e+06
2.677498000630348152e+00 2.440186364910613745e+06
2.802406524342412553e+00 2.228911990857462399e+06
2.933142181928062087e+00 1.991959476746766828e+06
