3.069976816238139533e-02 7.619387819988924265e+08
3.213194951921637121e-02 3.446907781485539079e+08
3.363094387046929729e-02 5.776211191308941841e+08
3.519986812322865172e-02 5.093877435639902353e+08
3.684198459207260745e-02 5.297822529420275092e+08
3.856070778250449138e-02 3.945091159933891892e+08
4.035961149084377197e-02 4.043931932407923341e+08
4.224243623533543990e-02 5.612943570199583769e+08
4.421309703392971302e-02 3.617078255265502930e+08
4.627569154490460829e-02 4.479370214265975952e+08
4.843450858725836805e-02 5.678015865000306368e+08
5.069403705858849252e-02 6.323757066379612684e+08
5.305897526900069106e-02 3.632356842754889131e+08
5.553424071045594268e-02 3.713407374709779620e+08
5.812498028186940946e-02 5.055423822962054014e+08
6.083658099122266766e-02 4.759451655144684315e+08
6.367468115694234487e-02 5.082884223921433091e+08
6.664518213183667772e-02 4.719017611387351751e+08
6.975426057396794111e-02 4.404629695547768474e+08
7.300838128997587384e-02 4.995858604819356799e+08
7.641431067755764805e-02 4.321966266062046885e+08
7.997913079505601652e-02 4.724098669905952215e+08
8.371025408741054885e-02 4.292916117085549831e+08
8.761543879909236554e-02 4.021489885933877826e+08
9.170280510607109470e-02 3.546596646339299083e+08
9.598085200035742781e-02 4.037952320518227220e+08
1.004584749622301765e-01 4.055520622581378818e+08
1.051449844568940195e-01 3.615605849259076118e+08
1.100501252940287722e-01 3.203140614550251961e+08
1.151840968904851020e-01 3.320162264993030429e+08
1.205575744782594882e-01 3.357168054151297212e+08
1.261817313018468445e-01 3.244759325814182162e+08
1.320682618511266337e-01 3.047474745949669480e+08
1.382294061780912076e-01 3.198824675620293617e+08
1.446779753479788821e-01 3.090447822177241445e+08
1.514273780777332656e-01 2.861937460377501845e+08
1.584916486171791816e-01 2.926797179461615086e+08
1.658854759308886484e-01 2.462855276872877479e+08
1.736242342414167639e-01 2.244408965338734388e+08
1.817240149974163610e-01 2.202419115811621249e+08
1.902016603331038169e-01 2.101339141696606576e+08
1.990747980886495849e-01 2.017909651513775587e+08
2.083618784643124222e-01 1.907532751999964416e+08
2.180822123845329585e-01 1.870103959839346707e+08
2.282560116517592663e-01 1.736151872382645905e+08
2.389044309734965343e-01 1.583987056820848882e+08
2.500496119499697190e-01 1.451398176637864411e+08
2.617147291138638421e-01 1.397059192534807920e+08
2.739240381178740802e-01 1.320074577057069987e+08
2.867029261702632170e-01 1.290603081926362813e+08
3.000779648232989039e-01 1.110333565934271067e+08
3.140769652243355914e-01 1.088903374451354593e+08
3.287290359444262067e-01 1.009728169955310076e+08
3.440646435047088891e-01 9.537345800089515746e+07
3.601156757264223351e-01 8.938444387844353914e+07
3.769155080362766030e-01 8.003827106934621930e+07
3.944990728650497602e-01 7.607228487795047462e+07
4.129029322837124427e-01 7.220991508094413579e+07
4.321653540281166217e-01 6.495310069065476954e+07
4.523263910703274604e-01 6.207689164434225857e+07
4.734279649020536884e-01 5.850316095738497376e+07
4.955139527033520785e-01 5.321676403623392433e+07
5.186302785778565960e-01 5.036559247452862561e+07
5.428250090442419129e-01 4.684249814596214145e+07
5.681484529824789576e-01 4.483286751369784772e+07
5.946532662427046478e-01 4.120706512840235978e+07
6.223945611342215356e-01 4.003483897429253161e+07
6.514300210222929710e-01 3.681866955228246003e+07
6.818200202710160696e-01 3.365075390819735825e+07
7.136277497816758686e-01 3.118660425088843703e+07
7.469193483876155337e-01 2.883410102319138497e+07
7.817640403788362891e-01 2.668940926158677414e+07
8.182342794422867716e-01 2.503786953948866948e+07
8.564058993171398404e-01 2.253313558577404916e+07
8.963582714783228100e-01 2.097147856539763138e+07
9.381744701761730587e-01 1.986144442051832005e+07
9.819414451753946116e-01 1.807304088372008130e+07
1.027750202552496051e+00 1.666497469152990170e+07
1.075695993927647365e+00 1.540199810176921822e+07
1.125878514524432994e+00 1.405848613409521990e+07
1.178402110469330522e+00 1.330912432054416463e+07
1.233375995761962995e+00 1.223326205247677490e+07
1.290914479367274659e+00 1.135253122054617479e+07
1.351137202901832923e+00 1.047997566603390314e+07
1.414169389408483246e+00 9.683148468677677214e+06
1.480142103736643344e+00 8.891865383734144270e+06
1.549192525069651882e+00 8.069285335827089846e+06
1.621464232165851449e+00 7.462002873435671441e+06
1.697107501906508942e+00 6.780115547479297034e+06
1.776279621771362560e+00 6.244577761234770529e+06
1.859145216891527452e+00 5.734930649254339747e+06
1.945876592359817581e+00 5.150081914440490305e+06
2.036654091510258002e+00 4.704814946083859541e+06
2.131666470911770972e+00 4.294385341789343394e+06
2.231111292855769257e+00 3.913831665001295041e+06
2.335195336153773393e+00 3.556624788640281186e+06
2.444135026099235386e+00 3.224675688662414439e+06
2.558156884487600369e+00 2.927323672911396716e+06
2.677498000630348152e+00 2.713287925263046753e+06
2.802406524342412553e+00 2.489256417870497331e+06
2.933142181928062087e+00 2.270631226542483550e+06
