3.069976816238139533e-02 1.052406384689327240e+09
3.213194951921637121e-02 1.430580293194401979e+09
3.363094387046929729e-02 1.260609641796315670e+09
3.519986812322865172e-02 1.179764077568310738e+09
3.684198459207260745e-02 1.090595556800491333e+09
3.856070778250449138e-02 1.087077393064096928e+09
4.035961149084377197e-02 7.701289812260316610e+08
4.224243623533543990e-02 8.165758399870522022e+08
4.421309703392971302e-02 7.425208147252820730e+08
4.627569154490460829e-02 8.132802753783836365e+08
4.843450858725836805e-02 9.613842749469108582e+08
5.069403705858849252e-02 7.411248328046163321e+08
5.305897526900069106e-02 7.813294647543299198e+08
5.553424071045594268e-02 4.593701162258628607e+08
5.812498028186940946e-02 6.541195896292874813e+08
6.083658099122266766e-02 5.959449521945667267e+08
6.367468115694234487e-02 5.161380006177624464e+08
6.664518213183667772e-02 4.895969224405019879e+08
6.975426057396794111e-02 5.773305887159624100e+08
7.300838128997587384e-02 5.356214437971920967e+08
7.641431067755764805e-02 4.595951406980050206e+08
7.997913079505601652e-02 4.859827268611423373e+08
8.371025408741054885e-02 4.829375740464422107e+08
8.761543879909236554e-02 4.150596975365334153e+08
9.170280510607109470e-02 4.595615245024788976e+08
9.598085200035742781e-02 3.779394038843407631e+08
1.004584749622301765e-01 4.256005597034859061e+08
1.051449844568940195e-01 3.535239439909873605e+08
1.100501252940287722e-01 3.440112321583576798e+08
1.151840968904851020e-01 2.964297787639575005e+08
1.205575744782594882e-01 3.158174659685660601e+08
1.261817313018468445e-01 3.228957611371609569e+08
1.320682618511266337e-01 3.104921021122472882e+08
1.382294061780912076e-01 2.979159126447172761e+08
1.446779753479788821e-01 2.455661675589078665e+08
1.514273780777332656e-01 2.348444261107178628e+08
1.584916486171791816e-01 2.550866251499407291e+08
1.658854759308886484e-01 2.533647937604239583e+08
1.736242342414167639e-01 2.305719015648835003e+08
1.817240149974163610e-01 2.101024273975282013e+08
1.902016603331038169e-01 2.084436504882061779e+08
1.990747980886495849e-01 1.808986658186371922e+08
2.083618784643124222e-01 1.864253260985241830e+08
2.180822123845329585e-01 1.740270475334918499e+08
2.282560116517592663e-01 1.655430181586637199e+08
2.389044309734965343e-01 1.558584749522030056e+08
2.500496119499697190e-01 1.451965910840504766e+08
2.617147291138638421e-01 1.344143213007633090e+08
2.739240381178740802e-01 1.277532954234158546e+08
2.867029261702632170e-01 1.147672732905840576e+08
3.000779648232989039e-01 1.145228099971095622e+08
3.140769652243355914e-01 1.052472091893382967e+08
3.287290359444262067e-01 9.859962765720391273e+07
3.440646435047088891e-01 9.043267438222180307e+07
3.601156757264223351e-01 8.900290342022532225e+07
3.769155080362766030e-01 8.147487008627337217e+07
3.944990728650497602e-01 7.509559076267379522e+07
4.129029322837124427e-01 7.260096215613177419e+07
4.321653540281166217e-01 6.740688742713066936e+07
4.523263910703274604e-01 6.322335848479265720e+07
4.734279649020536884e-01 5.823065224092430621e+07
4.955139527033520785e-01 5.346587501830002666e+07
5.186302785778565960e-01 5.041427787812935561e+07
5.428250090442419129e-01 4.705454749878632277e+07
5.681484529824789576e-01 4.378727679860307276e+07
5.946532662427046478e-01 4.077350624687752128e+07
6.223945611342215356e-01 3.779197372125136852e+07
6.514300210222929710e-01 3.567927808054558188e+07
6.818200202710160696e-01 3.399127777302211523e+07
7.136277497816758686e-01 3.056024610130963475e+07
7.469193483876155337e-01 2.845446312098551169e+07
7.817640403788362891e-01 2.568900553032437339e+07
8.182342794422867716e-01 2.438003591448720545e+07
8.564058993171398404e-01 2.245044236690549552e+07
8.963582714783228100e-01 2.151960842645229027e+07
9.381744701761730587e-01 1.973350909116754308e+07
9.819414451753946116e-01 1.809923931163170934e+07
1.027750202552496051e+00 1.712641997633251548e+07
1.075695993927647365e+00 1.534756766667542607e+07
1.125878514524432994e+00 1.457665651715596579e+07
1.178402110469330522e+00 1.321293585317625105e+07
1.233375995761962995e+00 1.256320666849688254e+07
1.290914479367274659e+00 1.123501747080697306e+07
1.351137202901832923e+00 1.033251211558711529e+07
1.414169389408483246e+00 9.412428543222166598e+06
1.480142103736643344e+00 8.791260914319625124e+06
1.549192525069651882e+00 7.938963108425352722e+06
1.621464232165851449e+00 7.281462626027934253e+06
1.697107501906508942e+00 6.725687838564793579e+06
1.776279621771362560e+00 6.077765337748001330e+06
1.859145216891527452e+00 5.578046061062797904e+06
1.945876592359817581e+00 5.008140761869915761e+06
2.036654091510258002e+00 4.511333209113148041e+06
2.131666470911770972e+00 4.151968970551443752e+06
2.231111292855769257e+00 3.724851916488412302e+06
2.335195336153773393e+00 3.398609318028553855e+06
2.444135026099235386e+00 3.149216529445658904e+06
2.558156884487600369e+00 2.861172416542599443e+06
2.677498000630348152e+00 2.654039315769692883e+06
2.802406524342412553e+00 2.391479862758175470e+06
2.933142181928062087e+00 2.171250225872248877e+06
