3.069976816238139533e-02 1.336605811569701672e+09
3.213194951921637121e-02 6.854449251088011265e+08
3.363094387046929729e-02 1.205893741253154278e+09
3.519986812322865172e-02 1.401650707029123068e+09
3.684198459207260745e-02 1.033318129288378716e+09
3.856070778250449138e-02 7.033748869759145975e+08
4.035961149084377197e-02 9.369801029363353252e+08
4.224243623533543990e-02 5.731701855202425718e+08
4.421309703392971302e-02 8.156583624661912918e+08
4.627569154490460829e-02 7.670073145501912832e+08
4.843450858725836805e-02 6.286884583191906214e+08
5.069403705858849252e-02 7.227741103954893351e+08
5.305897526900069106e-02 5.715303991418519020e+08
5.553424071045594268e-02 5.329984724109020233e+08
5.812498028186940946e-02 5.630347885587804317e+08
6.083658099122266766e-02 5.395076507085373402e+08
6.367468115694234487e-02 5.177358542745031118e+08
6.664518213183667772e-02 5.362151556798650622e+08
6.975426057396794111e-02 5.225579442118591666e+08
7.300838128997587384e-02 4.790068145028255582e+08
7.641431067755764805e-02 4.933644737156689167e+08
7.997913079505601652e-02 4.575452111675242186e+08
8.371025408741054885e-02 4.165424574232034683e+08
8.761543879909236554e-02 4.021984854974082112e+08
9.170280510607109470e-02 4.025767358962354660e+08
9.598085200035742781e-02 3.329942270409834385e+08
1.004584749622301765e-01 3.821419339580750465e+08
1.051449844568940195e-01 3.404040766821998954e+08
1.100501252940287722e-01 2.998069218026036024e+08
1.151840968904851020e-01 3.577666947315355539e+08
1.205575744782594882e-01 2.999668323795021772e+08
1.261817313018468445e-01 2.847305862993836999e+08
1.320682618511266337e-01 2.860751097249341607e+08
1.382294061780912076e-01 2.685021023071714640e+08
1.446779753479788821e-01 2.521716009630932212e+08
1.514273780777332656e-01 2.309859775781236291e+08
1.584916486171791816e-01 2.420666648528087735e+08
1.658854759308886484e-01 2.373260564560258687e+08
1.736242342414167639e-01 1.925231737174316645e+08
1.817240149974163610e-01 1.924050500744231641e+08
1.902016603331038169e-01 1.743000166005314291e+08
1.990747980886495849e-01 1.730764045210369825e+08
2.083618784643124222e-01 1.663201907195157409e+08
2.180822123845329585e-01 1.542525909917535186e+08
2.282560116517592663e-01 1.457848895617404878e+08
2.389044309734965343e-01 1.340314431057113558e+08
2.500496119499697190e-01 1.247920632896976173e+08
2.617147291138638421e-01 1.143440974027900100e+08
2.739240381178740802e-01 1.077446491207782328e+08
2.867029261702632170e-01 9.713062608059683442e+07
3.000779648232989039e-01 9.685514161407379806e+07
3.140769652243355914e-01 8.926325103169865906e+07
3.287290359444262067e-01 8.264155025561322272e+07
3.440646435047088891e-01 7.482437929917904735e+07
3.601156757264223351e-01 7.361335657168692350e+07
3.769155080362766030e-01 6.744680651066432893e+07
3.944990728650497602e-01 6.194512948286999762e+07
4.129029322837124427e-01 5.821195752508085221e+07
4.321653540281166217e-01 5.468681076745937765e+07
4.523263910703274604e-01 5.132088744105082750e+07
4.734279649020536884e-01 4.901174311387360841e+07
4.955139527033520785e-01 4.351706157209198177e+07
5.186302785778565960e-01 4.132271838600024581e+07
5.428250090442419129e-01 3.858930282869593799e+07
5.681484529824789576e-01 3.781751157603649795e+07
5.946532662427046478e-01 3.574992161859226227e+07
6.223945611342215356e-01 3.321980239788043872e+07
6.514300210222929710e-01 3.171854109633450583e+07
6.818200202710160696e-01 2.989706197522713989e+07
7.136277497816758686e-01 2.806263535095597804e+07
7.469193483876155337e-01 2.599510959095978737e+07
7.817640403788362891e-01 2.332313487552286685e+07
8.182342794422867716e-01 2.057489893435901031e+07
8.564058993171398404e-01 1.930386280342822894e+07
8.963582714783228100e-01 1.771392956105712429e+07
9.381744701761730587e-01 1.605868079117272794e+07
9.819414451753946116e-01 1.449454888292817026e+07
1.027750202552496051e+00 1.296756049464935251e+07
1.075695993927647365e+00 1.192403361310253106e+07
1.125878514524432994e+00 1.099551745068703592e+07
1.178402110469330522e+00 1.034214899848756380e+07
1.233375995761962995e+00 9.538809487917535007e+06
1.290914479367274659e+00 8.412784676691358909e+06
1.351137202901832923e+00 7.665747180210807361e+06
1.414169389408483246e+00 7.058679931467427872e+06
1.480142103736643344e+00 6.331495384433958679e+06
1.549192525069651882e+00 5.808436135178592987e+06
1.621464232165851449e+00 5.237785908590536565e+06
1.697107501906508942e+00 4.832568697764944285e+06
1.776279621771362560e+00 4.425211600130129606e+06
1.859145216891527452e+00 4.164413569424496964e+06
1.945876592359817581e+00 3.801226241303481627e+06
2.036654091510258002e+00 3.511285512922914699e+06
2.131666470911770972e+00 3.222585276947900187e+06
2.231111292855769257e+00 2.924496411311562639e+06
2.335195336153773393e+00 2.660403614315556828e+06
2.444135026099235386e+00 2.440532557288473472e+06
2.558156884487600369e+00 2.220768065556411166e+06
2.677498000630348152e+00 2.004832027577192988e+06
2.802406524342412553e+00 1.819011294749133056e+06
2.933142181928062087e+00 1.653364795987371821e+06
