3.069976816238139533e-02 9.970496267595427036e+08
3.213194951921637121e-02 7.228062572815518379e+08
3.363094387046929729e-02 5.645456314714769125e+08
3.519986812322865172e-02 6.268879701425968409e+08
3.684198459207260745e-02 6.256995798699584007e+08
3.856070778250449138e-02 6.146068165277833939e+08
4.035961149084377197e-02 5.956760270452868938e+08
4.224243623533543990e-02 6.310697381819658279e+08
4.421309703392971302e-02 9.767747671001311541e+08
4.627569154490460829e-02 5.905968116158192158e+08
4.843450858725836805e-02 6.493124526376569271e+08
5.069403705858849252e-02 6.084271201234571934e+08
5.305897526900069106e-02 5.701333512232725620e+08
5.553424071045594268e-02 5.792713543906124830e+08
5.812498028186940946e-02 5.485043642179625034e+08
6.083658099122266766e-02 6.010820846290814877e+08
6.367468115694234487e-02 4.608087898682799339e+08
6.664518213183667772e-02 4.186779864444954991e+08
6.975426057396794111e-02 4.540458696647455692e+08
7.300838128997587384e-02 4.612014826936709285e+08
7.641431067755764805e-02 5.106576997529981732e+08
7.997913079505601652e-02 5.253698152602820396e+08
8.371025408741054885e-02 4.629347406760991216e+08
8.761543879909236554e-02 4.124240942349968553e+08
9.170280510607109470e-02 4.143843450363368392e+08
9.598085200035742781e-02 4.288846095821522474e+08
1.004584749622301765e-01 4.281220345287527442e+08
1.051449844568940195e-01 3.758531481015989184e+08
1.100501252940287722e-01 3.380484305692926645e+08
1.151840968904851020e-01 3.533362660236069560e+08
1.205575744782594882e-01 3.384047259731024504e+08
1.261817313018468445e-01 3.182583218648375273e+08
1.320682618511266337e-01 3.148427280094575286e+08
1.382294061780912076e-01 3.011128761630091667e+08
1.446779753479788821e-01 2.900695293249933720e+08
1.514273780777332656e-01 2.486691181203331053e+08
1.584916486171791816e-01 2.686498598506362438e+08
1.658854759308886484e-01 2.320220163021797538e+08
1.736242342414167639e-01 2.317306938686532080e+08
1.817240149974163610e-01 2.219156767659554780e+08
1.902016603331038169e-01 2.065555677937220037e+08
1.990747980886495849e-01 1.936281236181979179e+08
2.083618784643124222e-01 1.811903584211418331e+08
2.180822123845329585e-01 1.741178214596255124e+08
2.282560116517592663e-01 1.686034718834175766e+08
2.389044309734965343e-01 1.501736587062623799e+08
2.500496119499697190e-01 1.382904511000433564e+08
2.617147291138638421e-01 1.352688271861282885e+08
2.739240381178740802e-01 1.236319526517356634e+08
2.867029261702632170e-01 1.162887331913602501e+08
3.000779648232989039e-01 1.105774086373512745e+08
3.140769652243355914e-01 1.057387543102515787e+08
3.287290359444262067e-01 1.016711889635784626e+08
3.440646435047088891e-01 9.304451450737409294e+07
3.601156757264223351e-01 8.903866569572870433e+07
3.769155080362766030e-01 8.076490591478937864e+07
3.944990728650497602e-01 7.325874334022545815e+07
4.129029322837124427e-01 7.006209071348741651e+07
4.321653540281166217e-01 6.647001511193078756e+07
4.523263910703274604e-01 6.307501077993761003e+07
4.734279649020536884e-01 5.944161534975744784e+07
4.955139527033520785e-01 5.490476478364033252e+07
5.186302785778565960e-01 5.037018422295913845e+07
5.428250090442419129e-01 4.666677937412986159e+07
5.681484529824789576e-01 4.367378404711285233e+07
5.946532662427046478e-01 4.149163775689819455e+07
6.223945611342215356e-01 3.773344153754925728e+07
6.514300210222929710e-01 3.566944562657243758e+07
6.818200202710160696e-01 3.330552449326788634e+07
7.136277497816758686e-01 3.128533153576539457e+07
7.469193483876155337e-01 2.889503422087499499e+07
7.817640403788362891e-01 2.632300517441799492e+07
8.182342794422867716e-01 2.446451632520925626e+07
8.564058993171398404e-01 2.297445028207622468e+07
8.963582714783228100e-01 2.095289795887255669e+07
9.381744701761730587e-01 1.946468944824393094e+07
9.819414451753946116e-01 1.787406961121220142e+07
1.027750202552496051e+00 1.646992919905026257e+07
1.075695993927647365e+00 1.518326880114003271e+07
1.125878514524432994e+00 1.426227115741831996e+07
1.178402110469330522e+00 1.333121650191050395e+07
1.233375995761962995e+00 1.224838424984234385e+07
1.290914479367274659e+00 1.136510812808289193e+07
1.351137202901832923e+00 1.055205511523696780e+07
1.414169389408483246e+00 9.641298213635828346e+06
1.480142103736643344e+00 8.896104953701797873e+06
1.549192525069651882e+00 8.326107299225596711e+06
1.621464232165851449e+00 7.479219049366051331e+06
1.697107501906508942e+00 6.849702436626384966e+06
1.776279621771362560e+00 6.291027361975780688e+06
1.859145216891527452e+00 5.656976208519585431e+06
1.945876592359817581e+00 5.202832990451752208e+06
2.036654091510258002e+00 4.730325076334305108e+06
2.131666470911770972e+00 4.319791361037184484e+06
2.231111292855769257e+00 3.908543015667058062e+06
2.335195336153773393e+00 3.586372223741367925e+06
2.444135026099235386e+00 3.289791312614591792e+06
2.558156884487600369e+00 2.980690491475215647e+06
2.677498000630348152e+00 2.705919510071314406e+06
2.802406524342412553e+00 2.434613762556168716e+06
2.933142181928062087e+00 2.231391649888871238e+06
