3.069976816238139533e-02 9.875146422761278152e+08
3.213194951921637121e-02 1.037870625762782812e+09
3.363094387046929729e-02 8.655214425452589989e+08
3.519986812322865172e-02 8.003641217679996490e+08
3.684198459207260745e-02 8.437805225649499893e+08
3.856070778250449138e-02 6.008764333689534664e+08
4.035961149084377197e-02 5.266725000439723134e+08
4.224243623533543990e-02 5.647439716601970196e+08
4.421309703392971302e-02 5.998049629678555727e+08
4.627569154490460829e-02 5.912999902013986111e+08
4.843450858725836805e-02 5.150929747440223694e+08
5.069403705858849252e-02 5.019811418587019444e+08
5.305897526900069106e-02 3.769652427104113102e+08
5.553424071045594268e-02 3.402060702100855112e+08
5.812498028186940946e-02 5.387512714900387526e+08
6.083658099122266766e-02 3.442511698761023879e+08
6.367468115694234487e-02 4.258900401858558655e+08
6.664518213183667772e-02 4.081341183771444559e+08
6.975426057396794111e-02 2.999912528067345619e+08
7.300838128997587384e-02 4.150675249032924771e+08
7.641431067755764805e-02 4.019317374270144701e+08
7.997913079505601652e-02 3.611211368974140286e+08
8.371025408741054885e-02 3.483941355131825209e+08
8.761543879909236554e-02 3.091867658636341691e+08
9.170280510607109470e-02 3.102668115447357893e+08
9.598085200035742781e-02 3.054649006585010886e+08
1.004584749622301765e-01 3.456371724875791073e+08
1.051449844568940195e-01 2.955916653155227900e+08
1.100501252940287722e-01 2.808380085859842896e+08
1.151840968904851020e-01 2.687000751586459279e+08
1.205575744782594882e-01 2.677451341836279333e+08
1.261817313018468445e-01 2.304648164558076560e+08
1.320682618511266337e-01 2.409065872111087739e+08
1.382294061780912076e-01 2.144325307665152848e+08
1.446779753479788821e-01 2.044961504587436914e+08
1.514273780777332656e-01 2.039656441131910980e+08
1.584916486171791816e-01 1.798516370900715888e+08
1.658854759308886484e-01 1.983106109230632484e+08
1.736242342414167639e-01 1.705727178311443925e+08
1.817240149974163610e-01 1.859096119815846086e+08
1.902016603331038169e-01 1.772685528322181702e+08
1.990747980886495849e-01 1.673969203419642746e+08
2.083618784643124222e-01 1.562629526911142170e+08
2.180822123845329585e-01 1.475004906214042306e+08
2.282560116517592663e-01 1.443482949628168046e+08
2.389044309734965343e-01 1.394229203637153804e+08
2.500496119499697190e-01 1.269092393799199164e+08
2.617147291138638421e-01 1.224473364382470697e+08
2.739240381178740802e-01 1.151139777418742776e+08
2.867029261702632170e-01 1.040671357796764374e+08
3.000779648232989039e-01 1.007491819028549939e+08
3.140769652243355914e-01 9.644537908604875207e+07
3.287290359444262067e-01 8.958079443419155478e+07
3.440646435047088891e-01 8.077486209333570302e+07
3.601156757264223351e-01 7.942429863490788639e+07
3.769155080362766030e-01 7.108611137741692364e+07
3.944990728650497602e-01 7.119491403169275820e+07
4.129029322837124427e-01 6.309693838262877613e+07
4.321653540281166217e-01 6.137382335580147058e+07
4.523263910703274604e-01 5.797181654288088530e+07
4.734279649020536884e-01 5.479125829381998628e+07
4.955139527033520785e-01 5.304243144693011045e+07
5.186302785778565960e-01 4.980933744842346013e+07
5.428250090442419129e-01 4.586950933360948414e+07
5.681484529824789576e-01 4.484169044378434867e+07
5.946532662427046478e-01 4.110974646728201956e+07
6.223945611342215356e-01 3.978505892297346890e+07
6.514300210222929710e-01 3.787362743927320093e+07
6.818200202710160696e-01 3.627119050320211798e+07
7.136277497816758686e-01 3.352779158764696494e+07
7.469193483876155337e-01 3.155568322631131858e+07
7.817640403788362891e-01 3.012274713074946776e+07
8.182342794422867716e-01 2.894583473547135293e+07
8.564058993171398404e-01 2.729207294743835554e+07
8.963582714783228100e-01 2.520884182156742737e+07
9.381744701761730587e-01 2.370473142061411589e+07
9.819414451753946116e-01 2.187173072713352367e+07
1.027750202552496051e+00 2.026156509846517444e+07
1.075695993927647365e+00 1.938405115018756688e+07
1.125878514524432994e+00 1.768706883056659997e+07
1.178402110469330522e+00 1.635791946578798816e+07
1.233375995761962995e+00 1.492529120837945119e+07
1.290914479367274659e+00 1.390922070344703645e+07
1.351137202901832923e+00 1.275799681049784273e+07
1.414169389408483246e+00 1.158329073304801807e+07
1.480142103736643344e+00 1.055314586884211935e+07
1.549192525069651882e+00 9.683873858016883954e+06
1.621464232165851449e+00 8.888205061335694045e+06
1.697107501906508942e+00 8.245273489390026778e+06
1.776279621771362560e+00 7.549417616443978623e+06
1.859145216891527452e+00 6.971094459760115482e+06
1.945876592359817581e+00 6.390724780021329410e+06
2.036654091510258002e+00 5.817959475024511106e+06
2.131666470911770972e+00 5.307421895894403569e+06
2.231111292855769257e+00 4.790458467407706194e+06
2.335195336153773393e+00 4.378872954754712991e+06
2.444135026099235386e+00 4.009837194619241636e+06
2.558156884487600369e+00 3.610564825239976868e+06
2.677498000630348152e+00 3.317940979804822709e+06
2.802406524342412553e+00 3.060472643481316045e+06
2.933142181928062087e+00 2.791994797983409371e+06
