3.069976816238139533e-02 9.925284311994163990e+08
3.213194951921637121e-02 9.205745258231840134e+08
3.363094387046929729e-02 1.083753171154465199e+09
3.519986812322865172e-02 1.285915409870948315e+09
3.684198459207260745e-02 1.072009120160868526e+09
3.856070778250449138e-02 1.146551629412433624e+09
4.035961149084377197e-02 1.239178445013122559e+09
4.224243623533543990e-02 1.165574855173458815e+09
4.421309703392971302e-02 1.076454738563250542e+09
4.627569154490460829e-02 9.937852783743718863e+08
4.843450858725836805e-02 8.883957273246015310e+08
5.069403705858849252e-02 9.731312637038201094e+08
5.305897526900069106e-02 7.590456405865746737e+08
5.553424071045594268e-02 6.732662491663782597e+08
5.812498028186940946e-02 6.361834536732068062e+08
6.083658099122266766e-02 7.451120593348435163e+08
6.367468115694234487e-02 8.186507828090039492e+08
6.664518213183667772e-02 7.116477986701046228e+08
6.975426057396794111e-02 6.516220181643635035e+08
7.300838128997587384e-02 6.361212494369516373e+08
7.641431067755764805e-02 5.515839085078675747e+08
7.997913079505601652e-02 5.276075254321091771e+08
8.371025408741054885e-02 5.320699799380862713e+08
8.761543879909236554e-02 5.025059051806728244e+08
9.170280510607109470e-02 5.458389801338194609e+08
9.598085200035742781e-02 4.861959690490846634e+08
1.004584749622301765e-01 4.515762315751242042e+08
1.051449844568940195e-01 5.148312156899713874e+08
1.100501252940287722e-01 4.794633760619397759e+08
1.151840968904851020e-01 4.204827929549827576e+08
1.205575744782594882e-01 4.001490909218564034e+08
1.261817313018468445e-01 3.767366595268344879e+08
1.320682618511266337e-01 3.477003293842328191e+08
1.382294061780912076e-01 3.461085132834520936e+08
1.446779753479788821e-01 3.211114810468359590e+08
1.514273780777332656e-01 3.077758922852050662e+08
1.584916486171791816e-01 3.044936432339318991e+08
1.658854759308886484e-01 2.798657441136576533e+08
1.736242342414167639e-01 2.666658857671195567e+08
1.817240149974163610e-01 2.446372614152541757e+08
1.902016603331038169e-01 2.325245196519202292e+08
1.990747980886495849e-01 2.252936312939421237e+08
2.083618784643124222e-01 2.038106324518029392e+08
2.180822123845329585e-01 1.809967113381140828e+08
2.282560116517592663e-01 1.705677821132801771e+08
2.389044309734965343e-01 1.744513490349486172e+08
2.500496119499697190e-01 1.536103812409861684e+08
2.617147291138638421e-01 1.478965629526449442e+08
2.739240381178740802e-01 1.347644534034202695e+08
2.867029261702632170e-01 1.251780599404564649e+08
3.000779648232989039e-01 1.178213585580248982e+08
3.140769652243355914e-01 1.104308352978261411e+08
3.287290359444262067e-01 9.838219768032129109e+07
3.440646435047088891e-01 9.127891884551393986e+07
3.601156757264223351e-01 8.530887422747391462e+07
3.769155080362766030e-01 8.091684042329511046e+07
3.944990728650497602e-01 7.742341225930900872e+07
4.129029322837124427e-01 7.135554399236588180e+07
4.321653540281166217e-01 6.648230524142614007e+07
4.523263910703274604e-01 6.412891713008765876e+07
4.734279649020536884e-01 6.055942643648388237e+07
4.955139527033520785e-01 5.707062465439803153e+07
5.186302785778565960e-01 5.397577127818197757e+07
5.428250090442419129e-01 4.930109924641802162e+07
5.681484529824789576e-01 4.686802394646803290e+07
5.946532662427046478e-01 4.356660780985669792e+07
6.223945611342215356e-01 4.078668015818195045e+07
6.514300210222929710e-01 3.706298052997612208e+07
6.818200202710160696e-01 3.462167623260139674e+07
7.136277497816758686e-01 3.217962440013030171e+07
7.469193483876155337e-01 3.002963590094406903e+07
7.817640403788362891e-01 2.873329501112572849e+07
8.182342794422867716e-01 2.669958787287208065e+07
8.564058993171398404e-01 2.435105161142085865e+07
8.963582714783228100e-01 2.311694022578397766e+07
9.381744701761730587e-01 2.165372037898766994e+07
9.819414451753946116e-01 2.013264441939727217e+07
1.027750202552496051e+00 1.911682592662406340e+07
1.075695993927647365e+00 1.737920669139014184e+07
1.125878514524432994e+00 1.663323543769160099e+07
1.178402110469330522e+00 1.569082522893258557e+07
1.233375995761962995e+00 1.508512541205439530e+07
1.290914479367274659e+00 1.423619698519484699e+07
1.351137202901832923e+00 1.348851415376848914e+07
1.414169389408483246e+00 1.280255992575334571e+07
1.480142103736643344e+00 1.225680169517605752e+07
1.549192525069651882e+00 1.169246409622904100e+07
1.621464232165851449e+00 1.097097277219152637e+07
1.697107501906508942e+00 9.960971661053966731e+06
1.776279621771362560e+00 8.831831639959305525e+06
1.859145216891527452e+00 8.038230334610730410e+06
1.945876592359817581e+00 7.121190322780028917e+06
2.036654091510258002e+00 6.402101108755509369e+06
2.131666470911770972e+00 5.829203481347678229e+06
2.231111292855769257e+00 5.181200186196046881e+06
2.335195336153773393e+00 4.610076272291812114e+06
2.444135026099235386e+00 4.113270750836316030e+06
2.558156884487600369e+00 3.567477440874374472e+06
2.677498000630348152e+00 3.192333079504934140e+06
2.802406524342412553e+00 2.845922464637242723e+06
2.933142181928062087e+00 2.510128096440638416e+06
