3.069976816238139533e-02 3.299515920035808682e+08
3.213194951921637121e-02 3.491894497948739529e+08
3.363094387046929729e-02 3.752802420230134726e+08
3.519986812322865172e-02 2.584385150448393226e+08
3.684198459207260745e-02 3.066825141128556728e+08
3.856070778250449138e-02 3.302911166604297757e+08
4.035961149084377197e-02 2.046605107583990693e+08
4.224243623533543990e-02 2.659438602862312496e+08
4.421309703392971302e-02 1.981173990513388216e+08
4.627569154490460829e-02 1.809124508913049996e+08
4.843450858725836805e-02 2.278635343354964256e+08
5.069403705858849252e-02 1.869923632549566329e+08
5.305897526900069106e-02 2.116715558668615520e+08
5.553424071045594268e-02 1.143408922307577729e+08
5.812498028186940946e-02 1.450360785779244006e+08
6.083658099122266766e-02 7.275740597765101492e+07
6.367468115694234487e-02 1.216959564445654154e+08
6.664518213183667772e-02 9.483776277051514387e+07
6.975426057396794111e-02 9.701803580327078700e+07
7.300838128997587384e-02 6.586330525047067553e+07
7.641431067755764805e-02 6.634252363150509447e+07
7.997913079505601652e-02 8.217548668805378675e+07
8.371025408741054885e-02 3.385689289134259522e+07
8.761543879909236554e-02 4.486967415109714121e+07
9.170280510607109470e-02 3.964969680754967034e+07
9.598085200035742781e-02 4.094428363592523336e+07
1.004584749622301765e-01 5.471546260782174766e+07
1.051449844568940195e-01 2.964075653041483462e+07
1.100501252940287722e-01 3.435928548599991202e+07
1.151840968904851020e-01 4.347567883828943968e+07
1.205575744782594882e-01 3.855860704695371538e+07
1.261817313018468445e-01 3.523426936784661561e+07
1.320682618511266337e-01 2.467608627051421255e+07
1.382294061780912076e-01 2.842729979914898053e+07
1.446779753479788821e-01 1.846148877250609547e+07
1.514273780777332656e-01 2.368832302003495395e+07
1.584916486171791816e-01 1.196780605633458123e+07
1.658854759308886484e-01 1.584398757641560212e+07
1.736242342414167639e-01 1.169756552820526995e+07
1.817240149974163610e-01 9.786716693593347445e+06
1.902016603331038169e-01 1.046064129875509441e+07
1.990747980886495849e-01 1.145046956643777154e+07
2.083618784643124222e-01 6.766350448918057606e+06
2.180822123845329585e-01 8.706276363967647776e+06
2.282560116517592663e-01 7.087644704120764509e+06
2.389044309734965343e-01 6.304350045548582450e+06
2.500496119499697190e-01 4.654093419691136107e+06
2.617147291138638421e-01 5.983927214113979600e+06
2.739240381178740802e-01 4.859522472404736094e+06
2.867029261702632170e-01 4.064905512884421740e+06
3.000779648232989039e-01 4.083548567078078631e+06
3.140769652243355914e-01 4.541459172321457416e+06
3.287290359444262067e-01 3.148220456100464799e+06
3.440646435047088891e-01 3.655250466217955574e+06
3.601156757264223351e-01 3.778647384512204677e+06
3.769155080362766030e-01 4.079860300563430879e+06
3.944990728650497602e-01 4.036901389969994780e+06
4.129029322837124427e-01 3.173578388157631736e+06
4.321653540281166217e-01 2.826655871106936596e+06
4.523263910703274604e-01 2.412164911909766961e+06
4.734279649020536884e-01 2.594839868240724318e+06
4.955139527033520785e-01 2.221272613596541341e+06
5.186302785778565960e-01 2.004374996560612228e+06
5.428250090442419129e-01 2.312298745619734749e+06
5.681484529824789576e-01 1.925200554861757439e+06
5.946532662427046478e-01 1.891227446598262992e+06
6.223945611342215356e-01 2.180678694332428277e+06
6.514300210222929710e-01 2.520242976248417981e+06
6.818200202710160696e-01 2.359994577127913479e+06
7.136277497816758686e-01 2.260705360107016750e+06
7.469193483876155337e-01 2.231717033664556220e+06
7.817640403788362891e-01 2.473959621199348941e+06
8.182342794422867716e-01 2.721263431449827272e+06
8.564058993171398404e-01 2.643516831437851768e+06
8.963582714783228100e-01 2.206773790996099357e+06
9.381744701761730587e-01 1.857950595391436480e+06
9.819414451753946116e-01 1.676585203114917502e+06
1.027750202552496051e+00 1.649087415801559109e+06
1.075695993927647365e+00 1.743190558572466485e+06
1.125878514524432994e+00 1.893299976483128965e+06
1.178402110469330522e+00 1.699543848578430247e+06
1.233375995761962995e+00 1.567105033695030957e+06
1.290914479367274659e+00 1.506820232656940119e+06
1.351137202901832923e+00 1.359810621294851648e+06
1.414169389408483246e+00 1.382875560789029114e+06
1.480142103736643344e+00 1.400607686120423954e+06
1.549192525069651882e+00 1.524363571782313287e+06
1.621464232165851449e+00 1.438795376824832754e+06
1.697107501906508942e+00 1.308669410738750827e+06
1.776279621771362560e+00 1.105956201929954346e+06
1.859145216891527452e+00 1.061947953325629700e+06
1.945876592359817581e+00 1.032984402289496385e+06
2.036654091510258002e+00 1.055651565115247853e+06
2.131666470911770972e+00 9.643496390141309239e+05
2.231111292855769257e+00 8.826785410583479097e+05
2.335195336153773393e+00 8.346774847585241077e+05
2.444135026099235386e+00 7.863519828422898427e+05
2.558156884487600369e+00 7.289193553555523977e+05
2.677498000630348152e+00 7.156356043651208747e+05
2.802406524342412553e+00 7.042823235377528472e+05
2.933142181928062087e+00 6.618976834686435759e+05
