3.069976816238139533e-02 4.802874537536287308e+08
3.213194951921637121e-02 3.857498596751005650e+08
3.363094387046929729e-02 5.572055529745756388e+08
3.519986812322865172e-02 6.591770263597726822e+08
3.684198459207260745e-02 4.564820546385106444e+08
3.856070778250449138e-02 4.712248646775200963e+08
4.035961149084377197e-02 5.484605645998659134e+08
4.224243623533543990e-02 3.348049463922359943e+08
4.421309703392971302e-02 5.571320098855661154e+08
4.627569154490460829e-02 4.777538302902455330e+08
4.843450858725836805e-02 5.085866500208843350e+08
5.069403705858849252e-02 5.011467576403627992e+08
5.305897526900069106e-02 5.648698169877650738e+08
5.553424071045594268e-02 4.966015010821574926e+08
5.812498028186940946e-02 4.371839256270542145e+08
6.083658099122266766e-02 4.655854676674643755e+08
6.367468115694234487e-02 4.353092588966075182e+08
6.664518213183667772e-02 4.235872440476670265e+08
6.975426057396794111e-02 4.758389296279718876e+08
7.300838128997587384e-02 4.557594921200340390e+08
7.641431067755764805e-02 5.101273039781020880e+08
7.997913079505601652e-02 4.286736522108125687e+08
8.371025408741054885e-02 4.428361547486873269e+08
8.761543879909236554e-02 3.900719893565791845e+08
9.170280510607109470e-02 4.051249541212217808e+08
9.598085200035742781e-02 3.744412666995599866e+08
1.004584749622301765e-01 3.831369059136741757e+08
1.051449844568940195e-01 3.273172229768953919e+08
1.100501252940287722e-01 3.824112054022724628e+08
1.151840968904851020e-01 3.755471984455165267e+08
1.205575744782594882e-01 3.312665255379780531e+08
1.261817313018468445e-01 3.234494590610483885e+08
1.320682618511266337e-01 3.104145959275299311e+08
1.382294061780912076e-01 3.137594734949743748e+08
1.446779753479788821e-01 3.026965656661537886e+08
1.514273780777332656e-01 2.914781700905519724e+08
1.584916486171791816e-01 2.549870020231463015e+08
1.658854759308886484e-01 2.492459803807804286e+08
1.736242342414167639e-01 2.315679179337096810e+08
1.817240149974163610e-01 2.363404044398878217e+08
1.902016603331038169e-01 2.140676893219608963e+08
1.990747980886495849e-01 2.106049732547161579e+08
2.083618784643124222e-01 1.907279475203173459e+08
2.180822123845329585e-01 1.767362663069867790e+08
2.282560116517592663e-01 1.684532574428733289e+08
2.389044309734965343e-01 1.603014918747784197e+08
2.500496119499697190e-01 1.508503621379809976e+08
2.617147291138638421e-01 1.314695262219341695e+08
2.739240381178740802e-01 1.277607088618780524e+08
2.867029261702632170e-01 1.269043099553636014e+08
3.000779648232989039e-01 1.171257795097080767e+08
3.140769652243355914e-01 1.049348491133098751e+08
3.287290359444262067e-01 1.019531385399950743e+08
3.440646435047088891e-01 9.171261499293841422e+07
3.601156757264223351e-01 8.766129795894397795e+07
3.769155080362766030e-01 8.337057242648838460e+07
3.944990728650497602e-01 7.686423551525810361e+07
4.129029322837124427e-01 7.386714500292576849e+07
4.321653540281166217e-01 6.780458799189689755e+07
4.523263910703274604e-01 6.440824723528335243e+07
4.734279649020536884e-01 6.013081366854061186e+07
4.955139527033520785e-01 5.497798300128977746e+07
5.186302785778565960e-01 5.039850011908974499e+07
5.428250090442419129e-01 4.853462190568673611e+07
5.681484529824789576e-01 4.399526635018406808e+07
5.946532662427046478e-01 4.161544482641734183e+07
6.223945611342215356e-01 3.967119855147600919e+07
6.514300210222929710e-01 3.582988247957216203e+07
6.818200202710160696e-01 3.391961614911536127e+07
7.136277497816758686e-01 3.078976394103225321e+07
7.469193483876155337e-01 2.989073447485141829e+07
7.817640403788362891e-01 2.724329730984644219e+07
8.182342794422867716e-01 2.414157122261367366e+07
8.564058993171398404e-01 2.304546583977057040e+07
8.963582714783228100e-01 2.121937766442254186e+07
9.381744701761730587e-01 1.958882912145001441e+07
9.819414451753946116e-01 1.829825452825495601e+07
1.027750202552496051e+00 1.673155336727202497e+07
1.075695993927647365e+00 1.568034244148081169e+07
1.125878514524432994e+00 1.441561928748372011e+07
1.178402110469330522e+00 1.330830438716642372e+07
1.233375995761962995e+00 1.238299976806575060e+07
1.290914479367274659e+00 1.124982019538093172e+07
1.351137202901832923e+00 1.047796778940344602e+07
1.414169389408483246e+00 9.663929311880119145e+06
1.480142103736643344e+00 9.058672106334434822e+06
1.549192525069651882e+00 8.127733217283191159e+06
1.621464232165851449e+00 7.524089781912606210e+06
1.697107501906508942e+00 6.936381148100149818e+06
1.776279621771362560e+00 6.404737832201760262e+06
1.859145216891527452e+00 5.769692424788970500e+06
1.945876592359817581e+00 5.237037278484837152e+06
2.036654091510258002e+00 4.681636320845640264e+06
2.131666470911770972e+00 4.315289991883956827e+06
2.231111292855769257e+00 3.919107911857349332e+06
2.335195336153773393e+00 3.628573999769177753e+06
2.444135026099235386e+00 3.274427674430504907e+06
2.558156884487600369e+00 2.981532372840168420e+06
2.677498000630348152e+00 2.720148224406297784e+06
2.802406524342412553e+00 2.481569924036317039e+06
2.933142181928062087e+00 2.254975126231331844e+06
