3.069976816238139533e-02 3.176626730723006725e+08
3.213194951921637121e-02 4.455853628630368710e+08
3.363094387046929729e-02 5.236662614153309464e+08
3.519986812322865172e-02 6.852089386214073896e+08
3.684198459207260745e-02 4.963424547555928230e+08
3.856070778250449138e-02 4.532643713082947731e+08
4.035961149084377197e-02 5.863573245430542231e+08
4.224243623533543990e-02 6.985611582236454487e+08
4.421309703392971302e-02 7.238834409934309721e+08
4.627569154490460829e-02 4.647479724993465543e+08
4.843450858725836805e-02 4.808667985494000912e+08
5.069403705858849252e-02 6.215647982622368336e+08
5.305897526900069106e-02 6.101455049406528473e+08
5.553424071045594268e-02 5.534213732992179394e+08
5.812498028186940946e-02 5.242717696099734902e+08
6.083658099122266766e-02 4.812483606761798263e+08
6.367468115694234487e-02 4.291619126361858249e+08
6.664518213183667772e-02 5.074662119914197922e+08
6.975426057396794111e-02 4.960471456932127476e+08
7.300838128997587384e-02 4.568890400049813986e+08
7.641431067755764805e-02 4.720803113548707962e+08
7.997913079505601652e-02 4.165919441127147675e+08
8.371025408741054885e-02 4.858270052706159949e+08
8.761543879909236554e-02 4.684722041184784174e+08
9.170280510607109470e-02 4.488632442181124687e+08
9.598085200035742781e-02 4.115667583878378868e+08
1.004584749622301765e-01 3.893558626888068914e+08
1.051449844568940195e-01 3.871350061293363571e+08
1.100501252940287722e-01 3.686026721971526742e+08
1.151840968904851020e-01 3.293210077122545838e+08
1.205575744782594882e-01 3.400166439848746061e+08
1.261817313018468445e-01 3.084592981599025130e+08
1.320682618511266337e-01 3.365138923835566044e+08
1.382294061780912076e-01 2.990736567997803092e+08
1.446779753479788821e-01 2.935091058562323451e+08
1.514273780777332656e-01 2.665746607429369092e+08
1.584916486171791816e-01 2.617631116110676527e+08
1.658854759308886484e-01 2.599325647220314443e+08
1.736242342414167639e-01 2.407186820165556669e+08
1.817240149974163610e-01 2.147545208846050501e+08
1.902016603331038169e-01 2.006005682635755241e+08
1.990747980886495849e-01 1.963876183422214389e+08
2.083618784643124222e-01 1.946609827966070771e+08
2.180822123845329585e-01 1.749382673536702394e+08
2.282560116517592663e-01 1.697989974593506455e+08
2.389044309734965343e-01 1.640808033548552096e+08
2.500496119499697190e-01 1.565272541591090858e+08
2.617147291138638421e-01 1.328382487781129330e+08
2.739240381178740802e-01 1.259564170971903652e+08
2.867029261702632170e-01 1.200189634155704230e+08
3.000779648232989039e-01 1.153379470659012645e+08
3.140769652243355914e-01 1.073923510522041172e+08
3.287290359444262067e-01 1.013368125881475806e+08
3.440646435047088891e-01 9.651717900246268511e+07
3.601156757264223351e-01 8.754073032921263576e+07
3.769155080362766030e-01 8.297515516629335284e+07
3.944990728650497602e-01 7.969028254065959156e+07
4.129029322837124427e-01 7.278398237958672643e+07
4.321653540281166217e-01 6.743708627390599251e+07
4.523263910703274604e-01 6.265899013478738815e+07
4.734279649020536884e-01 5.755890565369670838e+07
4.955139527033520785e-01 5.340194988409091532e+07
5.186302785778565960e-01 5.066606338551472872e+07
5.428250090442419129e-01 4.878221817220252007e+07
5.681484529824789576e-01 4.518764489877323061e+07
5.946532662427046478e-01 4.148996892559669167e+07
6.223945611342215356e-01 3.831251995358090848e+07
6.514300210222929710e-01 3.646515748449051380e+07
6.818200202710160696e-01 3.375484093937386572e+07
7.136277497816758686e-01 3.132983389775498584e+07
7.469193483876155337e-01 2.895350617652354389e+07
7.817640403788362891e-01 2.657444564583281800e+07
8.182342794422867716e-01 2.490895912158264592e+07
8.564058993171398404e-01 2.353232421943126246e+07
8.963582714783228100e-01 2.107076617612651736e+07
9.381744701761730587e-01 1.971075761738689616e+07
9.819414451753946116e-01 1.806902988466181234e+07
1.027750202552496051e+00 1.667346166617199220e+07
1.075695993927647365e+00 1.549885768228957430e+07
1.125878514524432994e+00 1.431280791571911052e+07
1.178402110469330522e+00 1.340832245243704878e+07
1.233375995761962995e+00 1.231391019085190445e+07
1.290914479367274659e+00 1.144241611411666870e+07
1.351137202901832923e+00 1.052670140843736008e+07
1.414169389408483246e+00 9.648422635082922876e+06
1.480142103736643344e+00 8.940566262301193550e+06
1.549192525069651882e+00 8.147707956231046468e+06
1.621464232165851449e+00 7.378935178283564746e+06
1.697107501906508942e+00 6.868581162141028792e+06
1.776279621771362560e+00 6.230916305895542726e+06
1.859145216891527452e+00 5.769132282773823477e+06
1.945876592359817581e+00 5.261893253162619658e+06
2.036654091510258002e+00 4.731341232360893860e+06
2.131666470911770972e+00 4.261107286957391538e+06
2.231111292855769257e+00 3.866632021129365545e+06
2.335195336153773393e+00 3.567643762777766213e+06
2.444135026099235386e+00 3.283605204392174259e+06
2.558156884487600369e+00 2.931595406360908877e+06
2.677498000630348152e+00 2.722364189133730717e+06
2.802406524342412553e+00 2.468456581288624089e+06
2.933142181928062087e+00 2.240706124160432722e+06
