3.069976816238139533e-02 1.277333049686296940e+09
3.213194951921637121e-02 9.917662529983115196e+08
3.363094387046929729e-02 1.101742250636241913e+09
3.519986812322865172e-02 1.069265022117878795e+09
3.684198459207260745e-02 6.015443536395347118e+08
3.856070778250449138e-02 6.782805460652778149e+08
4.035961149084377197e-02 9.755413893337558508e+08
4.224243623533543990e-02 7.913082658033328056e+08
4.421309703392971302e-02 8.381400157196197510e+08
4.627569154490460829e-02 8.525345235901985168e+08
4.843450858725836805e-02 7.681786997709336281e+08
5.069403705858849252e-02 7.411467918049396276e+08
5.305897526900069106e-02 5.337165994963080883e+08
5.553424071045594268e-02 6.063525914316785336e+08
5.812498028186940946e-02 5.966400859285126925e+08
6.083658099122266766e-02 6.097521467455720901e+08
6.367468115694234487e-02 5.483771567667587996e+08
6.664518213183667772e-02 5.247974936182134151e+08
6.975426057396794111e-02 6.022306776151622534e+08
7.300838128997587384e-02 4.599135565483354330e+08
7.641431067755764805e-02 5.175948343778573871e+08
7.997913079505601652e-02 5.031652049461511970e+08
8.371025408741054885e-02 4.467612053941687346e+08
8.761543879909236554e-02 4.456961697989977002e+08
9.170280510607109470e-02 4.108309816519649625e+08
9.598085200035742781e-02 3.451554060928562880e+08
1.004584749622301765e-01 3.889174806098930836e+08
1.051449844568940195e-01 3.661785711140064001e+08
1.100501252940287722e-01 3.137307755782514215e+08
1.151840968904851020e-01 3.272764116612597108e+08
1.205575744782594882e-01 3.025442113211552501e+08
1.261817313018468445e-01 2.988604285949828625e+08
1.320682618511266337e-01 2.964086409963604212e+08
1.382294061780912076e-01 2.863403032314152122e+08
1.446779753479788821e-01 2.768559399161329865e+08
1.514273780777332656e-01 2.437618631823444366e+08
1.584916486171791816e-01 2.524132411218431592e+08
1.658854759308886484e-01 2.311340044204850495e+08
1.736242342414167639e-01 2.337407689048075974e+08
1.817240149974163610e-01 2.131139007814618051e+08
1.902016603331038169e-01 1.997370273573978245e+08
1.990747980886495849e-01 1.948144892566495836e+08
2.083618784643124222e-01 1.759647601998806000e+08
2.180822123845329585e-01 1.641866820599474609e+08
2.282560116517592663e-01 1.617575506796816885e+08
2.389044309734965343e-01 1.581159442985690236e+08
2.500496119499697190e-01 1.410269344372932911e+08
2.617147291138638421e-01 1.349916126785902977e+08
2.739240381178740802e-01 1.301535161704583466e+08
2.867029261702632170e-01 1.215493828833277225e+08
3.000779648232989039e-01 1.084645466086518764e+08
3.140769652243355914e-01 1.042362297871834338e+08
3.287290359444262067e-01 1.002658417818211913e+08
3.440646435047088891e-01 9.112961065898257494e+07
3.601156757264223351e-01 8.524742006528976560e+07
3.769155080362766030e-01 7.932592667821691930e+07
3.944990728650497602e-01 7.436003967847403884e+07
4.129029322837124427e-01 7.339397093922644854e+07
4.321653540281166217e-01 6.717590994265972078e+07
4.523263910703274604e-01 6.119308038319854438e+07
4.734279649020536884e-01 5.637288786761462688e+07
4.955139527033520785e-01 5.252094557753690332e+07
5.186302785778565960e-01 5.130742033548198640e+07
5.428250090442419129e-01 4.790058498453331739e+07
5.681484529824789576e-01 4.472371639249027520e+07
5.946532662427046478e-01 4.159123178664044291e+07
6.223945611342215356e-01 3.930439513194183260e+07
6.514300210222929710e-01 3.630006294514164329e+07
6.818200202710160696e-01 3.365333118178296089e+07
7.136277497816758686e-01 3.194112549997753650e+07
7.469193483876155337e-01 2.908169315561609715e+07
7.817640403788362891e-01 2.751077937814825401e+07
8.182342794422867716e-01 2.567352338576192036e+07
8.564058993171398404e-01 2.339060338243285939e+07
8.963582714783228100e-01 2.159658114885485172e+07
9.381744701761730587e-01 1.980563062197817490e+07
9.819414451753946116e-01 1.823119866388230771e+07
1.027750202552496051e+00 1.724552650172057375e+07
1.075695993927647365e+00 1.582239219459030963e+07
1.125878514524432994e+00 1.463690625882220641e+07
1.178402110469330522e+00 1.343612464909054339e+07
1.233375995761962995e+00 1.238375588342235796e+07
1.290914479367274659e+00 1.137600955759583972e+07
1.351137202901832923e+00 1.052670114175087772e+07
1.414169389408483246e+00 9.839933281165268272e+06
1.480142103736643344e+00 8.973961700265435502e+06
1.549192525069651882e+00 8.167765768395702355e+06
1.621464232165851449e+00 7.472812088246256113e+06
1.697107501906508942e+00 6.794538080003456213e+06
1.776279621771362560e+00 6.212496560316928662e+06
1.859145216891527452e+00 5.707065027418786660e+06
1.945876592359817581e+00 5.140196513837505132e+06
2.036654091510258002e+00 4.725655660542224534e+06
2.131666470911770972e+00 4.207223314209043048e+06
2.231111292855769257e+00 3.755450810866258107e+06
2.335195336153773393e+00 3.450404428882632870e+06
2.444135026099235386e+00 3.112240489991160575e+06
2.558156884487600369e+00 2.851380901007285807e+06
2.677498000630348152e+00 2.623373009642966557e+06
2.802406524342412553e+00 2.466756762320505455e+06
2.933142181928062087e+00 2.305434681049973704e+06
