3.069976816238139533e-02 3.823266705455867648e+08
3.213194951921637121e-02 2.384937894637741446e+08
3.363094387046929729e-02 4.040506436227326393e+08
3.519986812322865172e-02 7.789146017811946869e+08
3.684198459207260745e-02 5.508790886311125755e+08
3.856070778250449138e-02 4.915737498292349577e+08
4.035961149084377197e-02 4.105663080814164877e+08
4.224243623533543990e-02 4.075349799414669871e+08
4.421309703392971302e-02 4.569362799809303284e+08
4.627569154490460829e-02 3.846064041093245745e+08
4.843450858725836805e-02 5.088546061641061902e+08
5.069403705858849252e-02 6.198689172950170040e+08
5.305897526900069106e-02 4.160716854393629432e+08
5.553424071045594268e-02 5.277209642967312932e+08
5.812498028186940946e-02 4.653696043101475239e+08
6.083658099122266766e-02 5.575596404527219534e+08
6.367468115694234487e-02 4.927228063527839780e+08
6.664518213183667772e-02 4.590406459551390409e+08
6.975426057396794111e-02 4.059109258210813999e+08
7.300838128997587384e-02 4.286213083434522748e+08
7.641431067755764805e-02 4.649795913697450161e+08
7.997913079505601652e-02 4.671595838026535511e+08
8.371025408741054885e-02 4.059109627392804623e+08
8.761543879909236554e-02 4.012363317477039695e+08
9.170280510607109470e-02 3.886202821984763145e+08
9.598085200035742781e-02 3.728278988261727691e+08
1.004584749622301765e-01 3.822722095280264616e+08
1.051449844568940195e-01 3.540095546673293114e+08
1.100501252940287722e-01 3.705657489484741688e+08
1.151840968904851020e-01 3.350970803462181091e+08
1.205575744782594882e-01 3.615969886104506254e+08
1.261817313018468445e-01 3.296658084392510653e+08
1.320682618511266337e-01 3.097744571926749349e+08
1.382294061780912076e-01 3.016851523339039087e+08
1.446779753479788821e-01 2.877428332117733359e+08
1.514273780777332656e-01 2.777330337028229237e+08
1.584916486171791816e-01 2.754516441531901956e+08
1.658854759308886484e-01 2.560827150917165577e+08
1.736242342414167639e-01 2.470622662595624924e+08
1.817240149974163610e-01 2.317281681381972432e+08
1.902016603331038169e-01 2.249474235969572663e+08
1.990747980886495849e-01 2.153866820331483185e+08
2.083618784643124222e-01 1.965652966918373406e+08
2.180822123845329585e-01 1.826357393826506138e+08
2.282560116517592663e-01 1.727311370762801468e+08
2.389044309734965343e-01 1.658376345409349501e+08
2.500496119499697190e-01 1.550214823474253416e+08
2.617147291138638421e-01 1.373197908518583477e+08
2.739240381178740802e-01 1.336377272019203007e+08
2.867029261702632170e-01 1.280649736270708889e+08
3.000779648232989039e-01 1.158134031746933311e+08
3.140769652243355914e-01 1.119692022528267950e+08
3.287290359444262067e-01 1.008593746768074036e+08
3.440646435047088891e-01 9.138248989498478174e+07
3.601156757264223351e-01 8.857651308253636956e+07
3.769155080362766030e-01 8.303471693249559402e+07
3.944990728650497602e-01 7.588598394502210617e+07
4.129029322837124427e-01 7.377215725421208143e+07
4.321653540281166217e-01 6.795508834176748991e+07
4.523263910703274604e-01 6.147016552812983096e+07
4.734279649020536884e-01 6.091972493241699785e+07
4.955139527033520785e-01 5.401101497364182025e+07
5.186302785778565960e-01 5.228751142689912021e+07
5.428250090442419129e-01 4.665303822023403645e+07
5.681484529824789576e-01 4.432171742266510427e+07
5.946532662427046478e-01 4.067577304886341840e+07
6.223945611342215356e-01 3.897653780991108716e+07
6.514300210222929710e-01 3.584477989490322024e+07
6.818200202710160696e-01 3.268866120945637301e+07
7.136277497816758686e-01 3.042260319652337581e+07
7.469193483876155337e-01 2.822995519779095426e+07
7.817640403788362891e-01 2.691602061176411808e+07
8.182342794422867716e-01 2.452871827293454856e+07
8.564058993171398404e-01 2.305666298043403029e+07
8.963582714783228100e-01 2.111303571544766054e+07
9.381744701761730587e-01 1.961748609862902761e+07
9.819414451753946116e-01 1.772977066965341941e+07
1.027750202552496051e+00 1.679221679211029783e+07
1.075695993927647365e+00 1.528628502426011674e+07
1.125878514524432994e+00 1.424509557317563705e+07
1.178402110469330522e+00 1.320404905542304739e+07
1.233375995761962995e+00 1.217373193085517734e+07
1.290914479367274659e+00 1.134856522364910878e+07
1.351137202901832923e+00 1.023848913444212452e+07
1.414169389408483246e+00 9.700885548873569816e+06
1.480142103736643344e+00 8.775886579894211143e+06
1.549192525069651882e+00 8.182124375358501449e+06
1.621464232165851449e+00 7.388967707202135585e+06
1.697107501906508942e+00 6.850514935615190305e+06
1.776279621771362560e+00 6.233585123038801365e+06
1.859145216891527452e+00 5.788259118272664957e+06
1.945876592359817581e+00 5.181214508156343363e+06
2.036654091510258002e+00 4.699613859360354021e+06
2.131666470911770972e+00 4.281166002961969934e+06
2.231111292855769257e+00 3.886754769624883309e+06
2.335195336153773393e+00 3.575573264396646060e+06
2.444135026099235386e+00 3.259908422270720359e+06
2.558156884487600369e+00 2.935194037016552873e+06
2.677498000630348152e+00 2.677777817794006784e+06
2.802406524342412553e+00 2.440012241331078112e+06
2.933142181928062087e+00 2.228828515788339078e+06
