3.069976816238139533e-02 2.548279061253164291e+09
3.213194951921637121e-02 1.979630194544109106e+09
3.363094387046929729e-02 1.501017453656697273e+09
3.519986812322865172e-02 1.548715033309298277e+09
3.684198459207260745e-02 1.129886596271264553e+09
3.856070778250449138e-02 1.824172933272813082e+09
4.035961149084377197e-02 1.577450682528955460e+09
4.224243623533543990e-02 1.200801723461914539e+09
4.421309703392971302e-02 1.517143481904681206e+09
4.627569154490460829e-02 7.858241313572088480e+08
4.843450858725836805e-02 1.056770623627701879e+09
5.069403705858849252e-02 9.191369183111314774e+08
5.305897526900069106e-02 8.853285755511382818e+08
5.553424071045594268e-02 9.484646086086527109e+08
5.812498028186940946e-02 7.206999690419739485e+08
6.083658099122266766e-02 9.165293122168047428e+08
6.367468115694234487e-02 8.666159904162729979e+08
6.664518213183667772e-02 6.824560512292878628e+08
6.975426057396794111e-02 5.694273569985107183e+08
7.300838128997587384e-02 5.951307506402630806e+08
7.641431067755764805e-02 4.365537716524119973e+08
7.997913079505601652e-02 4.220297688450493217e+08
8.371025408741054885e-02 4.625198875244603753e+08
8.761543879909236554e-02 3.954733956941871047e+08
9.170280510607109470e-02 3.561616632021508217e+08
9.598085200035742781e-02 3.427312776091217995e+08
1.004584749622301765e-01 3.006882041588879228e+08
1.051449844568940195e-01 3.363108950439829826e+08
1.100501252940287722e-01 2.475913494209987521e+08
1.151840968904851020e-01 2.571110166238863468e+08
1.205575744782594882e-01 2.262432002239089608e+08
1.261817313018468445e-01 1.943487042949756384e+08
1.320682618511266337e-01 2.076650546583793461e+08
1.382294061780912076e-01 1.684764383407164812e+08
1.446779753479788821e-01 1.714304779913431406e+08
1.514273780777332656e-01 1.570688386586363614e+08
1.584916486171791816e-01 1.387254669886329174e+08
1.658854759308886484e-01 1.347780719099129438e+08
1.736242342414167639e-01 1.291214608758896142e+08
1.817240149974163610e-01 1.168552725178707093e+08
1.902016603331038169e-01 1.180058445032975674e+08
1.990747980886495849e-01 1.106306012673064470e+08
2.083618784643124222e-01 1.024974908186662793e+08
2.180822123845329585e-01 9.470341161411982775e+07
2.282560116517592663e-01 9.048308526615251601e+07
2.389044309734965343e-01 8.785014978962796926e+07
2.500496119499697190e-01 7.612236300993260741e+07
2.617147291138638421e-01 7.386219103581880033e+07
2.739240381178740802e-01 6.679100272109412402e+07
2.867029261702632170e-01 6.293082798003193736e+07
3.000779648232989039e-01 6.098973754130535573e+07
3.140769652243355914e-01 5.491505308880583942e+07
3.287290359444262067e-01 5.293650872838225961e+07
3.440646435047088891e-01 5.062275841596679389e+07
3.601156757264223351e-01 4.375364097458997369e+07
3.769155080362766030e-01 4.355937730394563079e+07
3.944990728650497602e-01 3.938469201534716040e+07
4.129029322837124427e-01 3.766119384027373046e+07
4.321653540281166217e-01 3.593917369485782087e+07
4.523263910703274604e-01 3.088659671385145932e+07
4.734279649020536884e-01 3.021661482704782113e+07
4.955139527033520785e-01 2.850663911718617007e+07
5.186302785778565960e-01 2.753412989438487217e+07
5.428250090442419129e-01 2.828774047681232169e+07
5.681484529824789576e-01 2.461088646573283896e+07
5.946532662427046478e-01 2.205429231366938353e+07
6.223945611342215356e-01 2.130215124670988694e+07
6.514300210222929710e-01 2.019641844682975858e+07
6.818200202710160696e-01 1.934502012716080248e+07
7.136277497816758686e-01 1.856585144726456702e+07
7.469193483876155337e-01 1.749948346225442365e+07
7.817640403788362891e-01 1.690295871661949158e+07
8.182342794422867716e-01 1.623673597364616953e+07
8.564058993171398404e-01 1.552713039683949202e+07
8.963582714783228100e-01 1.313089738551444001e+07
9.381744701761730587e-01 1.135577519848836400e+07
9.819414451753946116e-01 1.029668026038448885e+07
1.027750202552496051e+00 9.145822898134799674e+06
1.075695993927647365e+00 8.154588593106489629e+06
1.125878514524432994e+00 7.009171168596122414e+06
1.178402110469330522e+00 6.416699537122235633e+06
1.233375995761962995e+00 5.874615692989804782e+06
1.290914479367274659e+00 5.292473570814311504e+06
1.351137202901832923e+00 4.678244970547858626e+06
1.414169389408483246e+00 4.236234564280590042e+06
1.480142103736643344e+00 3.925078844115582295e+06
1.549192525069651882e+00 3.435881819796734024e+06
1.621464232165851449e+00 3.090310723078837153e+06
1.697107501906508942e+00 2.834417936046895105e+06
1.776279621771362560e+00 2.664152350621005055e+06
1.859145216891527452e+00 2.496592083822940476e+06
1.945876592359817581e+00 2.420019111229585484e+06
2.036654091510258002e+00 2.164580134156647138e+06
2.131666470911770972e+00 1.900849538065198110e+06
2.231111292855769257e+00 1.719655068935116986e+06
2.335195336153773393e+00 1.523441985924105858e+06
2.444135026099235386e+00 1.317831449993703282e+06
2.558156884487600369e+00 1.183911199114502408e+06
2.677498000630348152e+00 1.023491299330308568e+06
2.802406524342412553e+00 8.793535456665032543e+05
2.933142181928062087e+00 7.267801298301635543e+05
