3.069976816238139533e-02 6.306725259709758759e+08
3.213194951921637121e-02 5.600053474143409729e+08
3.363094387046929729e-02 4.797216786107813120e+08
3.519986812322865172e-02 6.788665537195470333e+08
3.684198459207260745e-02 4.521604810728774071e+08
3.856070778250449138e-02 5.240524545597119331e+08
4.035961149084377197e-02 4.630091889633475542e+08
4.224243623533543990e-02 5.693276901436655521e+08
4.421309703392971302e-02 5.350678180055364966e+08
4.627569154490460829e-02 4.061472212721419334e+08
4.843450858725836805e-02 3.767841711967055202e+08
5.069403705858849252e-02 4.704316529684705138e+08
5.305897526900069106e-02 5.156938703321595192e+08
5.553424071045594268e-02 5.117243312250267267e+08
5.812498028186940946e-02 5.053200630857461691e+08
6.083658099122266766e-02 5.778849030615676641e+08
6.367468115694234487e-02 4.945192166140472889e+08
6.664518213183667772e-02 4.821247368098989725e+08
6.975426057396794111e-02 4.910968495647408962e+08
7.300838128997587384e-02 4.631355634822279811e+08
7.641431067755764805e-02 4.432173226737773418e+08
7.997913079505601652e-02 4.453851247109562755e+08
8.371025408741054885e-02 4.756791499797804356e+08
8.761543879909236554e-02 4.062684703776564598e+08
9.170280510607109470e-02 3.690716231991118193e+08
9.598085200035742781e-02 4.693432492601053119e+08
1.004584749622301765e-01 3.921464959387772083e+08
1.051449844568940195e-01 3.910059840981105566e+08
1.100501252940287722e-01 3.784431166672279835e+08
1.151840968904851020e-01 3.524633294901099801e+08
1.205575744782594882e-01 3.260853682040706277e+08
1.261817313018468445e-01 3.304060748726530671e+08
1.320682618511266337e-01 3.120867901202142835e+08
1.382294061780912076e-01 3.179588385719038248e+08
1.446779753479788821e-01 2.836474135287310481e+08
1.514273780777332656e-01 2.796431610634145141e+08
1.584916486171791816e-01 2.681372922178024650e+08
1.658854759308886484e-01 2.634195821845974624e+08
1.736242342414167639e-01 2.403089988149603605e+08
1.817240149974163610e-01 2.340343580349555016e+08
1.902016603331038169e-01 2.194432522277742624e+08
1.990747980886495849e-01 2.081494966266926229e+08
2.083618784643124222e-01 1.914854274363608062e+08
2.180822123845329585e-01 1.883306326931086481e+08
2.282560116517592663e-01 1.823253780074956119e+08
2.389044309734965343e-01 1.623419680317464173e+08
2.500496119499697190e-01 1.548654778944858909e+08
2.617147291138638421e-01 1.381572117251700759e+08
2.739240381178740802e-01 1.350464710719552040e+08
2.867029261702632170e-01 1.235657845021787435e+08
3.000779648232989039e-01 1.126457628930685967e+08
3.140769652243355914e-01 1.139306815997544825e+08
3.287290359444262067e-01 1.012297092800689489e+08
3.440646435047088891e-01 9.401601194982816279e+07
3.601156757264223351e-01 9.085801546567793190e+07
3.769155080362766030e-01 8.314952742181013525e+07
3.944990728650497602e-01 7.791582099991150200e+07
4.129029322837124427e-01 7.266938818970964849e+07
4.321653540281166217e-01 6.627031152445257455e+07
4.523263910703274604e-01 6.421937854720081389e+07
4.734279649020536884e-01 6.033193939721930027e+07
4.955139527033520785e-01 5.546997586553274095e+07
5.186302785778565960e-01 5.276009271205446869e+07
5.428250090442419129e-01 4.873544249856159836e+07
5.681484529824789576e-01 4.531197700385846943e+07
5.946532662427046478e-01 4.137972500710357726e+07
6.223945611342215356e-01 3.962481651579537243e+07
6.514300210222929710e-01 3.595671256715925038e+07
6.818200202710160696e-01 3.384191314742471278e+07
7.136277497816758686e-01 3.180302068162038922e+07
7.469193483876155337e-01 2.913417507047756389e+07
7.817640403788362891e-01 2.692295743825557455e+07
8.182342794422867716e-01 2.547306140216088295e+07
8.564058993171398404e-01 2.344034596577870101e+07
8.963582714783228100e-01 2.114124178635635227e+07
9.381744701761730587e-01 1.981484652657312155e+07
9.819414451753946116e-01 1.854847785016196221e+07
1.027750202552496051e+00 1.696910161841136962e+07
1.075695993927647365e+00 1.559370899336490408e+07
1.125878514524432994e+00 1.470717302989416197e+07
1.178402110469330522e+00 1.344345493342906423e+07
1.233375995761962995e+00 1.235863508916906454e+07
1.290914479367274659e+00 1.151951912136988156e+07
1.351137202901832923e+00 1.074254937818706222e+07
1.414169389408483246e+00 9.798108241409732029e+06
1.480142103736643344e+00 8.995042364060584456e+06
1.549192525069651882e+00 8.146086560137351044e+06
1.621464232165851449e+00 7.566399037177913822e+06
1.697107501906508942e+00 6.912137994537136517e+06
1.776279621771362560e+00 6.310664275181900710e+06
1.859145216891527452e+00 5.753340722124439664e+06
1.945876592359817581e+00 5.265989425711119547e+06
2.036654091510258002e+00 4.813366870327791199e+06
2.131666470911770972e+00 4.349594654598907568e+06
2.231111292855769257e+00 3.911893905551426578e+06
2.335195336153773393e+00 3.571037221162642352e+06
2.444135026099235386e+00 3.296870302833539899e+06
2.558156884487600369e+00 3.001163847726676147e+06
2.677498000630348152e+00 2.731567321682569105e+06
2.802406524342412553e+00 2.486850485158754513e+06
2.933142181928062087e+00 2.262359994774875697e+06
