3.069976816238139533e-02 1.077783712131478071e+09
3.213194951921637121e-02 9.438075319713314772e+08
3.363094387046929729e-02 9.548377283924951553e+08
3.519986812322865172e-02 9.057648667795941830e+08
3.684198459207260745e-02 7.734887738060860634e+08
3.856070778250449138e-02 7.760076874041250944e+08
4.035961149084377197e-02 8.248224031210184097e+08
4.224243623533543990e-02 9.419685290285806656e+08
4.421309703392971302e-02 9.615996901239883900e+08
4.627569154490460829e-02 8.394082866244727373e+08
4.843450858725836805e-02 7.439983399615689516e+08
5.069403705858849252e-02 5.657867405473537445e+08
5.305897526900069106e-02 6.937520955122926235e+08
5.553424071045594268e-02 5.613658225462926626e+08
5.812498028186940946e-02 7.678579988317863941e+08
6.083658099122266766e-02 7.182267375135931969e+08
6.367468115694234487e-02 4.825936742422875762e+08
6.664518213183667772e-02 6.281877483047202826e+08
6.975426057396794111e-02 5.324417915696744323e+08
7.300838128997587384e-02 5.659009599790071249e+08
7.641431067755764805e-02 5.297803779044911861e+08
7.997913079505601652e-02 4.941492581593757868e+08
8.371025408741054885e-02 4.674189579084974527e+08
8.761543879909236554e-02 4.716096240219961405e+08
9.170280510607109470e-02 4.534943500869486332e+08
9.598085200035742781e-02 4.327291972990955710e+08
1.004584749622301765e-01 4.192933121448716521e+08
1.051449844568940195e-01 3.876531413593089581e+08
1.100501252940287722e-01 4.037538982780694366e+08
1.151840968904851020e-01 3.408942207484942079e+08
1.205575744782594882e-01 3.345657033896585107e+08
1.261817313018468445e-01 3.264719623033705354e+08
1.320682618511266337e-01 3.146301930969107747e+08
1.382294061780912076e-01 2.951100830270094275e+08
1.446779753479788821e-01 2.852340418024879098e+08
1.514273780777332656e-01 2.753598625411499143e+08
1.584916486171791816e-01 2.639779104002692401e+08
1.658854759308886484e-01 2.335711972726678550e+08
1.736242342414167639e-01 2.311672517870917916e+08
1.817240149974163610e-01 2.257224416321039498e+08
1.902016603331038169e-01 2.209822648194658756e+08
1.990747980886495849e-01 2.027674668316933215e+08
2.083618784643124222e-01 1.788614367246103585e+08
2.180822123845329585e-01 1.759423614829108119e+08
2.282560116517592663e-01 1.680311834100061655e+08
2.389044309734965343e-01 1.563807059191224277e+08
2.500496119499697190e-01 1.473054782355577946e+08
2.617147291138638421e-01 1.364884158054873049e+08
2.739240381178740802e-01 1.304390213409383446e+08
2.867029261702632170e-01 1.195927487978138775e+08
3.000779648232989039e-01 1.147351586180118173e+08
3.140769652243355914e-01 1.082661504383806884e+08
3.287290359444262067e-01 1.002657151668592244e+08
3.440646435047088891e-01 9.297516411951516569e+07
3.601156757264223351e-01 8.785089511835913360e+07
3.769155080362766030e-01 8.091122933420801163e+07
3.944990728650497602e-01 7.550986822833919525e+07
4.129029322837124427e-01 6.884930516009785235e+07
4.321653540281166217e-01 6.734943047670120001e+07
4.523263910703274604e-01 6.424228305958851427e+07
4.734279649020536884e-01 6.088310003093232214e+07
4.955139527033520785e-01 5.660955177944181859e+07
5.186302785778565960e-01 5.221818848269195855e+07
5.428250090442419129e-01 4.697442490981493145e+07
5.681484529824789576e-01 4.353092254969277233e+07
5.946532662427046478e-01 4.202321135281132907e+07
6.223945611342215356e-01 3.868788297994293272e+07
6.514300210222929710e-01 3.696729951132301241e+07
6.818200202710160696e-01 3.322008878542967141e+07
7.136277497816758686e-01 3.109425977019322664e+07
7.469193483876155337e-01 2.859095532364706323e+07
7.817640403788362891e-01 2.647706865861635283e+07
8.182342794422867716e-01 2.437457571419016272e+07
8.564058993171398404e-01 2.284281169852061570e+07
8.963582714783228100e-01 2.083860101700694486e+07
9.381744701761730587e-01 1.963533377805779129e+07
9.819414451753946116e-01 1.814968307378091663e+07
1.027750202552496051e+00 1.643509158950439282e+07
1.075695993927647365e+00 1.528896525021666102e+07
1.125878514524432994e+00 1.421189156007017195e+07
1.178402110469330522e+00 1.327560504070421308e+07
1.233375995761962995e+00 1.226215218467163481e+07
1.290914479367274659e+00 1.135343962494292669e+07
1.351137202901832923e+00 1.059205002701441757e+07
1.414169389408483246e+00 9.532150740522259846e+06
1.480142103736643344e+00 8.885634262411296368e+06
1.549192525069651882e+00 8.130899236247472465e+06
1.621464232165851449e+00 7.430729875260011293e+06
1.697107501906508942e+00 6.871710970255808905e+06
1.776279621771362560e+00 6.202678920198423788e+06
1.859145216891527452e+00 5.630544319957142696e+06
1.945876592359817581e+00 5.144192932005682960e+06
2.036654091510258002e+00 4.678543625947469845e+06
2.131666470911770972e+00 4.268075061685419641e+06
2.231111292855769257e+00 3.857352919331398793e+06
2.335195336153773393e+00 3.534177550522633363e+06
2.444135026099235386e+00 3.188364060099362861e+06
2.558156884487600369e+00 2.955575720997093711e+06
2.677498000630348152e+00 2.667353264203682542e+06
2.802406524342412553e+00 2.438564629910261836e+06
2.933142181928062087e+00 2.244935799431774300e+06
