3.069976816238139533e-02 7.711280184386827946e+08
3.213194951921637121e-02 1.059658758409295201e+09
3.363094387046929729e-02 1.003412676192024112e+09
3.519986812322865172e-02 8.900247440079972744e+08
3.684198459207260745e-02 9.343662585267597437e+08
3.856070778250449138e-02 8.875526971172015667e+08
4.035961149084377197e-02 8.733465086126154661e+08
4.224243623533543990e-02 6.872824359336111546e+08
4.421309703392971302e-02 5.130069748945273161e+08
4.627569154490460829e-02 5.589641027575482130e+08
4.843450858725836805e-02 6.433434773450326920e+08
5.069403705858849252e-02 6.729434991637018919e+08
5.305897526900069106e-02 7.243719790943338871e+08
5.553424071045594268e-02 7.258773547875550985e+08
5.812498028186940946e-02 6.591144187332539558e+08
6.083658099122266766e-02 6.803454232485686541e+08
6.367468115694234487e-02 5.415384241048178673e+08
6.664518213183667772e-02 6.751101647194361687e+08
6.975426057396794111e-02 5.620984418765230179e+08
7.300838128997587384e-02 5.446015800858211517e+08
7.641431067755764805e-02 5.429095252143373489e+08
7.997913079505601652e-02 4.865611779145911932e+08
8.371025408741054885e-02 4.755512346237465143e+08
8.761543879909236554e-02 4.265103582201722860e+08
9.170280510607109470e-02 4.557394154288581014e+08
9.598085200035742781e-02 4.115173067930918932e+08
1.004584749622301765e-01 3.837170372425428629e+08
1.051449844568940195e-01 3.661092905859371424e+08
1.100501252940287722e-01 3.733200110503526926e+08
1.151840968904851020e-01 3.751116115604088902e+08
1.205575744782594882e-01 3.213341538873219490e+08
1.261817313018468445e-01 3.235835711118603945e+08
1.320682618511266337e-01 3.166091002530076504e+08
1.382294061780912076e-01 2.990356220930942297e+08
1.446779753479788821e-01 2.752985525798642635e+08
1.514273780777332656e-01 2.651251615857837498e+08
1.584916486171791816e-01 2.589408871705793738e+08
1.658854759308886484e-01 2.320120934424402118e+08
1.736242342414167639e-01 2.310731986426930428e+08
1.817240149974163610e-01 2.160753696895986497e+08
1.902016603331038169e-01 2.099546000819885731e+08
1.990747980886495849e-01 1.945530617233046293e+08
2.083618784643124222e-01 1.962562044738717377e+08
2.180822123845329585e-01 1.738714184937728643e+08
2.282560116517592663e-01 1.636767795091085732e+08
2.389044309734965343e-01 1.595875376218943596e+08
2.500496119499697190e-01 1.488394612732189298e+08
2.617147291138638421e-01 1.369256469537886977e+08
2.739240381178740802e-01 1.335382700495199561e+08
2.867029261702632170e-01 1.236974782419079691e+08
3.000779648232989039e-01 1.114669909278525561e+08
3.140769652243355914e-01 1.084507152738359720e+08
3.287290359444262067e-01 1.043444787353254259e+08
3.440646435047088891e-01 9.817631569854757190e+07
3.601156757264223351e-01 8.891248701730760932e+07
3.769155080362766030e-01 8.356112843192845583e+07
3.944990728650497602e-01 8.012210132095009089e+07
4.129029322837124427e-01 7.432549392115610838e+07
4.321653540281166217e-01 6.854806662672065198e+07
4.523263910703274604e-01 6.444358689361212403e+07
4.734279649020536884e-01 6.054443293138313293e+07
4.955139527033520785e-01 5.617590248260080069e+07
5.186302785778565960e-01 5.006482440900486708e+07
5.428250090442419129e-01 4.778768736836788058e+07
5.681484529824789576e-01 4.515527661136216670e+07
5.946532662427046478e-01 4.222643300310477614e+07
6.223945611342215356e-01 3.939160165209838003e+07
6.514300210222929710e-01 3.649201036970356852e+07
6.818200202710160696e-01 3.416116862809779495e+07
7.136277497816758686e-01 3.186067455993921310e+07
7.469193483876155337e-01 2.942674086691134796e+07
7.817640403788362891e-01 2.675615010128481314e+07
8.182342794422867716e-01 2.479290444174383208e+07
8.564058993171398404e-01 2.332197113391492888e+07
8.963582714783228100e-01 2.168080215757571533e+07
9.381744701761730587e-01 1.978609225894131884e+07
9.819414451753946116e-01 1.825875199922642112e+07
1.027750202552496051e+00 1.680730814758285508e+07
1.075695993927647365e+00 1.550630736045284383e+07
1.125878514524432994e+00 1.444761222283997945e+07
1.178402110469330522e+00 1.343186881244553253e+07
1.233375995761962995e+00 1.225892232672844455e+07
1.290914479367274659e+00 1.137298312670999393e+07
1.351137202901832923e+00 1.067262536618424207e+07
1.414169389408483246e+00 9.861137483159409836e+06
1.480142103736643344e+00 9.087213251948390156e+06
1.549192525069651882e+00 8.222369909352795221e+06
1.621464232165851449e+00 7.740998574104011990e+06
1.697107501906508942e+00 6.984757852320313454e+06
1.776279621771362560e+00 6.340780193214352243e+06
1.859145216891527452e+00 5.803933984041668475e+06
1.945876592359817581e+00 5.320293312261416577e+06
2.036654091510258002e+00 4.853282969242334366e+06
2.131666470911770972e+00 4.376275864753106609e+06
2.231111292855769257e+00 3.951600529433263000e+06
2.335195336153773393e+00 3.544461568329862785e+06
2.444135026099235386e+00 3.212348426850721240e+06
2.558156884487600369e+00 2.953718719287602231e+06
2.677498000630348152e+00 2.722119614554936532e+06
2.802406524342412553e+00 2.461111471060671844e+06
2.933142181928062087e+00 2.274596811435641255e+06
