3.069976816238139533e-02 6.460826163235313892e+08
3.213194951921637121e-02 7.851813908020756245e+08
3.363094387046929729e-02 6.470892113496468067e+08
3.519986812322865172e-02 5.702754505771189928e+08
3.684198459207260745e-02 6.845425928763612509e+08
3.856070778250449138e-02 6.563956462042372227e+08
4.035961149084377197e-02 7.036931837260580063e+08
4.224243623533543990e-02 6.571589659981615543e+08
4.421309703392971302e-02 5.976214327956098318e+08
4.627569154490460829e-02 7.774977892359387875e+08
4.843450858725836805e-02 4.310555327813744545e+08
5.069403705858849252e-02 4.991754833355826139e+08
5.305897526900069106e-02 5.961459361596415043e+08
5.553424071045594268e-02 4.960232067860633135e+08
5.812498028186940946e-02 6.410591937894636393e+08
6.083658099122266766e-02 5.211546148406276703e+08
6.367468115694234487e-02 5.558763780783993006e+08
6.664518213183667772e-02 5.799289730141060352e+08
6.975426057396794111e-02 4.958152668019025922e+08
7.300838128997587384e-02 4.717442279434917569e+08
7.641431067755764805e-02 5.440769310816507339e+08
7.997913079505601652e-02 4.532781418702350855e+08
8.371025408741054885e-02 4.605436215375533104e+08
8.761543879909236554e-02 4.034939781564552784e+08
9.170280510607109470e-02 4.030795276745173931e+08
9.598085200035742781e-02 4.368090542538891435e+08
1.004584749622301765e-01 4.157208337565306425e+08
1.051449844568940195e-01 4.106796508394674659e+08
1.100501252940287722e-01 3.674131691210407019e+08
1.151840968904851020e-01 3.646858979186674953e+08
1.205575744782594882e-01 3.800052414937571883e+08
1.261817313018468445e-01 3.484866420467927456e+08
1.320682618511266337e-01 3.395410104641609788e+08
1.382294061780912076e-01 2.865995034071263075e+08
1.446779753479788821e-01 2.863063952510797977e+08
1.514273780777332656e-01 2.748997104349606037e+08
1.584916486171791816e-01 2.703534521908531189e+08
1.658854759308886484e-01 2.586482430839840174e+08
1.736242342414167639e-01 2.238563167327364683e+08
1.817240149974163610e-01 2.180533067663411200e+08
1.902016603331038169e-01 2.144680145696784258e+08
1.990747980886495849e-01 2.044874658427112103e+08
2.083618784643124222e-01 1.916963268468397856e+08
2.180822123845329585e-01 1.824910167627041936e+08
2.282560116517592663e-01 1.701869992787123322e+08
2.389044309734965343e-01 1.575956275100790858e+08
2.500496119499697190e-01 1.559491721348974407e+08
2.617147291138638421e-01 1.396777965740374029e+08
2.739240381178740802e-01 1.316511105907487273e+08
2.867029261702632170e-01 1.255167637466146499e+08
3.000779648232989039e-01 1.176882035190235376e+08
3.140769652243355914e-01 1.047483292868155688e+08
3.287290359444262067e-01 1.006407492516274303e+08
3.440646435047088891e-01 9.319245219557560980e+07
3.601156757264223351e-01 8.826701324074082077e+07
3.769155080362766030e-01 8.281009405178911984e+07
3.944990728650497602e-01 7.697957627282641828e+07
4.129029322837124427e-01 7.254935798567467928e+07
4.321653540281166217e-01 6.795267986355131865e+07
4.523263910703274604e-01 6.429195209794715792e+07
4.734279649020536884e-01 5.981384532112254947e+07
4.955139527033520785e-01 5.503216716993602365e+07
5.186302785778565960e-01 5.328743813313817978e+07
5.428250090442419129e-01 4.826598740325224400e+07
5.681484529824789576e-01 4.606138062440629303e+07
5.946532662427046478e-01 4.162325414688771963e+07
6.223945611342215356e-01 3.874921786071586609e+07
6.514300210222929710e-01 3.710238464120208472e+07
6.818200202710160696e-01 3.351166219966517761e+07
7.136277497816758686e-01 3.232885912831273675e+07
7.469193483876155337e-01 2.919413158878704533e+07
7.817640403788362891e-01 2.682123889130873233e+07
8.182342794422867716e-01 2.521427248262203112e+07
8.564058993171398404e-01 2.346192445736186206e+07
8.963582714783228100e-01 2.139476191506189480e+07
9.381744701761730587e-01 2.020228433604490012e+07
9.819414451753946116e-01 1.859309448926868662e+07
1.027750202552496051e+00 1.691726622524864972e+07
1.075695993927647365e+00 1.573843997442386113e+07
1.125878514524432994e+00 1.466823301431732997e+07
1.178402110469330522e+00 1.379963743002946861e+07
1.233375995761962995e+00 1.275241433007611893e+07
1.290914479367274659e+00 1.165980649659574591e+07
1.351137202901832923e+00 1.074223510275302455e+07
1.414169389408483246e+00 9.844158827150447294e+06
1.480142103736643344e+00 8.917910076082237065e+06
1.549192525069651882e+00 8.286132456995633431e+06
1.621464232165851449e+00 7.615584571823746897e+06
1.697107501906508942e+00 6.870540460288224742e+06
1.776279621771362560e+00 6.287154992854019627e+06
1.859145216891527452e+00 5.736885020908823237e+06
1.945876592359817581e+00 5.288833568351694383e+06
2.036654091510258002e+00 4.809526293794387951e+06
2.131666470911770972e+00 4.400667562077985145e+06
2.231111292855769257e+00 4.034366781146550551e+06
2.335195336153773393e+00 3.656305740241943859e+06
2.444135026099235386e+00 3.252391580301495735e+06
2.558156884487600369e+00 2.974900589311956428e+06
2.677498000630348152e+00 2.745044837751364801e+06
2.802406524342412553e+00 2.518014163650700357e+06
2.933142181928062087e+00 2.291356662236937322e+06
