3.069976816238139533e-02 1.098801391860728979e+09
3.213194951921637121e-02 7.732614887249013186e+08
3.363094387046929729e-02 1.026130410715864301e+09
3.519986812322865172e-02 1.040507049823032856e+09
3.684198459207260745e-02 8.374535785233155489e+08
3.856070778250449138e-02 8.156304613529495001e+08
4.035961149084377197e-02 9.297523350971344709e+08
4.224243623533543990e-02 7.586665936406607628e+08
4.421309703392971302e-02 8.374470730404484272e+08
4.627569154490460829e-02 8.691794330405161381e+08
4.843450858725836805e-02 7.345228776092360020e+08
5.069403705858849252e-02 8.432251516753594875e+08
5.305897526900069106e-02 6.182472925335311890e+08
5.553424071045594268e-02 6.587112707482682467e+08
5.812498028186940946e-02 7.244260774303252697e+08
6.083658099122266766e-02 5.994260015994517803e+08
6.367468115694234487e-02 6.426236547363123894e+08
6.664518213183667772e-02 4.945318378343273997e+08
6.975426057396794111e-02 5.553018178317623138e+08
7.300838128997587384e-02 5.227786702147544622e+08
7.641431067755764805e-02 5.115846545754171610e+08
7.997913079505601652e-02 4.822911626170582771e+08
8.371025408741054885e-02 4.817270918161476851e+08
8.761543879909236554e-02 4.533358245655100942e+08
9.170280510607109470e-02 4.473859299762881398e+08
9.598085200035742781e-02 4.350007456995610595e+08
1.004584749622301765e-01 3.935029887619144917e+08
1.051449844568940195e-01 3.902352157173393369e+08
1.100501252940287722e-01 3.780716247253482938e+08
1.151840968904851020e-01 3.824807283939896822e+08
1.205575744782594882e-01 3.541902674689884782e+08
1.261817313018468445e-01 3.325829886839882731e+08
1.320682618511266337e-01 3.292053805503563285e+08
1.382294061780912076e-01 3.040208621054990292e+08
1.446779753479788821e-01 2.957538265044475198e+08
1.514273780777332656e-01 2.849998721486030221e+08
1.584916486171791816e-01 2.719962990231833458e+08
1.658854759308886484e-01 2.405165784293128252e+08
1.736242342414167639e-01 2.434309461445561647e+08
1.817240149974163610e-01 2.408599502460924089e+08
1.902016603331038169e-01 2.146397476730285287e+08
1.990747980886495849e-01 2.068631562050934434e+08
2.083618784643124222e-01 1.827514380223677754e+08
2.180822123845329585e-01 1.828305013302892148e+08
2.282560116517592663e-01 1.713741071252914071e+08
2.389044309734965343e-01 1.609209285287982821e+08
2.500496119499697190e-01 1.529972386123096049e+08
2.617147291138638421e-01 1.367760502660326362e+08
2.739240381178740802e-01 1.314917122456467599e+08
2.867029261702632170e-01 1.257051433936849684e+08
3.000779648232989039e-01 1.108476592403555065e+08
3.140769652243355914e-01 1.088672313876801133e+08
3.287290359444262067e-01 1.017296865771597624e+08
3.440646435047088891e-01 9.322948196057057381e+07
3.601156757264223351e-01 8.563319733481352031e+07
3.769155080362766030e-01 8.016514015614175797e+07
3.944990728650497602e-01 7.958169233486792445e+07
4.129029322837124427e-01 7.305861351755154133e+07
4.321653540281166217e-01 6.569401926598002762e+07
4.523263910703274604e-01 6.362055633890976012e+07
4.734279649020536884e-01 5.867493548895832896e+07
4.955139527033520785e-01 5.464036533828277141e+07
5.186302785778565960e-01 5.212596186377966404e+07
5.428250090442419129e-01 4.723122977835822850e+07
5.681484529824789576e-01 4.454949694852065295e+07
5.946532662427046478e-01 4.131143098177406937e+07
6.223945611342215356e-01 3.833025526199375093e+07
6.514300210222929710e-01 3.614143050099054724e+07
6.818200202710160696e-01 3.375020562764213979e+07
7.136277497816758686e-01 3.145803945913887769e+07
7.469193483876155337e-01 2.895940938303583488e+07
7.817640403788362891e-01 2.648322707402390987e+07
8.182342794422867716e-01 2.479774456048052385e+07
8.564058993171398404e-01 2.328280367527326941e+07
8.963582714783228100e-01 2.113807859509353340e+07
9.381744701761730587e-01 1.967765155586205423e+07
9.819414451753946116e-01 1.835253092243683338e+07
1.027750202552496051e+00 1.673945277570229396e+07
1.075695993927647365e+00 1.550833034131823480e+07
1.125878514524432994e+00 1.420708677651118301e+07
1.178402110469330522e+00 1.312822510839227773e+07
1.233375995761962995e+00 1.215311730214998871e+07
1.290914479367274659e+00 1.122711774964916520e+07
1.351137202901832923e+00 1.055780952179080807e+07
1.414169389408483246e+00 9.752425303335100412e+06
1.480142103736643344e+00 8.961755113238340244e+06
1.549192525069651882e+00 8.082615146115384065e+06
1.621464232165851449e+00 7.513372233395631425e+06
1.697107501906508942e+00 6.771280288178293966e+06
1.776279621771362560e+00 6.218899814316246659e+06
1.859145216891527452e+00 5.656948517448606901e+06
1.945876592359817581e+00 5.151448061441808939e+06
2.036654091510258002e+00 4.642291793152563274e+06
2.131666470911770972e+00 4.274525882745162584e+06
2.231111292855769257e+00 3.873397103575500660e+06
2.335195336153773393e+00 3.529606951010582503e+06
2.444135026099235386e+00 3.225243492555409670e+06
2.558156884487600369e+00 2.950569554428739008e+06
2.677498000630348152e+00 2.674130514533450827e+06
2.802406524342412553e+00 2.455061696893490851e+06
2.933142181928062087e+00 2.229261329131084494e+06
