3.069976816238139533e-02 1.289092426987697124e+09
3.213194951921637121e-02 1.243464753141062975e+09
3.363094387046929729e-02 1.060143946103287458e+09
3.519986812322865172e-02 1.352133743970480919e+09
3.684198459207260745e-02 1.176787693471436739e+09
3.856070778250449138e-02 1.081362928556762218e+09
4.035961149084377197e-02 9.806207915571736097e+08
4.224243623533543990e-02 1.184922882794457674e+09
4.421309703392971302e-02 1.002705377109955788e+09
4.627569154490460829e-02 8.392405517691881657e+08
4.843450858725836805e-02 7.473013967496533394e+08
5.069403705858849252e-02 9.430124635994606018e+08
5.305897526900069106e-02 8.884351989409085512e+08
5.553424071045594268e-02 8.798367090131380558e+08
5.812498028186940946e-02 7.689333324246047735e+08
6.083658099122266766e-02 7.306198682627391815e+08
6.367468115694234487e-02 6.969860894850684404e+08
6.664518213183667772e-02 5.576642003210345507e+08
6.975426057396794111e-02 5.832444061842541695e+08
7.300838128997587384e-02 5.828193839913878441e+08
7.641431067755764805e-02 5.374509397216510773e+08
7.997913079505601652e-02 4.321396232127249837e+08
8.371025408741054885e-02 4.497012222663012743e+08
8.761543879909236554e-02 4.462794673311296105e+08
9.170280510607109470e-02 4.440897260899238586e+08
9.598085200035742781e-02 4.367415272225679159e+08
1.004584749622301765e-01 3.965414054902006388e+08
1.051449844568940195e-01 3.708022214759887457e+08
1.100501252940287722e-01 4.496175839773926735e+08
1.151840968904851020e-01 3.455279480999136567e+08
1.205575744782594882e-01 3.356410263622328639e+08
1.261817313018468445e-01 3.336208090847684741e+08
1.320682618511266337e-01 3.394478455668271780e+08
1.382294061780912076e-01 3.171016756942034364e+08
1.446779753479788821e-01 2.922021326994267702e+08
1.514273780777332656e-01 2.654000092590238452e+08
1.584916486171791816e-01 2.780079227823802233e+08
1.658854759308886484e-01 2.420941557805433571e+08
1.736242342414167639e-01 2.437901085186982751e+08
1.817240149974163610e-01 2.219516820274148583e+08
1.902016603331038169e-01 2.198538539447488785e+08
1.990747980886495849e-01 1.975109750325696766e+08
2.083618784643124222e-01 1.813660552481693923e+08
2.180822123845329585e-01 1.810079373756594062e+08
2.282560116517592663e-01 1.654563265950900316e+08
2.389044309734965343e-01 1.538675310694279969e+08
2.500496119499697190e-01 1.564725051959112287e+08
2.617147291138638421e-01 1.431613745655259490e+08
2.739240381178740802e-01 1.296218770720771104e+08
2.867029261702632170e-01 1.197463217750390172e+08
3.000779648232989039e-01 1.116343721379594505e+08
3.140769652243355914e-01 1.052845764644479305e+08
3.287290359444262067e-01 9.975242127999842167e+07
3.440646435047088891e-01 9.403719247050416470e+07
3.601156757264223351e-01 8.708824187436904013e+07
3.769155080362766030e-01 8.129820846260584891e+07
3.944990728650497602e-01 7.870795867561815679e+07
4.129029322837124427e-01 7.340270365643578768e+07
4.321653540281166217e-01 6.810241595240589976e+07
4.523263910703274604e-01 5.945402346172257513e+07
4.734279649020536884e-01 5.898802997350277752e+07
4.955139527033520785e-01 5.455747112766970694e+07
5.186302785778565960e-01 5.075756995873676240e+07
5.428250090442419129e-01 4.593464693051997572e+07
5.681484529824789576e-01 4.485062124685918540e+07
5.946532662427046478e-01 4.216249054867526144e+07
6.223945611342215356e-01 3.822681238518736511e+07
6.514300210222929710e-01 3.574082252503486723e+07
6.818200202710160696e-01 3.372379886846007407e+07
7.136277497816758686e-01 3.080526768136214465e+07
7.469193483876155337e-01 2.872629114000758901e+07
7.817640403788362891e-01 2.654234074584877118e+07
8.182342794422867716e-01 2.460358548301104456e+07
8.564058993171398404e-01 2.256173337774151564e+07
8.963582714783228100e-01 2.098751726595611125e+07
9.381744701761730587e-01 1.929078964763861522e+07
9.819414451753946116e-01 1.763784532198148966e+07
1.027750202552496051e+00 1.645123005913083814e+07
1.075695993927647365e+00 1.538516122560158931e+07
1.125878514524432994e+00 1.424746112253879383e+07
1.178402110469330522e+00 1.321731668181866407e+07
1.233375995761962995e+00 1.211263887869642861e+07
1.290914479367274659e+00 1.116776222648852132e+07
1.351137202901832923e+00 1.038031164117392898e+07
1.414169389408483246e+00 9.632791643120333552e+06
1.480142103736643344e+00 8.740384219230510294e+06
1.549192525069651882e+00 7.987495706711673178e+06
1.621464232165851449e+00 7.284796544014149345e+06
1.697107501906508942e+00 6.789873236988497898e+06
1.776279621771362560e+00 6.178945280933585949e+06
1.859145216891527452e+00 5.666475326273751445e+06
1.945876592359817581e+00 5.092495913935448974e+06
2.036654091510258002e+00 4.641109731206203811e+06
2.131666470911770972e+00 4.220221464581048116e+06
2.231111292855769257e+00 3.837027227904263418e+06
2.335195336153773393e+00 3.457640824417498428e+06
2.444135026099235386e+00 3.202900853053286672e+06
2.558156884487600369e+00 2.899400554362827446e+06
2.677498000630348152e+00 2.651263324813555926e+06
2.802406524342412553e+00 2.406426222788011190e+06
2.933142181928062087e+00 2.203210375008106232e+06
