3.069976816238139533e-02 1.194072865552973986e+09
3.213194951921637121e-02 9.300709773069113493e+08
3.363094387046929729e-02 7.671525564431457520e+08
3.519986812322865172e-02 9.158320260212358236e+08
3.684198459207260745e-02 8.853845197221738100e+08
3.856070778250449138e-02 5.668951934401257038e+08
4.035961149084377197e-02 8.719174548165659904e+08
4.224243623533543990e-02 4.190346172433491349e+08
4.421309703392971302e-02 6.100894785621941090e+08
4.627569154490460829e-02 4.556056978141750693e+08
4.843450858725836805e-02 5.302709927042396665e+08
5.069403705858849252e-02 5.359161474863829017e+08
5.305897526900069106e-02 4.264781894770830274e+08
5.553424071045594268e-02 3.376033287605400085e+08
5.812498028186940946e-02 4.316795626027497649e+08
6.083658099122266766e-02 4.223087648720353246e+08
6.367468115694234487e-02 4.009488901039970517e+08
6.664518213183667772e-02 3.911404574234656096e+08
6.975426057396794111e-02 4.158285593862888217e+08
7.300838128997587384e-02 3.048473887012183666e+08
7.641431067755764805e-02 2.797291932513859272e+08
7.997913079505601652e-02 3.275525240054917932e+08
8.371025408741054885e-02 3.052331946182395220e+08
8.761543879909236554e-02 3.256881231276354790e+08
9.170280510607109470e-02 2.810718769446184039e+08
9.598085200035742781e-02 3.020983206944053173e+08
1.004584749622301765e-01 2.400101117128849030e+08
1.051449844568940195e-01 2.589291094232537150e+08
1.100501252940287722e-01 2.492363216049298346e+08
1.151840968904851020e-01 2.358876860044212639e+08
1.205575744782594882e-01 2.329035118862823248e+08
1.261817313018468445e-01 2.020748640794087052e+08
1.320682618511266337e-01 2.045561917657563686e+08
1.382294061780912076e-01 1.818171965170093179e+08
1.446779753479788821e-01 1.975677675338353813e+08
1.514273780777332656e-01 1.725652166461434066e+08
1.584916486171791816e-01 1.532571486891326904e+08
1.658854759308886484e-01 1.538509630809701681e+08
1.736242342414167639e-01 1.415529960069355369e+08
1.817240149974163610e-01 1.417096952200881541e+08
1.902016603331038169e-01 1.246374700218938142e+08
1.990747980886495849e-01 1.149118754863815159e+08
2.083618784643124222e-01 1.036845173385121524e+08
2.180822123845329585e-01 9.546227939755682647e+07
2.282560116517592663e-01 8.539412761135220528e+07
2.389044309734965343e-01 8.406291427942909300e+07
2.500496119499697190e-01 7.465486080465552211e+07
2.617147291138638421e-01 7.257952473751631379e+07
2.739240381178740802e-01 6.439095163767107576e+07
2.867029261702632170e-01 6.022710837048265338e+07
3.000779648232989039e-01 5.183567115591571480e+07
3.140769652243355914e-01 4.819773225832401216e+07
3.287290359444262067e-01 4.434941329199098051e+07
3.440646435047088891e-01 4.080154481443203986e+07
3.601156757264223351e-01 3.727261740787815303e+07
3.769155080362766030e-01 3.243460830386839807e+07
3.944990728650497602e-01 3.007470832055540010e+07
4.129029322837124427e-01 2.918954196006490290e+07
4.321653540281166217e-01 3.023880680710244551e+07
4.523263910703274604e-01 2.693602378216574341e+07
4.734279649020536884e-01 2.413103772201590613e+07
4.955139527033520785e-01 2.295692501591265202e+07
5.186302785778565960e-01 2.188917322516621649e+07
5.428250090442419129e-01 1.946674699613363668e+07
5.681484529824789576e-01 1.720545424122811109e+07
5.946532662427046478e-01 1.501521926398217119e+07
6.223945611342215356e-01 1.293148512449468486e+07
6.514300210222929710e-01 1.113170734733629785e+07
6.818200202710160696e-01 9.304575442786138505e+06
7.136277497816758686e-01 7.530653722318517044e+06
7.469193483876155337e-01 5.883222820403347723e+06
7.817640403788362891e-01 4.990339767960656434e+06
8.182342794422867716e-01 4.154770388541657012e+06
8.564058993171398404e-01 3.656537887142765336e+06
8.963582714783228100e-01 2.947710325340323616e+06
9.381744701761730587e-01 2.351970731909795664e+06
9.819414451753946116e-01 2.145912027289592195e+06
1.027750202552496051e+00 2.152986002338775899e+06
1.075695993927647365e+00 2.181118030788409058e+06
1.125878514524432994e+00 2.543143838713993318e+06
1.178402110469330522e+00 2.348369622680740431e+06
1.233375995761962995e+00 2.022334665753506357e+06
1.290914479367274659e+00 1.792113153530934593e+06
1.351137202901832923e+00 1.628880488815431483e+06
1.414169389408483246e+00 1.369749948994498933e+06
1.480142103736643344e+00 1.268924047209512675e+06
1.549192525069651882e+00 1.181400808292679721e+06
1.621464232165851449e+00 1.187748825943518663e+06
1.697107501906508942e+00 1.158251521803500364e+06
1.776279621771362560e+00 9.874312454798307735e+05
1.859145216891527452e+00 8.598723766349297948e+05
1.945876592359817581e+00 8.048740535916639492e+05
2.036654091510258002e+00 8.060537360712474911e+05
2.131666470911770972e+00 7.925993462318707025e+05
2.231111292855769257e+00 8.173373843961892417e+05
2.335195336153773393e+00 8.353006412419725675e+05
2.444135026099235386e+00 7.980441348497783765e+05
2.558156884487600369e+00 5.847012588494764641e+05
2.677498000630348152e+00 5.049260075445760158e+05
2.802406524342412553e+00 4.845718641102098627e+05
2.933142181928062087e+00 4.452516100954649155e+05
