3.069976816238139533e-02 1.000839907413369298e+09
3.213194951921637121e-02 9.223374241347014904e+08
3.363094387046929729e-02 1.034220505348672509e+09
3.519986812322865172e-02 8.285993162859091759e+08
3.684198459207260745e-02 9.133078880927085876e+08
3.856070778250449138e-02 6.897384561402207613e+08
4.035961149084377197e-02 8.460106332137771845e+08
4.224243623533543990e-02 7.645558185091559887e+08
4.421309703392971302e-02 6.421146336414742470e+08
4.627569154490460829e-02 6.257105664851109982e+08
4.843450858725836805e-02 4.935291592971920967e+08
5.069403705858849252e-02 5.719863095980910063e+08
5.305897526900069106e-02 4.585514786370155215e+08
5.553424071045594268e-02 5.471060717126047611e+08
5.812498028186940946e-02 4.694047811717432737e+08
6.083658099122266766e-02 5.389002959218634367e+08
6.367468115694234487e-02 4.614299379516652822e+08
6.664518213183667772e-02 5.070651813492974639e+08
6.975426057396794111e-02 5.021956407834335566e+08
7.300838128997587384e-02 4.584599692020199299e+08
7.641431067755764805e-02 4.211340867569309473e+08
7.997913079505601652e-02 4.350219264491541386e+08
8.371025408741054885e-02 3.992927328744015694e+08
8.761543879909236554e-02 4.097753777532178164e+08
9.170280510607109470e-02 3.766810740111436248e+08
9.598085200035742781e-02 4.014435013773546815e+08
1.004584749622301765e-01 3.826564327385557294e+08
1.051449844568940195e-01 3.604873278975849152e+08
1.100501252940287722e-01 3.981130966463934779e+08
1.151840968904851020e-01 3.184580244661852717e+08
1.205575744782594882e-01 3.185992320360575914e+08
1.261817313018468445e-01 3.106640989367663860e+08
1.320682618511266337e-01 3.074243236348021030e+08
1.382294061780912076e-01 2.844694187996744514e+08
1.446779753479788821e-01 2.668537599508764744e+08
1.514273780777332656e-01 2.798490443840003014e+08
1.584916486171791816e-01 2.531438136096731424e+08
1.658854759308886484e-01 2.650416409687900245e+08
1.736242342414167639e-01 2.522086196469822228e+08
1.817240149974163610e-01 2.233559380831800103e+08
1.902016603331038169e-01 2.022430203414309323e+08
1.990747980886495849e-01 2.028984326410963833e+08
2.083618784643124222e-01 1.844160855971427262e+08
2.180822123845329585e-01 1.785558690294932127e+08
2.282560116517592663e-01 1.613648101195572317e+08
2.389044309734965343e-01 1.577244088294427991e+08
2.500496119499697190e-01 1.498444348565089405e+08
2.617147291138638421e-01 1.400416547246783674e+08
2.739240381178740802e-01 1.259538249426593333e+08
2.867029261702632170e-01 1.198210631161589473e+08
3.000779648232989039e-01 1.157758225745553076e+08
3.140769652243355914e-01 1.055018003127837777e+08
3.287290359444262067e-01 1.007826344447889626e+08
3.440646435047088891e-01 9.372965854714986682e+07
3.601156757264223351e-01 8.972425243106889725e+07
3.769155080362766030e-01 8.176774313939519227e+07
3.944990728650497602e-01 7.687105539855223894e+07
4.129029322837124427e-01 7.173794036298577487e+07
4.321653540281166217e-01 6.667284739781356603e+07
4.523263910703274604e-01 6.273054706205265224e+07
4.734279649020536884e-01 5.638473806101301312e+07
4.955139527033520785e-01 5.362279994519585371e+07
5.186302785778565960e-01 4.990361795824129134e+07
5.428250090442419129e-01 4.701498798233941942e+07
5.681484529824789576e-01 4.462508783426129073e+07
5.946532662427046478e-01 4.144350692661076784e+07
6.223945611342215356e-01 3.955076742466961592e+07
6.514300210222929710e-01 3.471348845433743298e+07
6.818200202710160696e-01 3.339460077561698481e+07
7.136277497816758686e-01 3.117171125230064616e+07
7.469193483876155337e-01 2.925863633876935393e+07
7.817640403788362891e-01 2.643286264099497348e+07
8.182342794422867716e-01 2.442287277794125676e+07
8.564058993171398404e-01 2.262083202378470823e+07
8.963582714783228100e-01 2.128750609727613255e+07
9.381744701761730587e-01 1.920779273067101464e+07
9.819414451753946116e-01 1.796461873210599273e+07
1.027750202552496051e+00 1.654247157245792262e+07
1.075695993927647365e+00 1.567511642426819354e+07
1.125878514524432994e+00 1.422917876692862995e+07
1.178402110469330522e+00 1.330679085614483804e+07
1.233375995761962995e+00 1.213579648310129717e+07
1.290914479367274659e+00 1.112802735511475801e+07
1.351137202901832923e+00 1.047490350729516149e+07
1.414169389408483246e+00 9.694152499018171802e+06
1.480142103736643344e+00 8.830888935938214883e+06
1.549192525069651882e+00 8.136624659212846309e+06
1.621464232165851449e+00 7.487299796019177884e+06
1.697107501906508942e+00 6.826590689732289873e+06
1.776279621771362560e+00 6.172189047763729468e+06
1.859145216891527452e+00 5.639705830854493193e+06
1.945876592359817581e+00 5.125012730236688629e+06
2.036654091510258002e+00 4.673323199077589437e+06
2.131666470911770972e+00 4.282267028280172497e+06
2.231111292855769257e+00 3.889253576225084253e+06
2.335195336153773393e+00 3.552633709880280308e+06
2.444135026099235386e+00 3.245862150684374850e+06
2.558156884487600369e+00 2.949554841263396665e+06
2.677498000630348152e+00 2.677862529840776231e+06
2.802406524342412553e+00 2.434785387227277271e+06
2.933142181928062087e+00 2.229774299225295428e+06
