3.069976816238139533e-02 1.024442749572964907e+09
3.213194951921637121e-02 7.650863472554922104e+08
3.363094387046929729e-02 8.863524054328255653e+08
3.519986812322865172e-02 7.282608178861753941e+08
3.684198459207260745e-02 9.980394495945314169e+08
3.856070778250449138e-02 6.933423747011995316e+08
4.035961149084377197e-02 5.590940058762747049e+08
4.224243623533543990e-02 5.822558597228016853e+08
4.421309703392971302e-02 6.193839195765142441e+08
4.627569154490460829e-02 7.083319129572899342e+08
4.843450858725836805e-02 8.372411472554434538e+08
5.069403705858849252e-02 6.265355598693169355e+08
5.305897526900069106e-02 5.752032961955615282e+08
5.553424071045594268e-02 5.755817361298079491e+08
5.812498028186940946e-02 5.499577268230583668e+08
6.083658099122266766e-02 4.935929955862182379e+08
6.367468115694234487e-02 5.815184448855571747e+08
6.664518213183667772e-02 5.391625013854987621e+08
6.975426057396794111e-02 4.409037548529759645e+08
7.300838128997587384e-02 3.622049586557476521e+08
7.641431067755764805e-02 3.784985356851512194e+08
7.997913079505601652e-02 4.260725907195222378e+08
8.371025408741054885e-02 4.205683405595984459e+08
8.761543879909236554e-02 3.530082975838614106e+08
9.170280510607109470e-02 3.297233313729603291e+08
9.598085200035742781e-02 3.654740147064366341e+08
1.004584749622301765e-01 3.707787054751897454e+08
1.051449844568940195e-01 2.960158323151279688e+08
1.100501252940287722e-01 3.351016189252418876e+08
1.151840968904851020e-01 2.704345037129335403e+08
1.205575744782594882e-01 2.803833383800699115e+08
1.261817313018468445e-01 2.651082924195086956e+08
1.320682618511266337e-01 2.627362310063017607e+08
1.382294061780912076e-01 2.530066342260851860e+08
1.446779753479788821e-01 2.218165692721085846e+08
1.514273780777332656e-01 2.181404679027136862e+08
1.584916486171791816e-01 2.157027966288323700e+08
1.658854759308886484e-01 2.041907489260676801e+08
1.736242342414167639e-01 2.069204898288107514e+08
1.817240149974163610e-01 1.777714225176439583e+08
1.902016603331038169e-01 1.683569710493102968e+08
1.990747980886495849e-01 1.648733178373566270e+08
2.083618784643124222e-01 1.540177767686285377e+08
2.180822123845329585e-01 1.418550933924565017e+08
2.282560116517592663e-01 1.376231400502681136e+08
2.389044309734965343e-01 1.262881578730919361e+08
2.500496119499697190e-01 1.205982603507563919e+08
2.617147291138638421e-01 1.092258509916457087e+08
2.739240381178740802e-01 1.045267332307611853e+08
2.867029261702632170e-01 9.683448761797940731e+07
3.000779648232989039e-01 8.472689877866639197e+07
3.140769652243355914e-01 8.159693770860232413e+07
3.287290359444262067e-01 7.496514090713310242e+07
3.440646435047088891e-01 6.951905993097004294e+07
3.601156757264223351e-01 6.212567268793572485e+07
3.769155080362766030e-01 5.849960521670892090e+07
3.944990728650497602e-01 5.273433302048356831e+07
4.129029322837124427e-01 4.982171924103554338e+07
4.321653540281166217e-01 4.693966178616906703e+07
4.523263910703274604e-01 4.370805997416574508e+07
4.734279649020536884e-01 4.176793762235306948e+07
4.955139527033520785e-01 3.662288251419539750e+07
5.186302785778565960e-01 3.313371799921801314e+07
5.428250090442419129e-01 3.356494804800990224e+07
5.681484529824789576e-01 3.038149756175334007e+07
5.946532662427046478e-01 2.879114562333409861e+07
6.223945611342215356e-01 2.684659265560377389e+07
6.514300210222929710e-01 2.513274063449528441e+07
6.818200202710160696e-01 2.408008028589391336e+07
7.136277497816758686e-01 2.272645280084838718e+07
7.469193483876155337e-01 2.127937851386705413e+07
7.817640403788362891e-01 1.997409758501794189e+07
8.182342794422867716e-01 1.851567495246317983e+07
8.564058993171398404e-01 1.716735414877208322e+07
8.963582714783228100e-01 1.604422376812743396e+07
9.381744701761730587e-01 1.463401561247243732e+07
9.819414451753946116e-01 1.381906030404050276e+07
1.027750202552496051e+00 1.241711934063496068e+07
1.075695993927647365e+00 1.155496756449002214e+07
1.125878514524432994e+00 1.037316180467830226e+07
1.178402110469330522e+00 9.548428789319861680e+06
1.233375995761962995e+00 8.674139243638347834e+06
1.290914479367274659e+00 7.874667412939724512e+06
1.351137202901832923e+00 7.208912572998052463e+06
1.414169389408483246e+00 6.526770044079961255e+06
1.480142103736643344e+00 6.138886660701977089e+06
1.549192525069651882e+00 5.434968810477118939e+06
1.621464232165851449e+00 5.077411202699659392e+06
1.697107501906508942e+00 4.563915111276750453e+06
1.776279621771362560e+00 4.235058782962290570e+06
1.859145216891527452e+00 3.953886506582172122e+06
1.945876592359817581e+00 3.525866719878287520e+06
2.036654091510258002e+00 3.208089533050297759e+06
2.131666470911770972e+00 2.894359084377108142e+06
2.231111292855769257e+00 2.643783726991272066e+06
2.335195336153773393e+00 2.396699411783013958e+06
2.444135026099235386e+00 2.206719509616873227e+06
2.558156884487600369e+00 2.049453435530653922e+06
2.677498000630348152e+00 1.873161627612099517e+06
2.802406524342412553e+00 1.677993576707741246e+06
2.933142181928062087e+00 1.503793317491814727e+06
