3.069976816238139533e-02 1.217159344553363323e+09
3.213194951921637121e-02 1.170244442121700287e+09
3.363094387046929729e-02 7.059881802934556007e+08
3.519986812322865172e-02 9.783202778638857603e+08
3.684198459207260745e-02 7.111014808031007051e+08
3.856070778250449138e-02 5.782872619579968452e+08
4.035961149084377197e-02 6.220364509493720531e+08
4.224243623533543990e-02 6.567155684881728888e+08
4.421309703392971302e-02 6.300751254056177139e+08
4.627569154490460829e-02 5.816141568962093592e+08
4.843450858725836805e-02 5.414816451391563416e+08
5.069403705858849252e-02 4.744208117601962686e+08
5.305897526900069106e-02 3.515829750512091517e+08
5.553424071045594268e-02 4.810391240845226049e+08
5.812498028186940946e-02 3.584052648703424335e+08
6.083658099122266766e-02 4.928448793414998055e+08
6.367468115694234487e-02 4.238804467389151454e+08
6.664518213183667772e-02 3.750025132093431950e+08
6.975426057396794111e-02 2.965776595189926028e+08
7.300838128997587384e-02 3.904501302661530972e+08
7.641431067755764805e-02 3.555856756095657349e+08
7.997913079505601652e-02 3.038041596750687361e+08
8.371025408741054885e-02 3.238796154789577723e+08
8.761543879909236554e-02 2.642456290459051430e+08
9.170280510607109470e-02 2.984784333271661401e+08
9.598085200035742781e-02 2.845384752342398763e+08
1.004584749622301765e-01 2.312796218709360063e+08
1.051449844568940195e-01 2.307092124754725695e+08
1.100501252940287722e-01 2.283691772650077939e+08
1.151840968904851020e-01 2.295337655058100522e+08
1.205575744782594882e-01 2.056712081922347546e+08
1.261817313018468445e-01 2.059114980240367353e+08
1.320682618511266337e-01 1.852842339067867696e+08
1.382294061780912076e-01 1.605123090128349066e+08
1.446779753479788821e-01 1.545234485351908803e+08
1.514273780777332656e-01 1.539040678857204318e+08
1.584916486171791816e-01 1.275228222716943920e+08
1.658854759308886484e-01 1.180690611195459217e+08
1.736242342414167639e-01 1.226133882177822739e+08
1.817240149974163610e-01 1.069410378988630027e+08
1.902016603331038169e-01 1.004139295335708708e+08
1.990747980886495849e-01 1.085430904785176069e+08
2.083618784643124222e-01 8.964690335204076767e+07
2.180822123845329585e-01 8.004628965291123092e+07
2.282560116517592663e-01 7.301677178907948732e+07
2.389044309734965343e-01 7.184355743671391904e+07
2.500496119499697190e-01 6.559362845875510573e+07
2.617147291138638421e-01 5.997865069484578073e+07
2.739240381178740802e-01 5.285795757452927530e+07
2.867029261702632170e-01 4.986369180190289021e+07
3.000779648232989039e-01 4.544582872779606283e+07
3.140769652243355914e-01 4.047319612249388546e+07
3.287290359444262067e-01 3.608831739629343152e+07
3.440646435047088891e-01 3.265256160464895889e+07
3.601156757264223351e-01 3.193793188555835932e+07
3.769155080362766030e-01 2.691680125026272982e+07
3.944990728650497602e-01 2.527246205425275117e+07
4.129029322837124427e-01 2.380279247846391425e+07
4.321653540281166217e-01 2.117118538213645294e+07
4.523263910703274604e-01 1.888294972039728612e+07
4.734279649020536884e-01 1.889138172205111757e+07
4.955139527033520785e-01 1.698884703023602813e+07
5.186302785778565960e-01 1.520632105427746661e+07
5.428250090442419129e-01 1.397355990581664629e+07
5.681484529824789576e-01 1.276427777929276787e+07
5.946532662427046478e-01 1.162936844434067048e+07
6.223945611342215356e-01 1.064896145446483232e+07
6.514300210222929710e-01 1.013274606485599466e+07
6.818200202710160696e-01 9.022097865808896720e+06
7.136277497816758686e-01 8.678882765061132610e+06
7.469193483876155337e-01 8.297778652802935801e+06
7.817640403788362891e-01 8.106631620062553324e+06
8.182342794422867716e-01 7.740015587736378424e+06
8.564058993171398404e-01 7.611419392408451997e+06
8.963582714783228100e-01 7.302501155046912841e+06
9.381744701761730587e-01 6.956757542275674641e+06
9.819414451753946116e-01 6.816474824411529116e+06
1.027750202552496051e+00 6.423404416093346663e+06
1.075695993927647365e+00 6.268618984687604941e+06
1.125878514524432994e+00 6.221079468966330402e+06
1.178402110469330522e+00 5.038366843770195730e+06
1.233375995761962995e+00 4.234284518096870743e+06
1.290914479367274659e+00 3.556896343750393484e+06
1.351137202901832923e+00 3.010161769731704146e+06
1.414169389408483246e+00 2.650240492672200780e+06
1.480142103736643344e+00 2.397559806544049177e+06
1.549192525069651882e+00 2.160356355061134789e+06
1.621464232165851449e+00 2.029754729995695641e+06
1.697107501906508942e+00 1.844267978852465283e+06
1.776279621771362560e+00 1.425333093046066817e+06
1.859145216891527452e+00 1.200555312969372841e+06
1.945876592359817581e+00 1.063577336340891663e+06
2.036654091510258002e+00 8.359572388129897881e+05
2.131666470911770972e+00 7.075471090718974592e+05
2.231111292855769257e+00 6.056065255888587562e+05
2.335195336153773393e+00 5.967906860874742270e+05
2.444135026099235386e+00 5.996836402558576083e+05
2.558156884487600369e+00 6.824437589551105630e+05
2.677498000630348152e+00 6.210275235756167676e+05
2.802406524342412553e+00 5.176863855487831752e+05
2.933142181928062087e+00 4.368280824843230075e+05
