3.069976816238139533e-02 5.757672651868165731e+08
3.213194951921637121e-02 3.884339590834857225e+08
3.363094387046929729e-02 3.224031261551052928e+08
3.519986812322865172e-02 4.271136854433971643e+08
3.684198459207260745e-02 4.664441700452228189e+08
3.856070778250449138e-02 5.679570132496002913e+08
4.035961149084377197e-02 4.976907546092454791e+08
4.224243623533543990e-02 3.579443480003068447e+08
4.421309703392971302e-02 5.604510994832619429e+08
4.627569154490460829e-02 6.454051973944995403e+08
4.843450858725836805e-02 4.604596877468275428e+08
5.069403705858849252e-02 4.731624407232233286e+08
5.305897526900069106e-02 3.972209844203396440e+08
5.553424071045594268e-02 4.362056548821115494e+08
5.812498028186940946e-02 5.560559089536156654e+08
6.083658099122266766e-02 5.555090610108370781e+08
6.367468115694234487e-02 4.593709722899302244e+08
6.664518213183667772e-02 4.575552556931448579e+08
6.975426057396794111e-02 5.839008424469149113e+08
7.300838128997587384e-02 4.675664659154606462e+08
7.641431067755764805e-02 3.688133464090075493e+08
7.997913079505601652e-02 4.917416619705801606e+08
8.371025408741054885e-02 3.712805642051515579e+08
8.761543879909236554e-02 4.724382969666056633e+08
9.170280510607109470e-02 3.473166295671159029e+08
9.598085200035742781e-02 4.153827653323981762e+08
1.004584749622301765e-01 3.908550607928810120e+08
1.051449844568940195e-01 3.271946697865111232e+08
1.100501252940287722e-01 3.404570872786842585e+08
1.151840968904851020e-01 3.250475930433911681e+08
1.205575744782594882e-01 3.405309033132809401e+08
1.261817313018468445e-01 2.902722201171609163e+08
1.320682618511266337e-01 2.905115422640956044e+08
1.382294061780912076e-01 2.724460545274251699e+08
1.446779753479788821e-01 2.699017204960953593e+08
1.514273780777332656e-01 2.488857554205138087e+08
1.584916486171791816e-01 2.544382868733881414e+08
1.658854759308886484e-01 2.400536441681092381e+08
1.736242342414167639e-01 2.215183755613580942e+08
1.817240149974163610e-01 2.098103513471314311e+08
1.902016603331038169e-01 2.131145299060338438e+08
1.990747980886495849e-01 1.964558445954410434e+08
2.083618784643124222e-01 1.832437655988323987e+08
2.180822123845329585e-01 1.763985641105879545e+08
2.282560116517592663e-01 1.589828484281598032e+08
2.389044309734965343e-01 1.469309073099844754e+08
2.500496119499697190e-01 1.486044349021348655e+08
2.617147291138638421e-01 1.397221918136968315e+08
2.739240381178740802e-01 1.260907746084872484e+08
2.867029261702632170e-01 1.186371533984276652e+08
3.000779648232989039e-01 1.124212791872342378e+08
3.140769652243355914e-01 1.050590905286296457e+08
3.287290359444262067e-01 1.010501799763776958e+08
3.440646435047088891e-01 9.040215140089243650e+07
3.601156757264223351e-01 8.311719802485319972e+07
3.769155080362766030e-01 8.103868400581067801e+07
3.944990728650497602e-01 7.922563461233638227e+07
4.129029322837124427e-01 7.164616942231999338e+07
4.321653540281166217e-01 6.787224000443141162e+07
4.523263910703274604e-01 6.125194772033607960e+07
4.734279649020536884e-01 5.910937872530334443e+07
4.955139527033520785e-01 5.387807183517939597e+07
5.186302785778565960e-01 5.098495337301465124e+07
5.428250090442419129e-01 4.698114896195530891e+07
5.681484529824789576e-01 4.404479306322693825e+07
5.946532662427046478e-01 4.018082327513696998e+07
6.223945611342215356e-01 3.755181995174259692e+07
6.514300210222929710e-01 3.590992292307349294e+07
6.818200202710160696e-01 3.286547096236773953e+07
7.136277497816758686e-01 3.095830487135218829e+07
7.469193483876155337e-01 2.818826317114148661e+07
7.817640403788362891e-01 2.648761237360823900e+07
8.182342794422867716e-01 2.406616699775077775e+07
8.564058993171398404e-01 2.301236744555069879e+07
8.963582714783228100e-01 2.115914351316595823e+07
9.381744701761730587e-01 1.913302218604594842e+07
9.819414451753946116e-01 1.808264100651330873e+07
1.027750202552496051e+00 1.639463791829828918e+07
1.075695993927647365e+00 1.541848011958511174e+07
1.125878514524432994e+00 1.434213977522497252e+07
1.178402110469330522e+00 1.290178790665510669e+07
1.233375995761962995e+00 1.233044581064350158e+07
1.290914479367274659e+00 1.134704724516101927e+07
1.351137202901832923e+00 1.036235279446940310e+07
1.414169389408483246e+00 9.656447482764536515e+06
1.480142103736643344e+00 8.777292157507304102e+06
1.549192525069651882e+00 8.180129313927459531e+06
1.621464232165851449e+00 7.505331224757324904e+06
1.697107501906508942e+00 6.895992877266868018e+06
1.776279621771362560e+00 6.260004143978728913e+06
1.859145216891527452e+00 5.777815013531729579e+06
1.945876592359817581e+00 5.239807657220796682e+06
2.036654091510258002e+00 4.714849174733222462e+06
2.131666470911770972e+00 4.313119007078931667e+06
2.231111292855769257e+00 3.942820645125160925e+06
2.335195336153773393e+00 3.573524468442488927e+06
2.444135026099235386e+00 3.281291158688396215e+06
2.558156884487600369e+00 2.975924574035719968e+06
2.677498000630348152e+00 2.713781526971644256e+06
2.802406524342412553e+00 2.467879845927689224e+06
2.933142181928062087e+00 2.289667334811717737e+06
