3.069976816238139533e-02 4.008647098952973485e+08
3.213194951921637121e-02 5.987330208774149418e+08
3.363094387046929729e-02 4.851297284627408385e+08
3.519986812322865172e-02 3.664074388340067863e+08
3.684198459207260745e-02 5.077654392710536718e+08
3.856070778250449138e-02 6.546935146887676716e+08
4.035961149084377197e-02 3.661168200274407268e+08
4.224243623533543990e-02 5.837998832196118832e+08
4.421309703392971302e-02 5.041355879655069113e+08
4.627569154490460829e-02 4.784957430279761553e+08
4.843450858725836805e-02 3.990684237978533506e+08
5.069403705858849252e-02 4.943425575714825392e+08
5.305897526900069106e-02 4.157480749442255497e+08
5.553424071045594268e-02 4.829729026640229225e+08
5.812498028186940946e-02 4.487718639723429680e+08
6.083658099122266766e-02 6.069996670520689487e+08
6.367468115694234487e-02 4.337472291189953685e+08
6.664518213183667772e-02 5.505418164182001352e+08
6.975426057396794111e-02 4.190135079313011169e+08
7.300838128997587384e-02 4.865673637753040791e+08
7.641431067755764805e-02 4.402814126450015903e+08
7.997913079505601652e-02 3.949669899063111544e+08
8.371025408741054885e-02 4.046574391674880981e+08
8.761543879909236554e-02 4.234328221891214848e+08
9.170280510607109470e-02 3.675809845836316347e+08
9.598085200035742781e-02 3.622201167212843299e+08
1.004584749622301765e-01 3.500516149030927420e+08
1.051449844568940195e-01 3.604438294030913115e+08
1.100501252940287722e-01 3.676201493680518866e+08
1.151840968904851020e-01 3.504749390365357399e+08
1.205575744782594882e-01 3.156577885152681470e+08
1.261817313018468445e-01 3.017327108879625797e+08
1.320682618511266337e-01 3.001389350493103862e+08
1.382294061780912076e-01 2.889040710256361365e+08
1.446779753479788821e-01 2.806900852778363824e+08
1.514273780777332656e-01 2.483168568722707927e+08
1.584916486171791816e-01 2.545362841792505085e+08
1.658854759308886484e-01 2.309317899232540727e+08
1.736242342414167639e-01 2.311099589113309979e+08
1.817240149974163610e-01 2.248068141706591249e+08
1.902016603331038169e-01 2.051877918797004223e+08
1.990747980886495849e-01 2.134682602527238131e+08
2.083618784643124222e-01 1.828430533218694031e+08
2.180822123845329585e-01 1.789623797240163982e+08
2.282560116517592663e-01 1.671879085454853177e+08
2.389044309734965343e-01 1.552203098123901486e+08
2.500496119499697190e-01 1.485033550504447818e+08
2.617147291138638421e-01 1.338126043289864957e+08
2.739240381178740802e-01 1.268057824340791553e+08
2.867029261702632170e-01 1.205134219019859284e+08
3.000779648232989039e-01 1.109582513077264428e+08
3.140769652243355914e-01 1.109001855678373575e+08
3.287290359444262067e-01 9.744260931477631629e+07
3.440646435047088891e-01 9.110277089637520909e+07
3.601156757264223351e-01 8.736795964361435175e+07
3.769155080362766030e-01 8.029941177081386745e+07
3.944990728650497602e-01 7.636482780660396814e+07
4.129029322837124427e-01 7.065556068490409851e+07
4.321653540281166217e-01 6.801824042903755605e+07
4.523263910703274604e-01 5.964784949350176007e+07
4.734279649020536884e-01 5.669779039059346914e+07
4.955139527033520785e-01 5.381967422312010080e+07
5.186302785778565960e-01 4.974202954353000969e+07
5.428250090442419129e-01 4.779261993784822524e+07
5.681484529824789576e-01 4.242590104206002504e+07
5.946532662427046478e-01 4.024284146244440973e+07
6.223945611342215356e-01 3.776988160743572563e+07
6.514300210222929710e-01 3.445967592862004042e+07
6.818200202710160696e-01 3.238978180158529431e+07
7.136277497816758686e-01 3.143375790662316233e+07
7.469193483876155337e-01 2.872244773457403481e+07
7.817640403788362891e-01 2.590446350598730147e+07
8.182342794422867716e-01 2.419302776816368476e+07
8.564058993171398404e-01 2.261090217120366916e+07
8.963582714783228100e-01 2.044613728912893310e+07
9.381744701761730587e-01 1.919351279000437260e+07
9.819414451753946116e-01 1.781867598450906575e+07
1.027750202552496051e+00 1.638938665855443105e+07
1.075695993927647365e+00 1.500353602319540642e+07
1.125878514524432994e+00 1.415357653538754210e+07
1.178402110469330522e+00 1.308547541709085368e+07
1.233375995761962995e+00 1.204048315538810939e+07
1.290914479367274659e+00 1.115455576161949895e+07
1.351137202901832923e+00 1.032564787221585028e+07
1.414169389408483246e+00 9.519671590545075014e+06
1.480142103736643344e+00 8.805382229631152004e+06
1.549192525069651882e+00 8.006632733134461567e+06
1.621464232165851449e+00 7.473054681401719339e+06
1.697107501906508942e+00 6.749398737667704932e+06
1.776279621771362560e+00 6.108012002385301515e+06
1.859145216891527452e+00 5.675308747247264720e+06
1.945876592359817581e+00 5.139731232625046745e+06
2.036654091510258002e+00 4.673442318320482969e+06
2.131666470911770972e+00 4.256747247497086413e+06
2.231111292855769257e+00 3.808013436995357741e+06
2.335195336153773393e+00 3.538637072396335658e+06
2.444135026099235386e+00 3.202653536075300071e+06
2.558156884487600369e+00 2.942754260358179919e+06
2.677498000630348152e+00 2.678760109970130492e+06
2.802406524342412553e+00 2.464577534809076227e+06
2.933142181928062087e+00 2.255490014506660402e+06
