3.069976816238139533e-02 7.365077765413155556e+08
3.213194951921637121e-02 8.903823492806000710e+08
3.363094387046929729e-02 7.922757700893523693e+08
3.519986812322865172e-02 6.593231532336988449e+08
3.684198459207260745e-02 8.849463403420894146e+08
3.856070778250449138e-02 8.948935547083146572e+08
4.035961149084377197e-02 6.528782791821626425e+08
4.224243623533543990e-02 5.184973215856381655e+08
4.421309703392971302e-02 7.032450375235683918e+08
4.627569154490460829e-02 5.673607246052680016e+08
4.843450858725836805e-02 4.874605933981468678e+08
5.069403705858849252e-02 4.883479144760823250e+08
5.305897526900069106e-02 4.861308726040097475e+08
5.553424071045594268e-02 4.036452865988017321e+08
5.812498028186940946e-02 5.677389502287092209e+08
6.083658099122266766e-02 4.592681123446400166e+08
6.367468115694234487e-02 4.614623276139805913e+08
6.664518213183667772e-02 4.277065104779024124e+08
6.975426057396794111e-02 3.358738346024142504e+08
7.300838128997587384e-02 4.049204129064388275e+08
7.641431067755764805e-02 3.806580924966748357e+08
7.997913079505601652e-02 3.843556892803795338e+08
8.371025408741054885e-02 3.250062624939650297e+08
8.761543879909236554e-02 3.092654019248917699e+08
9.170280510607109470e-02 3.239301818903353214e+08
9.598085200035742781e-02 2.713740709972941875e+08
1.004584749622301765e-01 2.964475978665199280e+08
1.051449844568940195e-01 3.141313674279591441e+08
1.100501252940287722e-01 2.800735131956074238e+08
1.151840968904851020e-01 2.969231391517229080e+08
1.205575744782594882e-01 2.890530313891300559e+08
1.261817313018468445e-01 2.477382497967690825e+08
1.320682618511266337e-01 2.559413063358702958e+08
1.382294061780912076e-01 2.549510979289826453e+08
1.446779753479788821e-01 2.528912120985306799e+08
1.514273780777332656e-01 2.067517815912263989e+08
1.584916486171791816e-01 2.170000434913521111e+08
1.658854759308886484e-01 2.149245163314833939e+08
1.736242342414167639e-01 2.101862256779266894e+08
1.817240149974163610e-01 1.997587196236425042e+08
1.902016603331038169e-01 1.846468796200031042e+08
1.990747980886495849e-01 1.709255447061274946e+08
2.083618784643124222e-01 1.698882084515381753e+08
2.180822123845329585e-01 1.569284424874441624e+08
2.282560116517592663e-01 1.514687894750752747e+08
2.389044309734965343e-01 1.408986495509941578e+08
2.500496119499697190e-01 1.339286617375893891e+08
2.617147291138638421e-01 1.318805426349465698e+08
2.739240381178740802e-01 1.258207756264157742e+08
2.867029261702632170e-01 1.188919394198568165e+08
3.000779648232989039e-01 1.188040964505247325e+08
3.140769652243355914e-01 1.059285711827124953e+08
3.287290359444262067e-01 1.010626647080797851e+08
3.440646435047088891e-01 9.229056739177891612e+07
3.601156757264223351e-01 8.393426161782607436e+07
3.769155080362766030e-01 7.913057179069915414e+07
3.944990728650497602e-01 7.445962269229809940e+07
4.129029322837124427e-01 6.936222084814479947e+07
4.321653540281166217e-01 6.502258192692787945e+07
4.523263910703274604e-01 6.011670727942381054e+07
4.734279649020536884e-01 5.929320646417448670e+07
4.955139527033520785e-01 5.332976094387254864e+07
5.186302785778565960e-01 5.066712652891973406e+07
5.428250090442419129e-01 4.585381324280100316e+07
5.681484529824789576e-01 4.336755373827520013e+07
5.946532662427046478e-01 4.249978525099422783e+07
6.223945611342215356e-01 3.823788603641895950e+07
6.514300210222929710e-01 3.587143977024542540e+07
6.818200202710160696e-01 3.413386802159363776e+07
7.136277497816758686e-01 3.158172154050683975e+07
7.469193483876155337e-01 2.942897759710031748e+07
7.817640403788362891e-01 2.715099320039907470e+07
8.182342794422867716e-01 2.465670776529388875e+07
8.564058993171398404e-01 2.255348214302569255e+07
8.963582714783228100e-01 2.047834667824649066e+07
9.381744701761730587e-01 1.920396637346242741e+07
9.819414451753946116e-01 1.722612863638167828e+07
1.027750202552496051e+00 1.560875561460569687e+07
1.075695993927647365e+00 1.466965196292464435e+07
1.125878514524432994e+00 1.341877951264665090e+07
1.178402110469330522e+00 1.245286406118345261e+07
1.233375995761962995e+00 1.161713254922052287e+07
1.290914479367274659e+00 1.074847133964079618e+07
1.351137202901832923e+00 1.014441464698022604e+07
1.414169389408483246e+00 9.341208538610570133e+06
1.480142103736643344e+00 8.562170717877654359e+06
1.549192525069651882e+00 8.058874902618263848e+06
1.621464232165851449e+00 7.369773577564262785e+06
1.697107501906508942e+00 6.859562451829452068e+06
1.776279621771362560e+00 6.302726419612153433e+06
1.859145216891527452e+00 5.873316018588250503e+06
1.945876592359817581e+00 5.282763797082912177e+06
2.036654091510258002e+00 4.860367045037911274e+06
2.131666470911770972e+00 4.380410590935740620e+06
2.231111292855769257e+00 3.853878777890260331e+06
2.335195336153773393e+00 3.423436251830718480e+06
2.444135026099235386e+00 3.086372810236902442e+06
2.558156884487600369e+00 2.752234354676162358e+06
2.677498000630348152e+00 2.478937279305640608e+06
2.802406524342412553e+00 2.303922062861965504e+06
2.933142181928062087e+00 2.070529295914176386e+06
