3.069976816238139533e-02 4.977827528003619313e+08
3.213194951921637121e-02 7.921286795020763874e+08
3.363094387046929729e-02 3.906184323989052176e+08
3.519986812322865172e-02 8.527280482243472338e+08
3.684198459207260745e-02 7.167418532934517860e+08
3.856070778250449138e-02 4.359215462147508860e+08
4.035961149084377197e-02 7.502122927563230991e+08
4.224243623533543990e-02 5.381319629420450926e+08
4.421309703392971302e-02 6.980691162920145988e+08
4.627569154490460829e-02 7.788083060432486534e+08
4.843450858725836805e-02 5.231478362591600418e+08
5.069403705858849252e-02 5.403232035006200075e+08
5.305897526900069106e-02 5.473157485551476479e+08
5.553424071045594268e-02 6.292858288502360582e+08
5.812498028186940946e-02 4.777876318479284048e+08
6.083658099122266766e-02 4.231439700428835750e+08
6.367468115694234487e-02 4.432973513739225864e+08
6.664518213183667772e-02 4.301053044476617575e+08
6.975426057396794111e-02 5.286099141040933728e+08
7.300838128997587384e-02 3.964001795062623620e+08
7.641431067755764805e-02 4.891875503178448677e+08
7.997913079505601652e-02 4.162428177903807163e+08
8.371025408741054885e-02 4.320310674405025244e+08
8.761543879909236554e-02 4.020797055900152326e+08
9.170280510607109470e-02 3.859418514063575864e+08
9.598085200035742781e-02 4.039280862436782122e+08
1.004584749622301765e-01 3.616943274077174664e+08
1.051449844568940195e-01 3.933750226794102192e+08
1.100501252940287722e-01 3.149297497792705894e+08
1.151840968904851020e-01 3.249237080465787649e+08
1.205575744782594882e-01 3.459727374854754210e+08
1.261817313018468445e-01 3.169226105485988855e+08
1.320682618511266337e-01 3.278827270808929801e+08
1.382294061780912076e-01 3.037613968115172982e+08
1.446779753479788821e-01 2.776410039195219278e+08
1.514273780777332656e-01 2.766631954598528743e+08
1.584916486171791816e-01 2.521136305051384270e+08
1.658854759308886484e-01 2.472799411957693398e+08
1.736242342414167639e-01 2.378129432795614600e+08
1.817240149974163610e-01 2.368346471647186577e+08
1.902016603331038169e-01 1.988608761024934649e+08
1.990747980886495849e-01 2.052639742577013373e+08
2.083618784643124222e-01 1.950952434647389054e+08
2.180822123845329585e-01 1.980453198691224754e+08
2.282560116517592663e-01 1.754679324735635221e+08
2.389044309734965343e-01 1.595771877195900679e+08
2.500496119499697190e-01 1.511582753535410762e+08
2.617147291138638421e-01 1.408816296996874213e+08
2.739240381178740802e-01 1.348525937189800739e+08
2.867029261702632170e-01 1.312240551311287582e+08
3.000779648232989039e-01 1.182398964185195714e+08
3.140769652243355914e-01 1.145431289679265618e+08
3.287290359444262067e-01 1.001213600514834821e+08
3.440646435047088891e-01 9.379332073982259631e+07
3.601156757264223351e-01 9.033065210356290638e+07
3.769155080362766030e-01 8.720686610438163579e+07
3.944990728650497602e-01 7.896068411354236305e+07
4.129029322837124427e-01 7.298786595994040370e+07
4.321653540281166217e-01 7.034419935810033977e+07
4.523263910703274604e-01 6.280431787047007680e+07
4.734279649020536884e-01 5.968996249849496782e+07
4.955139527033520785e-01 5.464599397571285814e+07
5.186302785778565960e-01 5.174292823519167304e+07
5.428250090442419129e-01 4.806017147257336229e+07
5.681484529824789576e-01 4.467965754388169199e+07
5.946532662427046478e-01 4.203776994792608917e+07
6.223945611342215356e-01 3.817891993322472274e+07
6.514300210222929710e-01 3.651836757356101274e+07
6.818200202710160696e-01 3.332152477682980895e+07
7.136277497816758686e-01 3.046734035739956796e+07
7.469193483876155337e-01 2.942998667469937727e+07
7.817640403788362891e-01 2.682663675923377275e+07
8.182342794422867716e-01 2.443262868466458842e+07
8.564058993171398404e-01 2.297882772411963716e+07
8.963582714783228100e-01 2.119758946776800230e+07
9.381744701761730587e-01 1.955738177328192070e+07
9.819414451753946116e-01 1.779348267172347754e+07
1.027750202552496051e+00 1.696831147821827233e+07
1.075695993927647365e+00 1.552685710039306805e+07
1.125878514524432994e+00 1.426975323585303314e+07
1.178402110469330522e+00 1.354257329725790210e+07
1.233375995761962995e+00 1.237041580342800170e+07
1.290914479367274659e+00 1.159828699626753479e+07
1.351137202901832923e+00 1.053094841924868524e+07
1.414169389408483246e+00 9.671906181324208155e+06
1.480142103736643344e+00 8.893792459906589240e+06
1.549192525069651882e+00 8.065320440201329067e+06
1.621464232165851449e+00 7.510139511502277106e+06
1.697107501906508942e+00 6.777122654597543180e+06
1.776279621771362560e+00 6.307251455796781927e+06
1.859145216891527452e+00 5.678641929989677854e+06
1.945876592359817581e+00 5.135376972924355417e+06
2.036654091510258002e+00 4.730674670988943428e+06
2.131666470911770972e+00 4.297780871737777255e+06
2.231111292855769257e+00 3.873537883745003957e+06
2.335195336153773393e+00 3.521661747686113697e+06
2.444135026099235386e+00 3.233589712047514506e+06
2.558156884487600369e+00 2.958665316452076193e+06
2.677498000630348152e+00 2.669170344570166897e+06
2.802406524342412553e+00 2.439792336225720588e+06
2.933142181928062087e+00 2.246925964718535077e+06
