3.069976816238139533e-02 2.034147114428641796e+09
3.213194951921637121e-02 2.015114698696374416e+09
3.363094387046929729e-02 1.967011643595867395e+09
3.519986812322865172e-02 2.276565288532775879e+09
3.684198459207260745e-02 1.693415296954085350e+09
3.856070778250449138e-02 1.937643896577544689e+09
4.035961149084377197e-02 1.703432391773268938e+09
4.224243623533543990e-02 1.392495842182873726e+09
4.421309703392971302e-02 1.505540012016246319e+09
4.627569154490460829e-02 1.361510358402126074e+09
4.843450858725836805e-02 1.114012264044055462e+09
5.069403705858849252e-02 1.148565999694216013e+09
5.305897526900069106e-02 9.445173749210262299e+08
5.553424071045594268e-02 9.722815788447914124e+08
5.812498028186940946e-02 8.821295767566972971e+08
6.083658099122266766e-02 8.660768992643980980e+08
6.367468115694234487e-02 8.036571420254604816e+08
6.664518213183667772e-02 7.951355322950499058e+08
6.975426057396794111e-02 6.951805141775196791e+08
7.300838128997587384e-02 5.813903608820436001e+08
7.641431067755764805e-02 6.106578000199184418e+08
7.997913079505601652e-02 5.526092282227134705e+08
8.371025408741054885e-02 5.483642631985340118e+08
8.761543879909236554e-02 4.832760825271299481e+08
9.170280510607109470e-02 5.269806166660090089e+08
9.598085200035742781e-02 4.859127570299287438e+08
1.004584749622301765e-01 4.602971266213573217e+08
1.051449844568940195e-01 4.593871711844145656e+08
1.100501252940287722e-01 4.470703449613987803e+08
1.151840968904851020e-01 4.346581363080025911e+08
1.205575744782594882e-01 3.693051974095250368e+08
1.261817313018468445e-01 3.153070390078815222e+08
1.320682618511266337e-01 2.953035074295441508e+08
1.382294061780912076e-01 2.786145905240848064e+08
1.446779753479788821e-01 2.426021316762447953e+08
1.514273780777332656e-01 2.135206712818010449e+08
1.584916486171791816e-01 2.100558141741115749e+08
1.658854759308886484e-01 1.668805732658703327e+08
1.736242342414167639e-01 1.498982605862522721e+08
1.817240149974163610e-01 1.351959063441535830e+08
1.902016603331038169e-01 1.112443066393240988e+08
1.990747980886495849e-01 1.005935380742910504e+08
2.083618784643124222e-01 8.888634426911942661e+07
2.180822123845329585e-01 7.914971513763704896e+07
2.282560116517592663e-01 6.925855716533048451e+07
2.389044309734965343e-01 5.269177384023413062e+07
2.500496119499697190e-01 4.896756005186472088e+07
2.617147291138638421e-01 3.997814193271977454e+07
2.739240381178740802e-01 3.878671140992999077e+07
2.867029261702632170e-01 3.213415809897106513e+07
3.000779648232989039e-01 2.991942557371693850e+07
3.140769652243355914e-01 2.573420527155041695e+07
3.287290359444262067e-01 2.348486228807947040e+07
3.440646435047088891e-01 2.425112998743692040e+07
3.601156757264223351e-01 2.470962105664409325e+07
3.769155080362766030e-01 2.239033487865566462e+07
3.944990728650497602e-01 1.912573746172999963e+07
4.129029322837124427e-01 1.619678596190344170e+07
4.321653540281166217e-01 1.357099113873640262e+07
4.523263910703274604e-01 1.239829538436209597e+07
4.734279649020536884e-01 1.051660959410372376e+07
4.955139527033520785e-01 9.831993581761615351e+06
5.186302785778565960e-01 8.794665198032740504e+06
5.428250090442419129e-01 8.919526296718044207e+06
5.681484529824789576e-01 8.177815818151414394e+06
5.946532662427046478e-01 8.032735102459486574e+06
6.223945611342215356e-01 7.552699018838113174e+06
6.514300210222929710e-01 6.360807907972073182e+06
6.818200202710160696e-01 5.497993778869148344e+06
7.136277497816758686e-01 5.211856932802435011e+06
7.469193483876155337e-01 4.678364383195945062e+06
7.817640403788362891e-01 4.482008678850697353e+06
8.182342794422867716e-01 4.344853844358068891e+06
8.564058993171398404e-01 4.022711472439385485e+06
8.963582714783228100e-01 3.607861100998144597e+06
9.381744701761730587e-01 3.039240389996868093e+06
9.819414451753946116e-01 2.417237890607608482e+06
1.027750202552496051e+00 2.158893779597890563e+06
1.075695993927647365e+00 1.796331146490318235e+06
1.125878514524432994e+00 1.582278433435179293e+06
1.178402110469330522e+00 1.492162292663588654e+06
1.233375995761962995e+00 1.268983362010570243e+06
1.290914479367274659e+00 1.314604590775539167e+06
1.351137202901832923e+00 1.289319568961258978e+06
1.414169389408483246e+00 1.272619040433476679e+06
1.480142103736643344e+00 1.199767546485791914e+06
1.549192525069651882e+00 1.407426490498188650e+06
1.621464232165851449e+00 1.362306329443380469e+06
1.697107501906508942e+00 1.151884559501333395e+06
1.776279621771362560e+00 1.050964159043495543e+06
1.859145216891527452e+00 9.844001276898647193e+05
1.945876592359817581e+00 9.213545165932106320e+05
2.036654091510258002e+00 8.932658828544295393e+05
2.131666470911770972e+00 8.561042888531738427e+05
2.231111292855769257e+00 7.440053550531065557e+05
2.335195336153773393e+00 7.116433260342767462e+05
2.444135026099235386e+00 5.963047545855749631e+05
2.558156884487600369e+00 5.611812241940537933e+05
2.677498000630348152e+00 5.293135762875881046e+05
2.802406524342412553e+00 5.237672135736678028e+05
2.933142181928062087e+00 5.126020473477339256e+05
