3.069976816238139533e-02 9.437391042273447514e+08
3.213194951921637121e-02 1.020304920597762346e+09
3.363094387046929729e-02 6.625580025626641512e+08
3.519986812322865172e-02 8.180424429998952150e+08
3.684198459207260745e-02 9.342370521776506901e+08
3.856070778250449138e-02 7.184482419360290766e+08
4.035961149084377197e-02 7.407066291743637323e+08
4.224243623533543990e-02 6.263413252085297108e+08
4.421309703392971302e-02 7.960662852823750973e+08
4.627569154490460829e-02 5.238456354179190397e+08
4.843450858725836805e-02 5.423215153102080822e+08
5.069403705858849252e-02 4.857433700490834713e+08
5.305897526900069106e-02 4.922766979997748137e+08
5.553424071045594268e-02 5.363622205849868655e+08
5.812498028186940946e-02 4.065245672931430340e+08
6.083658099122266766e-02 4.176239980714315176e+08
6.367468115694234487e-02 3.793569092814809084e+08
6.664518213183667772e-02 4.355344551293016672e+08
6.975426057396794111e-02 4.084830753512516022e+08
7.300838128997587384e-02 4.207735917002098560e+08
7.641431067755764805e-02 3.355162795446405411e+08
7.997913079505601652e-02 3.406495423358694315e+08
8.371025408741054885e-02 3.195818430000351667e+08
8.761543879909236554e-02 3.095239984490048885e+08
9.170280510607109470e-02 3.271077254726741910e+08
9.598085200035742781e-02 2.961870038731654882e+08
1.004584749622301765e-01 2.989008748179706335e+08
1.051449844568940195e-01 2.729942218753461242e+08
1.100501252940287722e-01 2.716028965065690279e+08
1.151840968904851020e-01 2.630186994845988452e+08
1.205575744782594882e-01 2.759567578698886037e+08
1.261817313018468445e-01 2.305567916180285811e+08
1.320682618511266337e-01 2.335129733901678622e+08
1.382294061780912076e-01 2.371341385505521894e+08
1.446779753479788821e-01 2.123393456104937494e+08
1.514273780777332656e-01 2.079120425202391446e+08
1.584916486171791816e-01 1.753711640573576689e+08
1.658854759308886484e-01 1.680872733503947556e+08
1.736242342414167639e-01 1.742106450011256933e+08
1.817240149974163610e-01 1.540940419973728061e+08
1.902016603331038169e-01 1.672598096711176634e+08
1.990747980886495849e-01 1.485206756452917755e+08
2.083618784643124222e-01 1.437683668406495154e+08
2.180822123845329585e-01 1.258538455008927286e+08
2.282560116517592663e-01 1.280596078730846196e+08
2.389044309734965343e-01 1.181560985763849616e+08
2.500496119499697190e-01 1.134587504319064915e+08
2.617147291138638421e-01 1.062275353403552026e+08
2.739240381178740802e-01 1.012197324659700692e+08
2.867029261702632170e-01 9.640518886413720250e+07
3.000779648232989039e-01 9.469436342597396672e+07
3.140769652243355914e-01 8.834961374236986041e+07
3.287290359444262067e-01 7.752906807429799438e+07
3.440646435047088891e-01 7.441355322633846104e+07
3.601156757264223351e-01 7.172923060398605466e+07
3.769155080362766030e-01 6.872732350844559073e+07
3.944990728650497602e-01 6.145989549667826295e+07
4.129029322837124427e-01 5.712572158025688678e+07
4.321653540281166217e-01 5.299534106358706206e+07
4.523263910703274604e-01 4.897694729762121290e+07
4.734279649020536884e-01 4.759738816904722899e+07
4.955139527033520785e-01 4.403885184887181222e+07
5.186302785778565960e-01 4.009304801993665099e+07
5.428250090442419129e-01 3.820204471302624792e+07
5.681484529824789576e-01 3.661902489470550418e+07
5.946532662427046478e-01 3.370319500236157328e+07
6.223945611342215356e-01 3.171831434471035376e+07
6.514300210222929710e-01 2.941136118403491005e+07
6.818200202710160696e-01 2.767112405244542658e+07
7.136277497816758686e-01 2.624534441134522110e+07
7.469193483876155337e-01 2.449770641417536885e+07
7.817640403788362891e-01 2.267983626362728700e+07
8.182342794422867716e-01 2.178478695532580093e+07
8.564058993171398404e-01 1.998054065761697292e+07
8.963582714783228100e-01 1.878492517754451931e+07
9.381744701761730587e-01 1.764103675032834709e+07
9.819414451753946116e-01 1.669098270609415509e+07
1.027750202552496051e+00 1.549285559473547339e+07
1.075695993927647365e+00 1.483433502615321241e+07
1.125878514524432994e+00 1.370844438007913716e+07
1.178402110469330522e+00 1.289777134487653710e+07
1.233375995761962995e+00 1.230066647873280011e+07
1.290914479367274659e+00 1.154991348092555068e+07
1.351137202901832923e+00 1.072617461068055592e+07
1.414169389408483246e+00 1.024001718199418485e+07
1.480142103736643344e+00 9.727323910286849365e+06
1.549192525069651882e+00 9.295739434863882139e+06
1.621464232165851449e+00 8.891555423018805683e+06
1.697107501906508942e+00 8.376288775681199506e+06
1.776279621771362560e+00 7.663848055548007600e+06
1.859145216891527452e+00 6.960800446512461640e+06
1.945876592359817581e+00 6.347429302064987831e+06
2.036654091510258002e+00 5.765515012516586110e+06
2.131666470911770972e+00 5.265495052829391323e+06
2.231111292855769257e+00 4.804564602464974858e+06
2.335195336153773393e+00 4.464026834874993190e+06
2.444135026099235386e+00 4.118562190664520487e+06
2.558156884487600369e+00 3.691838661432832014e+06
2.677498000630348152e+00 3.396341797301565297e+06
2.802406524342412553e+00 3.101243193877730984e+06
2.933142181928062087e+00 2.785144004272633232e+06
