3.069976816238139533e-02 7.587744572370431423e+08
3.213194951921637121e-02 8.065537591204161644e+08
3.363094387046929729e-02 1.149774184677977324e+09
3.519986812322865172e-02 7.303388798792455196e+08
3.684198459207260745e-02 7.958612578792667389e+08
3.856070778250449138e-02 6.965234146810356379e+08
4.035961149084377197e-02 6.688959247505408525e+08
4.224243623533543990e-02 6.176481294993734360e+08
4.421309703392971302e-02 5.620151545918965340e+08
4.627569154490460829e-02 4.480903437085229158e+08
4.843450858725836805e-02 6.507886037588664293e+08
5.069403705858849252e-02 5.616486936660825014e+08
5.305897526900069106e-02 5.023671463157538772e+08
5.553424071045594268e-02 4.026190264355028272e+08
5.812498028186940946e-02 4.495097783130242825e+08
6.083658099122266766e-02 4.707297479853537083e+08
6.367468115694234487e-02 4.717655090537509918e+08
6.664518213183667772e-02 4.569470971767027974e+08
6.975426057396794111e-02 4.553543099102221131e+08
7.300838128997587384e-02 4.296755664202430248e+08
7.641431067755764805e-02 4.539527792682150602e+08
7.997913079505601652e-02 3.399602864590162635e+08
8.371025408741054885e-02 3.788325305342710018e+08
8.761543879909236554e-02 3.456195579702383280e+08
9.170280510607109470e-02 3.594764660750726461e+08
9.598085200035742781e-02 2.836536779579355717e+08
1.004584749622301765e-01 3.018131961762269735e+08
1.051449844568940195e-01 2.860450327394121289e+08
1.100501252940287722e-01 2.608749832869420350e+08
1.151840968904851020e-01 2.810363655322934389e+08
1.205575744782594882e-01 2.423571775524611175e+08
1.261817313018468445e-01 2.723124284166634679e+08
1.320682618511266337e-01 2.402331437324942052e+08
1.382294061780912076e-01 2.843643026336882710e+08
1.446779753479788821e-01 2.370021754975481331e+08
1.514273780777332656e-01 2.085632781677030921e+08
1.584916486171791816e-01 1.896712325376464427e+08
1.658854759308886484e-01 1.708042258144350052e+08
1.736242342414167639e-01 1.714059410137122571e+08
1.817240149974163610e-01 1.472660103911392093e+08
1.902016603331038169e-01 1.532182122111595571e+08
1.990747980886495849e-01 1.453633634097187221e+08
2.083618784643124222e-01 1.449639410428036749e+08
2.180822123845329585e-01 1.339486853087616265e+08
2.282560116517592663e-01 1.306815066918032616e+08
2.389044309734965343e-01 1.134235754469913691e+08
2.500496119499697190e-01 1.059730665852862298e+08
2.617147291138638421e-01 1.052727777986969501e+08
2.739240381178740802e-01 9.167412302210423350e+07
2.867029261702632170e-01 8.389905210400392115e+07
3.000779648232989039e-01 7.979617330740167201e+07
3.140769652243355914e-01 7.421969181604948640e+07
3.287290359444262067e-01 7.020472116929839551e+07
3.440646435047088891e-01 6.347720275286693871e+07
3.601156757264223351e-01 5.733271843122977018e+07
3.769155080362766030e-01 5.526987281269051135e+07
3.944990728650497602e-01 4.945456607233242691e+07
4.129029322837124427e-01 4.557590606966052204e+07
4.321653540281166217e-01 4.203952968863574415e+07
4.523263910703274604e-01 3.705123789471172541e+07
4.734279649020536884e-01 3.537768098484874517e+07
4.955139527033520785e-01 3.006778668266987801e+07
5.186302785778565960e-01 2.612323796542030945e+07
5.428250090442419129e-01 2.346642750469852239e+07
5.681484529824789576e-01 2.151229156366470829e+07
5.946532662427046478e-01 1.855554439863984287e+07
6.223945611342215356e-01 1.648954211374639347e+07
6.514300210222929710e-01 1.526976394247459248e+07
6.818200202710160696e-01 1.404809073476194032e+07
7.136277497816758686e-01 1.272398753295688145e+07
7.469193483876155337e-01 1.200613977520746179e+07
7.817640403788362891e-01 1.113612988781568967e+07
8.182342794422867716e-01 1.059048521662607603e+07
8.564058993171398404e-01 1.038097829965667054e+07
8.963582714783228100e-01 9.516674308255869895e+06
9.381744701761730587e-01 8.738870848723966628e+06
9.819414451753946116e-01 8.359251787924546748e+06
1.027750202552496051e+00 7.788966338484995067e+06
1.075695993927647365e+00 7.026243714077594690e+06
1.125878514524432994e+00 6.586320206120001152e+06
1.178402110469330522e+00 6.160572352151539177e+06
1.233375995761962995e+00 5.651019098517819308e+06
1.290914479367274659e+00 5.168127827986671589e+06
1.351137202901832923e+00 5.106549586136180907e+06
1.414169389408483246e+00 5.025614549429462291e+06
1.480142103736643344e+00 4.701785375091241673e+06
1.549192525069651882e+00 4.168367930809150916e+06
1.621464232165851449e+00 3.628444301493244711e+06
1.697107501906508942e+00 3.248202161665346008e+06
1.776279621771362560e+00 2.886537987947115675e+06
1.859145216891527452e+00 2.527074785440077074e+06
1.945876592359817581e+00 2.316832098681376316e+06
2.036654091510258002e+00 2.107159456873150077e+06
2.131666470911770972e+00 1.926766937190220458e+06
2.231111292855769257e+00 1.740000252671802882e+06
2.335195336153773393e+00 1.635283489779408323e+06
2.444135026099235386e+00 1.589087103809130844e+06
2.558156884487600369e+00 1.477112189164800802e+06
2.677498000630348152e+00 1.398112632532602176e+06
2.802406524342412553e+00 1.340785834849278443e+06
2.933142181928062087e+00 1.149534912287476240e+06
