3.069976816238139533e-02 1.199444128367224216e+09
3.213194951921637121e-02 5.887950958853375912e+08
3.363094387046929729e-02 7.449022681974167824e+08
3.519986812322865172e-02 7.888297628178230524e+08
3.684198459207260745e-02 7.319274824652014971e+08
3.856070778250449138e-02 7.325451212836406231e+08
4.035961149084377197e-02 8.087354034225208759e+08
4.224243623533543990e-02 5.588845230048496723e+08
4.421309703392971302e-02 4.562004746632419825e+08
4.627569154490460829e-02 3.396649397679653168e+08
4.843450858725836805e-02 5.962660584377523661e+08
5.069403705858849252e-02 6.378010459701701403e+08
5.305897526900069106e-02 4.705865426520728469e+08
5.553424071045594268e-02 4.145552975309134126e+08
5.812498028186940946e-02 3.777159287604966164e+08
6.083658099122266766e-02 3.491341329437597990e+08
6.367468115694234487e-02 4.200136052857248783e+08
6.664518213183667772e-02 4.545402908080965281e+08
6.975426057396794111e-02 3.590605834615263939e+08
7.300838128997587384e-02 3.513510742954756618e+08
7.641431067755764805e-02 3.361626879144240022e+08
7.997913079505601652e-02 3.500713817259520888e+08
8.371025408741054885e-02 2.946640720783389807e+08
8.761543879909236554e-02 2.476095992834426463e+08
9.170280510607109470e-02 3.264007501863877177e+08
9.598085200035742781e-02 2.742240011865250468e+08
1.004584749622301765e-01 2.706107466702934504e+08
1.051449844568940195e-01 2.094895424382023811e+08
1.100501252940287722e-01 2.376190361114963889e+08
1.151840968904851020e-01 2.256945755451065898e+08
1.205575744782594882e-01 2.270868440071235597e+08
1.261817313018468445e-01 2.099542192075084150e+08
1.320682618511266337e-01 2.133850552148505151e+08
1.382294061780912076e-01 2.083007732010846734e+08
1.446779753479788821e-01 1.892982004737929702e+08
1.514273780777332656e-01 2.022394787863876820e+08
1.584916486171791816e-01 1.714643752954628170e+08
1.658854759308886484e-01 1.892741277415399253e+08
1.736242342414167639e-01 1.679533867922448218e+08
1.817240149974163610e-01 1.544286634328488708e+08
1.902016603331038169e-01 1.659795766024381816e+08
1.990747980886495849e-01 1.393067005184836090e+08
2.083618784643124222e-01 1.440607799199338555e+08
2.180822123845329585e-01 1.310101962097796649e+08
2.282560116517592663e-01 1.283306718293266892e+08
2.389044309734965343e-01 1.185900037585737556e+08
2.500496119499697190e-01 1.190893885574845821e+08
2.617147291138638421e-01 1.034764208195781112e+08
2.739240381178740802e-01 1.033010986363442093e+08
2.867029261702632170e-01 9.884224827771441638e+07
3.000779648232989039e-01 9.210609467211894691e+07
3.140769652243355914e-01 8.964612586638519168e+07
3.287290359444262067e-01 8.217058580073761940e+07
3.440646435047088891e-01 8.477453638878898323e+07
3.601156757264223351e-01 7.225697984011098742e+07
3.769155080362766030e-01 7.250133519384261966e+07
3.944990728650497602e-01 6.826102127327132225e+07
4.129029322837124427e-01 6.336175436970116198e+07
4.321653540281166217e-01 5.883112246370311081e+07
4.523263910703274604e-01 5.636707821830257028e+07
4.734279649020536884e-01 5.198517334294357896e+07
4.955139527033520785e-01 4.868563154565736651e+07
5.186302785778565960e-01 4.499127174415044487e+07
5.428250090442419129e-01 4.389288054446022958e+07
5.681484529824789576e-01 4.133280101021977514e+07
5.946532662427046478e-01 4.023431130691702664e+07
6.223945611342215356e-01 3.572117270853028446e+07
6.514300210222929710e-01 3.266408477099975199e+07
6.818200202710160696e-01 3.190610578631186113e+07
7.136277497816758686e-01 2.895090542119003087e+07
7.469193483876155337e-01 2.794391701826906204e+07
7.817640403788362891e-01 2.555287319971339032e+07
8.182342794422867716e-01 2.373364806851193309e+07
8.564058993171398404e-01 2.196226913858523592e+07
8.963582714783228100e-01 2.040396075173201784e+07
9.381744701761730587e-01 1.889266048357077315e+07
9.819414451753946116e-01 1.707994871362552047e+07
1.027750202552496051e+00 1.603461784025318362e+07
1.075695993927647365e+00 1.472833003776542842e+07
1.125878514524432994e+00 1.379412559963264875e+07
1.178402110469330522e+00 1.269045199589200318e+07
1.233375995761962995e+00 1.162039986254475638e+07
1.290914479367274659e+00 1.075261708747277595e+07
1.351137202901832923e+00 1.011047143781613186e+07
1.414169389408483246e+00 9.482005243006795645e+06
1.480142103736643344e+00 8.834275691950546578e+06
1.549192525069651882e+00 8.466099853039532900e+06
1.621464232165851449e+00 8.190304564938444644e+06
1.697107501906508942e+00 7.692204987162231468e+06
1.776279621771362560e+00 7.024956769871173427e+06
1.859145216891527452e+00 6.309205044605792500e+06
1.945876592359817581e+00 5.731791340618168004e+06
2.036654091510258002e+00 5.017836077091258019e+06
2.131666470911770972e+00 4.413090223243357614e+06
2.231111292855769257e+00 3.921561436029769480e+06
2.335195336153773393e+00 3.445749646627894603e+06
2.444135026099235386e+00 3.022505038160011172e+06
2.558156884487600369e+00 2.675750008643282112e+06
2.677498000630348152e+00 2.357525578582177404e+06
2.802406524342412553e+00 2.010621837576126447e+06
2.933142181928062087e+00 1.804627969925704645e+06
