3.069976816238139533e-02 7.407044442061964273e+08
3.213194951921637121e-02 1.147265558143773079e+09
3.363094387046929729e-02 1.256103827205019474e+09
3.519986812322865172e-02 8.305945038687648773e+08
3.684198459207260745e-02 9.161786801579930782e+08
3.856070778250449138e-02 7.800161617250108719e+08
4.035961149084377197e-02 1.060841675364881873e+09
4.224243623533543990e-02 7.551088828852964640e+08
4.421309703392971302e-02 6.977475777408138514e+08
4.627569154490460829e-02 7.618086493920209408e+08
4.843450858725836805e-02 9.819366625526676178e+08
5.069403705858849252e-02 6.690159529550045729e+08
5.305897526900069106e-02 7.397075335211410522e+08
5.553424071045594268e-02 6.364829523153342009e+08
5.812498028186940946e-02 7.737252547769845724e+08
6.083658099122266766e-02 5.707800214641633034e+08
6.367468115694234487e-02 7.199088950253260136e+08
6.664518213183667772e-02 6.287211729627920389e+08
6.975426057396794111e-02 5.445038943061354160e+08
7.300838128997587384e-02 4.711359379911852479e+08
7.641431067755764805e-02 4.442204521522654891e+08
7.997913079505601652e-02 4.551656129677066207e+08
8.371025408741054885e-02 4.622396541878120303e+08
8.761543879909236554e-02 4.022988069389265776e+08
9.170280510607109470e-02 4.008936992949972153e+08
9.598085200035742781e-02 3.955700666569673419e+08
1.004584749622301765e-01 3.586958420647780895e+08
1.051449844568940195e-01 3.912898762876982093e+08
1.100501252940287722e-01 3.239418792834127545e+08
1.151840968904851020e-01 3.023012082543480396e+08
1.205575744782594882e-01 3.190975089250271320e+08
1.261817313018468445e-01 3.003878432442026734e+08
1.320682618511266337e-01 2.994722353400230408e+08
1.382294061780912076e-01 2.975038136952228546e+08
1.446779753479788821e-01 2.753051068820683956e+08
1.514273780777332656e-01 2.546522134367601871e+08
1.584916486171791816e-01 2.564247166485003829e+08
1.658854759308886484e-01 2.172261579757483006e+08
1.736242342414167639e-01 2.117067645742816329e+08
1.817240149974163610e-01 2.111588198028333187e+08
1.902016603331038169e-01 1.949162464119974077e+08
1.990747980886495849e-01 1.871787352776468098e+08
2.083618784643124222e-01 1.805754886553128958e+08
2.180822123845329585e-01 1.697052418797273636e+08
2.282560116517592663e-01 1.588439235551038682e+08
2.389044309734965343e-01 1.518022983153399527e+08
2.500496119499697190e-01 1.424181660971559584e+08
2.617147291138638421e-01 1.292277587560650706e+08
2.739240381178740802e-01 1.318582008039868176e+08
2.867029261702632170e-01 1.137198892534124255e+08
3.000779648232989039e-01 1.071463621773690581e+08
3.140769652243355914e-01 1.035507490280022472e+08
3.287290359444262067e-01 9.577056682143567502e+07
3.440646435047088891e-01 9.273768640922564268e+07
3.601156757264223351e-01 8.843267233254760504e+07
3.769155080362766030e-01 8.377634504878404737e+07
3.944990728650497602e-01 7.730221395089876652e+07
4.129029322837124427e-01 7.205330217906560004e+07
4.321653540281166217e-01 6.555322812812780589e+07
4.523263910703274604e-01 6.266886382656707615e+07
4.734279649020536884e-01 5.591695183457165956e+07
4.955139527033520785e-01 5.225521577542945743e+07
5.186302785778565960e-01 4.955701691538982838e+07
5.428250090442419129e-01 4.679820646054516733e+07
5.681484529824789576e-01 4.362673039630001783e+07
5.946532662427046478e-01 3.997891407229267061e+07
6.223945611342215356e-01 3.707683249872981757e+07
6.514300210222929710e-01 3.606104092526847869e+07
6.818200202710160696e-01 3.305346626036680862e+07
7.136277497816758686e-01 3.107524471180189028e+07
7.469193483876155337e-01 2.835029535311583057e+07
7.817640403788362891e-01 2.639412606727078557e+07
8.182342794422867716e-01 2.471030541160754114e+07
8.564058993171398404e-01 2.321528852191239968e+07
8.963582714783228100e-01 2.126168976292916387e+07
9.381744701761730587e-01 1.990107120927738026e+07
9.819414451753946116e-01 1.810281207199717313e+07
1.027750202552496051e+00 1.676938312670511566e+07
1.075695993927647365e+00 1.565480820733132027e+07
1.125878514524432994e+00 1.439142543436957709e+07
1.178402110469330522e+00 1.326449672978395224e+07
1.233375995761962995e+00 1.236479320015660673e+07
1.290914479367274659e+00 1.128746504854752868e+07
1.351137202901832923e+00 1.032992806284013204e+07
1.414169389408483246e+00 9.724630407852519304e+06
1.480142103736643344e+00 8.803168788189342245e+06
1.549192525069651882e+00 8.058843372019467875e+06
1.621464232165851449e+00 7.332853631725040264e+06
1.697107501906508942e+00 6.829344567739196122e+06
1.776279621771362560e+00 6.275650374172077514e+06
1.859145216891527452e+00 5.753628490253740922e+06
1.945876592359817581e+00 5.117586262437148020e+06
2.036654091510258002e+00 4.603948272379458882e+06
2.131666470911770972e+00 4.200855335186770186e+06
2.231111292855769257e+00 3.839724498984293081e+06
2.335195336153773393e+00 3.496877794079478364e+06
2.444135026099235386e+00 3.153082569416725542e+06
2.558156884487600369e+00 2.890678538826729637e+06
2.677498000630348152e+00 2.654821765192342456e+06
2.802406524342412553e+00 2.407090687428399920e+06
2.933142181928062087e+00 2.231693394988961518e+06
