3.069976816238139533e-02 5.601571634733667374e+08
3.213194951921637121e-02 2.105232127203730941e+08
3.363094387046929729e-02 2.788965226683559418e+08
3.519986812322865172e-02 4.225696797947812676e+08
3.684198459207260745e-02 4.910187079220054746e+08
3.856070778250449138e-02 3.542306079545397162e+08
4.035961149084377197e-02 5.064810600106455088e+08
4.224243623533543990e-02 3.464966050715499520e+08
4.421309703392971302e-02 5.020123898751990795e+08
4.627569154490460829e-02 4.037153712872152328e+08
4.843450858725836805e-02 4.231364707499086261e+08
5.069403705858849252e-02 4.539139622694863677e+08
5.305897526900069106e-02 4.109205524354484081e+08
5.553424071045594268e-02 4.672673957720352411e+08
5.812498028186940946e-02 3.880070744470311403e+08
6.083658099122266766e-02 3.495886022045044303e+08
6.367468115694234487e-02 4.027533776012049913e+08
6.664518213183667772e-02 4.353747288337250948e+08
6.975426057396794111e-02 3.696090439004144669e+08
7.300838128997587384e-02 3.602259562526872754e+08
7.641431067755764805e-02 3.549868117960500717e+08
7.997913079505601652e-02 3.849903726859078407e+08
8.371025408741054885e-02 3.591976010505011082e+08
8.761543879909236554e-02 3.909801242728215456e+08
9.170280510607109470e-02 3.685928788206872940e+08
9.598085200035742781e-02 3.852397265686836243e+08
1.004584749622301765e-01 3.495227293257305026e+08
1.051449844568940195e-01 3.126611330739749074e+08
1.100501252940287722e-01 3.471028199332870841e+08
1.151840968904851020e-01 2.867339515823382139e+08
1.205575744782594882e-01 2.987936891512662768e+08
1.261817313018468445e-01 3.407228389941033125e+08
1.320682618511266337e-01 2.916495718823850155e+08
1.382294061780912076e-01 2.837645357945741415e+08
1.446779753479788821e-01 2.790061094418084621e+08
1.514273780777332656e-01 2.553436691335329711e+08
1.584916486171791816e-01 2.452256113986310363e+08
1.658854759308886484e-01 2.354208275037384629e+08
1.736242342414167639e-01 2.148589978905679882e+08
1.817240149974163610e-01 2.115756292816339731e+08
1.902016603331038169e-01 2.135009374098207951e+08
1.990747980886495849e-01 2.020838215555854440e+08
2.083618784643124222e-01 1.960446037054711580e+08
2.180822123845329585e-01 1.672063044902707040e+08
2.282560116517592663e-01 1.645753700416758358e+08
2.389044309734965343e-01 1.469394273644463420e+08
2.500496119499697190e-01 1.567592773999443948e+08
2.617147291138638421e-01 1.383250390209341049e+08
2.739240381178740802e-01 1.293647836791539490e+08
2.867029261702632170e-01 1.247819205920648426e+08
3.000779648232989039e-01 1.151236835430272222e+08
3.140769652243355914e-01 1.053144971478673369e+08
3.287290359444262067e-01 9.776077934385214746e+07
3.440646435047088891e-01 9.164373272835543752e+07
3.601156757264223351e-01 8.899712513065063953e+07
3.769155080362766030e-01 8.342882353908611834e+07
3.944990728650497602e-01 7.630380617582896352e+07
4.129029322837124427e-01 7.099353624214868248e+07
4.321653540281166217e-01 6.769623835447442532e+07
4.523263910703274604e-01 6.294203744907580316e+07
4.734279649020536884e-01 5.700946174573357403e+07
4.955139527033520785e-01 5.336268805246310681e+07
5.186302785778565960e-01 5.100195776196788996e+07
5.428250090442419129e-01 4.613762656592537463e+07
5.681484529824789576e-01 4.506615498120041192e+07
5.946532662427046478e-01 4.125635741466028243e+07
6.223945611342215356e-01 3.834302168447270244e+07
6.514300210222929710e-01 3.592698403487684578e+07
6.818200202710160696e-01 3.357218160571339726e+07
7.136277497816758686e-01 3.151683501106568053e+07
7.469193483876155337e-01 2.840151524945170805e+07
7.817640403788362891e-01 2.699356244231512770e+07
8.182342794422867716e-01 2.464751111507182941e+07
8.564058993171398404e-01 2.254127210684489831e+07
8.963582714783228100e-01 2.084113569584432989e+07
9.381744701761730587e-01 1.927612757974397391e+07
9.819414451753946116e-01 1.766473104897025600e+07
1.027750202552496051e+00 1.654448091894093901e+07
1.075695993927647365e+00 1.517146876462576352e+07
1.125878514524432994e+00 1.424351358165644668e+07
1.178402110469330522e+00 1.309602532918363065e+07
1.233375995761962995e+00 1.215642918878095597e+07
1.290914479367274659e+00 1.134225317679342814e+07
1.351137202901832923e+00 1.034681980566524342e+07
1.414169389408483246e+00 9.575563189717214555e+06
1.480142103736643344e+00 8.728775175480660051e+06
1.549192525069651882e+00 8.079437660610874183e+06
1.621464232165851449e+00 7.411415334480500780e+06
1.697107501906508942e+00 6.836504838478570804e+06
1.776279621771362560e+00 6.163678805883629248e+06
1.859145216891527452e+00 5.645945615998242050e+06
1.945876592359817581e+00 5.133681016581443138e+06
2.036654091510258002e+00 4.741309084905119613e+06
2.131666470911770972e+00 4.298489446934219450e+06
2.231111292855769257e+00 3.856278712534345686e+06
2.335195336153773393e+00 3.504488660417803563e+06
2.444135026099235386e+00 3.223941753674694337e+06
2.558156884487600369e+00 2.954926152287794743e+06
2.677498000630348152e+00 2.684905597221194766e+06
2.802406524342412553e+00 2.464109969922462944e+06
2.933142181928062087e+00 2.246251497117857449e+06
