3.069976816238139533e-02 2.800943157641710043e+08
3.213194951921637121e-02 4.273949870021013021e+08
3.363094387046929729e-02 5.384784264626836777e+08
3.519986812322865172e-02 1.839163135339308977e+08
3.684198459207260745e-02 4.668997578116139174e+08
3.856070778250449138e-02 4.716782645117278099e+08
4.035961149084377197e-02 3.361558076617305279e+08
4.224243623533543990e-02 4.684678406234420538e+08
4.421309703392971302e-02 5.066198588457739949e+08
4.627569154490460829e-02 4.146525407753443718e+08
4.843450858725836805e-02 3.385052247351048589e+08
5.069403705858849252e-02 3.719288024044102430e+08
5.305897526900069106e-02 3.976047499050579667e+08
5.553424071045594268e-02 4.121018729477051497e+08
5.812498028186940946e-02 4.023205386155248880e+08
6.083658099122266766e-02 3.049049659114257097e+08
6.367468115694234487e-02 4.387890647212853432e+08
6.664518213183667772e-02 3.913693568248347640e+08
6.975426057396794111e-02 3.981845676763076782e+08
7.300838128997587384e-02 3.595536447468641400e+08
7.641431067755764805e-02 3.666037208034759760e+08
7.997913079505601652e-02 4.147629126289620399e+08
8.371025408741054885e-02 3.406638436384761333e+08
8.761543879909236554e-02 3.263334842910578251e+08
9.170280510607109470e-02 3.915843548523002863e+08
9.598085200035742781e-02 3.655176559298855066e+08
1.004584749622301765e-01 3.327457712863793969e+08
1.051449844568940195e-01 3.390117301970497370e+08
1.100501252940287722e-01 3.634561188217384219e+08
1.151840968904851020e-01 3.426372327954360843e+08
1.205575744782594882e-01 3.085445334044376016e+08
1.261817313018468445e-01 3.120669579177610278e+08
1.320682618511266337e-01 2.865255774125114679e+08
1.382294061780912076e-01 2.757944565126423836e+08
1.446779753479788821e-01 2.556306927326111794e+08
1.514273780777332656e-01 2.635797495363681912e+08
1.584916486171791816e-01 2.318942243230497837e+08
1.658854759308886484e-01 2.369861745326638520e+08
1.736242342414167639e-01 2.361329686990859807e+08
1.817240149974163610e-01 2.183162866004863977e+08
1.902016603331038169e-01 2.240157124041472971e+08
1.990747980886495849e-01 2.042513282888195515e+08
2.083618784643124222e-01 1.881827432182612419e+08
2.180822123845329585e-01 1.778125181465537548e+08
2.282560116517592663e-01 1.671080302688756287e+08
2.389044309734965343e-01 1.584904937638213038e+08
2.500496119499697190e-01 1.526302644973104000e+08
2.617147291138638421e-01 1.382230398605021536e+08
2.739240381178740802e-01 1.339616660772187561e+08
2.867029261702632170e-01 1.229980096242850274e+08
3.000779648232989039e-01 1.160933326702668220e+08
3.140769652243355914e-01 1.096971068427875340e+08
3.287290359444262067e-01 1.000502416094281673e+08
3.440646435047088891e-01 9.538215955301180482e+07
3.601156757264223351e-01 8.725738019771434367e+07
3.769155080362766030e-01 8.098738826759397984e+07
3.944990728650497602e-01 7.839641334814028442e+07
4.129029322837124427e-01 7.124441972378885746e+07
4.321653540281166217e-01 6.784086554190322757e+07
4.523263910703274604e-01 5.958845974237401783e+07
4.734279649020536884e-01 5.875450505312912166e+07
4.955139527033520785e-01 5.402546674934495986e+07
5.186302785778565960e-01 4.942921200810693949e+07
5.428250090442419129e-01 4.824750380415140837e+07
5.681484529824789576e-01 4.500878418811754882e+07
5.946532662427046478e-01 4.091718735399222374e+07
6.223945611342215356e-01 3.760457119814520329e+07
6.514300210222929710e-01 3.523964406535818428e+07
6.818200202710160696e-01 3.334731601481945813e+07
7.136277497816758686e-01 3.087614232622249052e+07
7.469193483876155337e-01 2.834283271765740588e+07
7.817640403788362891e-01 2.654036526662267372e+07
8.182342794422867716e-01 2.448653448890800402e+07
8.564058993171398404e-01 2.258886426544452831e+07
8.963582714783228100e-01 2.063457666129541397e+07
9.381744701761730587e-01 1.922388166537547112e+07
9.819414451753946116e-01 1.777976033579743654e+07
1.027750202552496051e+00 1.683120945605646819e+07
1.075695993927647365e+00 1.550901951503671147e+07
1.125878514524432994e+00 1.416465119025680795e+07
1.178402110469330522e+00 1.309688708631681092e+07
1.233375995761962995e+00 1.198539865199650638e+07
1.290914479367274659e+00 1.111637617504496500e+07
1.351137202901832923e+00 1.035668432858196087e+07
1.414169389408483246e+00 9.564481524434115738e+06
1.480142103736643344e+00 8.841747429216438904e+06
1.549192525069651882e+00 7.988887399795004167e+06
1.621464232165851449e+00 7.461193890802362934e+06
1.697107501906508942e+00 6.764433225982494652e+06
1.776279621771362560e+00 6.199924920748824254e+06
1.859145216891527452e+00 5.683521031673851423e+06
1.945876592359817581e+00 5.093156439525114372e+06
2.036654091510258002e+00 4.699219647607803345e+06
2.131666470911770972e+00 4.232157179070182145e+06
2.231111292855769257e+00 3.856058808698541019e+06
2.335195336153773393e+00 3.517476333316829521e+06
2.444135026099235386e+00 3.198895402961687185e+06
2.558156884487600369e+00 2.968588713408450596e+06
2.677498000630348152e+00 2.676668650282538496e+06
2.802406524342412553e+00 2.447282363427536562e+06
2.933142181928062087e+00 2.237773061840909068e+06
