3.069976816238139533e-02 1.199312798144026995e+09
3.213194951921637121e-02 1.113004899229498148e+09
3.363094387046929729e-02 9.379660122464847565e+08
3.519986812322865172e-02 6.529971288516315222e+08
3.684198459207260745e-02 9.660423043830863237e+08
3.856070778250449138e-02 9.479124222730077505e+08
4.035961149084377197e-02 8.684549470759170055e+08
4.224243623533543990e-02 7.636041429510238171e+08
4.421309703392971302e-02 9.375768816323652267e+08
4.627569154490460829e-02 6.760452594838317633e+08
4.843450858725836805e-02 6.204585621144213676e+08
5.069403705858849252e-02 6.051295091813338995e+08
5.305897526900069106e-02 5.332867766986722946e+08
5.553424071045594268e-02 6.266162961093100309e+08
5.812498028186940946e-02 6.259902209043654203e+08
6.083658099122266766e-02 4.446730663720152974e+08
6.367468115694234487e-02 4.229612087511951327e+08
6.664518213183667772e-02 5.496552328344982862e+08
6.975426057396794111e-02 5.069351916907870173e+08
7.300838128997587384e-02 4.907858194415284991e+08
7.641431067755764805e-02 4.405367549743054509e+08
7.997913079505601652e-02 4.069269228585160375e+08
8.371025408741054885e-02 4.550756343166074753e+08
8.761543879909236554e-02 3.943388115954980254e+08
9.170280510607109470e-02 4.231217029971586466e+08
9.598085200035742781e-02 3.883110264515261650e+08
1.004584749622301765e-01 4.130641587879039049e+08
1.051449844568940195e-01 3.789698317754807472e+08
1.100501252940287722e-01 3.939480619992220402e+08
1.151840968904851020e-01 3.541164818574044704e+08
1.205575744782594882e-01 3.537391395645577908e+08
1.261817313018468445e-01 2.955637905805346966e+08
1.320682618511266337e-01 3.282021545275172591e+08
1.382294061780912076e-01 2.725076572293727994e+08
1.446779753479788821e-01 2.865191217816028595e+08
1.514273780777332656e-01 2.867947830882547498e+08
1.584916486171791816e-01 2.738023642107415795e+08
1.658854759308886484e-01 2.386380225354805291e+08
1.736242342414167639e-01 2.410603853268374801e+08
1.817240149974163610e-01 2.230946227061873376e+08
1.902016603331038169e-01 2.121800372378536463e+08
1.990747980886495849e-01 1.887641187060872614e+08
2.083618784643124222e-01 1.950206758156821430e+08
2.180822123845329585e-01 1.814358408788019419e+08
2.282560116517592663e-01 1.774777014624937773e+08
2.389044309734965343e-01 1.618530467719602287e+08
2.500496119499697190e-01 1.473961934842129946e+08
2.617147291138638421e-01 1.347821573579753637e+08
2.739240381178740802e-01 1.299648762789152116e+08
2.867029261702632170e-01 1.282032118603492230e+08
3.000779648232989039e-01 1.209870279152230769e+08
3.140769652243355914e-01 1.079132245294937491e+08
3.287290359444262067e-01 9.910306516042806208e+07
3.440646435047088891e-01 9.598401054402461648e+07
3.601156757264223351e-01 9.019745631241488457e+07
3.769155080362766030e-01 8.717427792443436384e+07
3.944990728650497602e-01 7.669121635827463865e+07
4.129029322837124427e-01 7.322980543579125404e+07
4.321653540281166217e-01 7.001995833846251667e+07
4.523263910703274604e-01 6.435693746354568005e+07
4.734279649020536884e-01 5.979976496457240731e+07
4.955139527033520785e-01 5.609760932011897862e+07
5.186302785778565960e-01 5.175243040687981248e+07
5.428250090442419129e-01 4.908838517128760368e+07
5.681484529824789576e-01 4.650859463465313613e+07
5.946532662427046478e-01 4.204515368006203324e+07
6.223945611342215356e-01 3.975269981960979849e+07
6.514300210222929710e-01 3.682316478047345579e+07
6.818200202710160696e-01 3.457397826714718342e+07
7.136277497816758686e-01 3.247185800610261410e+07
7.469193483876155337e-01 2.917552065368892625e+07
7.817640403788362891e-01 2.693458465901299194e+07
8.182342794422867716e-01 2.509329095447238907e+07
8.564058993171398404e-01 2.335959122861824930e+07
8.963582714783228100e-01 2.172214553018289804e+07
9.381744701761730587e-01 2.009982845917520672e+07
9.819414451753946116e-01 1.854637124449305236e+07
1.027750202552496051e+00 1.695319723431088030e+07
1.075695993927647365e+00 1.559474679738874733e+07
1.125878514524432994e+00 1.474388030301893502e+07
1.178402110469330522e+00 1.318307013157638907e+07
1.233375995761962995e+00 1.252076441257152148e+07
1.290914479367274659e+00 1.169671041417307034e+07
1.351137202901832923e+00 1.052174737690870464e+07
1.414169389408483246e+00 9.774683918066395447e+06
1.480142103736643344e+00 8.886289459792274982e+06
1.549192525069651882e+00 8.367365046108013950e+06
1.621464232165851449e+00 7.510473167664633133e+06
1.697107501906508942e+00 6.835779601179091260e+06
1.776279621771362560e+00 6.371149220881130546e+06
1.859145216891527452e+00 5.725198611653806642e+06
1.945876592359817581e+00 5.138598829684453085e+06
2.036654091510258002e+00 4.764437412632989697e+06
2.131666470911770972e+00 4.307673713016234338e+06
2.231111292855769257e+00 3.895223546162096784e+06
2.335195336153773393e+00 3.591201271968599409e+06
2.444135026099235386e+00 3.274357109841119032e+06
2.558156884487600369e+00 2.985216341889614239e+06
2.677498000630348152e+00 2.680132699176834431e+06
2.802406524342412553e+00 2.476257604745321907e+06
2.933142181928062087e+00 2.247192125888857059e+06
