3.069976816238139533e-02 5.681541856483614445e+08
3.213194951921637121e-02 6.874286363235782385e+08
3.363094387046929729e-02 8.088016989373171329e+08
3.519986812322865172e-02 5.775852178791860342e+08
3.684198459207260745e-02 6.672042582933794260e+08
3.856070778250449138e-02 5.337419406778631210e+08
4.035961149084377197e-02 5.775706820323063135e+08
4.224243623533543990e-02 4.715372228817328215e+08
4.421309703392971302e-02 4.628456632807472944e+08
4.627569154490460829e-02 6.670734598857672215e+08
4.843450858725836805e-02 5.742288615141807795e+08
5.069403705858849252e-02 5.682706901077399254e+08
5.305897526900069106e-02 7.123792863746553659e+08
5.553424071045594268e-02 5.291096200705788136e+08
5.812498028186940946e-02 5.816879728758801222e+08
6.083658099122266766e-02 6.713271271548101902e+08
6.367468115694234487e-02 5.802021812388004065e+08
6.664518213183667772e-02 4.352224833132281899e+08
6.975426057396794111e-02 5.298880639906232357e+08
7.300838128997587384e-02 4.829689098179936409e+08
7.641431067755764805e-02 4.606991771272137165e+08
7.997913079505601652e-02 4.374443643478473425e+08
8.371025408741054885e-02 4.403929888813413978e+08
8.761543879909236554e-02 4.204699427739035487e+08
9.170280510607109470e-02 3.894845877622444034e+08
9.598085200035742781e-02 3.845577013050079346e+08
1.004584749622301765e-01 3.704126755306257010e+08
1.051449844568940195e-01 4.050373671235010624e+08
1.100501252940287722e-01 3.423551293579256535e+08
1.151840968904851020e-01 3.471524906293154359e+08
1.205575744782594882e-01 3.103571980553811789e+08
1.261817313018468445e-01 3.018874293964893818e+08
1.320682618511266337e-01 3.155177791872279644e+08
1.382294061780912076e-01 3.090853460985667706e+08
1.446779753479788821e-01 2.946396527425013781e+08
1.514273780777332656e-01 2.717316035723190904e+08
1.584916486171791816e-01 2.439330839485512972e+08
1.658854759308886484e-01 2.497916238976919055e+08
1.736242342414167639e-01 2.231362531993792951e+08
1.817240149974163610e-01 2.074108607147593200e+08
1.902016603331038169e-01 1.890472594657756388e+08
1.990747980886495849e-01 1.928348019836993217e+08
2.083618784643124222e-01 1.740853833795052767e+08
2.180822123845329585e-01 1.628724406028652191e+08
2.282560116517592663e-01 1.544435679771548510e+08
2.389044309734965343e-01 1.566189812038121223e+08
2.500496119499697190e-01 1.387955282530692816e+08
2.617147291138638421e-01 1.311425614070274234e+08
2.739240381178740802e-01 1.299655732302412391e+08
2.867029261702632170e-01 1.257659845667111576e+08
3.000779648232989039e-01 1.127275684798616469e+08
3.140769652243355914e-01 1.060943374560420662e+08
3.287290359444262067e-01 9.793358119334830344e+07
3.440646435047088891e-01 9.224604202498570085e+07
3.601156757264223351e-01 8.513898209165012836e+07
3.769155080362766030e-01 8.038577313943347335e+07
3.944990728650497602e-01 7.531144362773433328e+07
4.129029322837124427e-01 7.443870732412512600e+07
4.321653540281166217e-01 6.757362592112337053e+07
4.523263910703274604e-01 6.232756155671106279e+07
4.734279649020536884e-01 5.939994281061818451e+07
4.955139527033520785e-01 5.221233734228255600e+07
5.186302785778565960e-01 4.937531091257891804e+07
5.428250090442419129e-01 4.630313843426728249e+07
5.681484529824789576e-01 4.417912725637517124e+07
5.946532662427046478e-01 4.164110274260446429e+07
6.223945611342215356e-01 3.889030462141416967e+07
6.514300210222929710e-01 3.525517841543480754e+07
6.818200202710160696e-01 3.280084668526389077e+07
7.136277497816758686e-01 3.035383279356414452e+07
7.469193483876155337e-01 2.909142198394989222e+07
7.817640403788362891e-01 2.616127461089415848e+07
8.182342794422867716e-01 2.417884978139324486e+07
8.564058993171398404e-01 2.314155331252305582e+07
8.963582714783228100e-01 2.123621677856428549e+07
9.381744701761730587e-01 1.932104316987275705e+07
9.819414451753946116e-01 1.767654922740152478e+07
1.027750202552496051e+00 1.660922019809802249e+07
1.075695993927647365e+00 1.535972167112855799e+07
1.125878514524432994e+00 1.420915673020556755e+07
1.178402110469330522e+00 1.325815666125364229e+07
1.233375995761962995e+00 1.221144537640783004e+07
1.290914479367274659e+00 1.128367518635521084e+07
1.351137202901832923e+00 1.031059273365161754e+07
1.414169389408483246e+00 9.526195189928479493e+06
1.480142103736643344e+00 8.925005559165515006e+06
1.549192525069651882e+00 8.181764983880330808e+06
1.621464232165851449e+00 7.559166281588444486e+06
1.697107501906508942e+00 6.931233895360209048e+06
1.776279621771362560e+00 6.285982301332513802e+06
1.859145216891527452e+00 5.806025612590258941e+06
1.945876592359817581e+00 5.281086866819147021e+06
2.036654091510258002e+00 4.877930496349816211e+06
2.131666470911770972e+00 4.375749095074362122e+06
2.231111292855769257e+00 3.975029249457114376e+06
2.335195336153773393e+00 3.568909568532717414e+06
2.444135026099235386e+00 3.273447251264214050e+06
2.558156884487600369e+00 2.957364520090582781e+06
2.677498000630348152e+00 2.700721493366964627e+06
2.802406524342412553e+00 2.465844451088397298e+06
2.933142181928062087e+00 2.262080391972829588e+06
