3.069976816238139533e-02 9.232983344695689678e+08
3.213194951921637121e-02 1.039607151841508627e+09
3.363094387046929729e-02 1.031334586432023048e+09
3.519986812322865172e-02 1.028820329636371851e+09
3.684198459207260745e-02 9.515301426070195436e+08
3.856070778250449138e-02 1.113204426735627174e+09
4.035961149084377197e-02 7.980462965506082773e+08
4.224243623533543990e-02 7.422242932054969072e+08
4.421309703392971302e-02 8.161034860678440332e+08
4.627569154490460829e-02 7.237454293971450329e+08
4.843450858725836805e-02 6.585249038629283905e+08
5.069403705858849252e-02 7.868456947127315998e+08
5.305897526900069106e-02 6.965368040653133392e+08
5.553424071045594268e-02 7.197924819970499277e+08
5.812498028186940946e-02 5.929965647725720406e+08
6.083658099122266766e-02 5.990538182167198658e+08
6.367468115694234487e-02 5.369709528521125317e+08
6.664518213183667772e-02 5.780854048686174154e+08
6.975426057396794111e-02 5.291253425026592016e+08
7.300838128997587384e-02 4.909325886848434210e+08
7.641431067755764805e-02 5.039325233575654626e+08
7.997913079505601652e-02 4.234581482344971895e+08
8.371025408741054885e-02 4.553414866584541202e+08
8.761543879909236554e-02 3.311674815697224736e+08
9.170280510607109470e-02 3.675303196841312647e+08
9.598085200035742781e-02 3.579110052755724788e+08
1.004584749622301765e-01 3.477635905009706020e+08
1.051449844568940195e-01 3.476065108964186907e+08
1.100501252940287722e-01 3.425370980598403215e+08
1.151840968904851020e-01 3.162724656084132195e+08
1.205575744782594882e-01 3.072387762097880244e+08
1.261817313018468445e-01 2.830684450820100307e+08
1.320682618511266337e-01 2.719425720111077428e+08
1.382294061780912076e-01 2.558677048201668859e+08
1.446779753479788821e-01 2.597742374270998538e+08
1.514273780777332656e-01 2.389779928648135364e+08
1.584916486171791816e-01 2.254235825048575997e+08
1.658854759308886484e-01 2.333159932712429762e+08
1.736242342414167639e-01 2.103564798624579608e+08
1.817240149974163610e-01 1.812561635978564918e+08
1.902016603331038169e-01 1.928989446104706228e+08
1.990747980886495849e-01 1.649967833636468351e+08
2.083618784643124222e-01 1.702396616908138394e+08
2.180822123845329585e-01 1.458570578319916129e+08
2.282560116517592663e-01 1.397425494858573377e+08
2.389044309734965343e-01 1.281583108543035090e+08
2.500496119499697190e-01 1.181316366005247980e+08
2.617147291138638421e-01 1.099342689723081589e+08
2.739240381178740802e-01 1.112240399172754437e+08
2.867029261702632170e-01 9.902537843354444206e+07
3.000779648232989039e-01 9.044781400095365942e+07
3.140769652243355914e-01 8.721319878663691878e+07
3.287290359444262067e-01 7.552092622080561519e+07
3.440646435047088891e-01 7.016998152564781904e+07
3.601156757264223351e-01 6.399749562818176299e+07
3.769155080362766030e-01 6.454233775035112351e+07
3.944990728650497602e-01 5.418232102374559641e+07
4.129029322837124427e-01 5.237113541544759274e+07
4.321653540281166217e-01 4.854165981388665736e+07
4.523263910703274604e-01 4.525760394221979380e+07
4.734279649020536884e-01 4.472136537123595178e+07
4.955139527033520785e-01 4.050078349763335288e+07
5.186302785778565960e-01 3.631059989206453413e+07
5.428250090442419129e-01 3.495114645135392249e+07
5.681484529824789576e-01 3.072162674105358124e+07
5.946532662427046478e-01 2.885138497428192571e+07
6.223945611342215356e-01 2.677598646616971120e+07
6.514300210222929710e-01 2.482334762205177546e+07
6.818200202710160696e-01 2.304499933697877824e+07
7.136277497816758686e-01 2.148565925957649574e+07
7.469193483876155337e-01 2.042274092260536179e+07
7.817640403788362891e-01 1.946353658980550990e+07
8.182342794422867716e-01 1.764389644215228781e+07
8.564058993171398404e-01 1.691663887423181906e+07
8.963582714783228100e-01 1.568633975993317179e+07
9.381744701761730587e-01 1.497163618297738396e+07
9.819414451753946116e-01 1.415014223671588115e+07
1.027750202552496051e+00 1.320895811654283479e+07
1.075695993927647365e+00 1.230919436708352901e+07
1.125878514524432994e+00 1.168645732867667452e+07
1.178402110469330522e+00 1.107297939759665728e+07
1.233375995761962995e+00 1.034229752271784469e+07
1.290914479367274659e+00 9.607262229119643569e+06
1.351137202901832923e+00 9.208744475251097232e+06
1.414169389408483246e+00 8.588513921004172415e+06
1.480142103736643344e+00 8.008639089071122929e+06
1.549192525069651882e+00 7.521823379776069894e+06
1.621464232165851449e+00 6.783773491267306730e+06
1.697107501906508942e+00 6.352783575367031619e+06
1.776279621771362560e+00 5.938054646619670093e+06
1.859145216891527452e+00 5.402910931131400168e+06
1.945876592359817581e+00 4.982372888964249752e+06
2.036654091510258002e+00 4.452044621447606012e+06
2.131666470911770972e+00 4.012242219795018435e+06
2.231111292855769257e+00 3.618067426037700381e+06
2.335195336153773393e+00 3.337407108051543124e+06
2.444135026099235386e+00 3.060174770483827218e+06
2.558156884487600369e+00 2.779227738334038295e+06
2.677498000630348152e+00 2.508740118545128964e+06
2.802406524342412553e+00 2.247934441601797473e+06
2.933142181928062087e+00 2.098242726690201554e+06
