3.069976816238139533e-02 5.402825530012192726e+08
3.213194951921637121e-02 4.474360912566241026e+08
3.363094387046929729e-02 5.808841424102102518e+08
3.519986812322865172e-02 4.454243605231795311e+08
3.684198459207260745e-02 6.170568995041760206e+08
3.856070778250449138e-02 3.254362400964109302e+08
4.035961149084377197e-02 7.023534771395263672e+08
4.224243623533543990e-02 4.793721449109349847e+08
4.421309703392971302e-02 5.433812220959026814e+08
4.627569154490460829e-02 3.716115578881354332e+08
4.843450858725836805e-02 4.357518077060638070e+08
5.069403705858849252e-02 6.147860302342246771e+08
5.305897526900069106e-02 4.508499989050936103e+08
5.553424071045594268e-02 3.838463820128325224e+08
5.812498028186940946e-02 4.341928676986114383e+08
6.083658099122266766e-02 4.640443413576991558e+08
6.367468115694234487e-02 4.352290095061373711e+08
6.664518213183667772e-02 4.835719161040188074e+08
6.975426057396794111e-02 4.161439044400843382e+08
7.300838128997587384e-02 4.257110846515001655e+08
7.641431067755764805e-02 3.715686137416022420e+08
7.997913079505601652e-02 4.104798804628158212e+08
8.371025408741054885e-02 3.560715249832111001e+08
8.761543879909236554e-02 3.748648065300858617e+08
9.170280510607109470e-02 3.324344492229311466e+08
9.598085200035742781e-02 3.655787589600326419e+08
1.004584749622301765e-01 3.729196353551549911e+08
1.051449844568940195e-01 3.689687183538942933e+08
1.100501252940287722e-01 3.583542208283315897e+08
1.151840968904851020e-01 3.739876778459153175e+08
1.205575744782594882e-01 3.412774039779582620e+08
1.261817313018468445e-01 3.550204430946737528e+08
1.320682618511266337e-01 3.084743741187908649e+08
1.382294061780912076e-01 3.085175719125646353e+08
1.446779753479788821e-01 2.966073100634211898e+08
1.514273780777332656e-01 2.779785618513606787e+08
1.584916486171791816e-01 2.664654992800036371e+08
1.658854759308886484e-01 2.643879803829653859e+08
1.736242342414167639e-01 2.370992181199102700e+08
1.817240149974163610e-01 2.217199222039595544e+08
1.902016603331038169e-01 2.201584702386802435e+08
1.990747980886495849e-01 1.982407451771661639e+08
2.083618784643124222e-01 1.943302727363586724e+08
2.180822123845329585e-01 1.834341079861874580e+08
2.282560116517592663e-01 1.784444123087231517e+08
2.389044309734965343e-01 1.622709909787473977e+08
2.500496119499697190e-01 1.516929595786644816e+08
2.617147291138638421e-01 1.454735260627537668e+08
2.739240381178740802e-01 1.345221614831395745e+08
2.867029261702632170e-01 1.279044449014322609e+08
3.000779648232989039e-01 1.176228315078832656e+08
3.140769652243355914e-01 1.091887465358606875e+08
3.287290359444262067e-01 1.039723159366948754e+08
3.440646435047088891e-01 9.866573022043994069e+07
3.601156757264223351e-01 8.897674732304690778e+07
3.769155080362766030e-01 8.601490506222112477e+07
3.944990728650497602e-01 7.942900511442348361e+07
4.129029322837124427e-01 7.453690235296915472e+07
4.321653540281166217e-01 6.968515223816065490e+07
4.523263910703274604e-01 6.349269555974871665e+07
4.734279649020536884e-01 6.014193329630033672e+07
4.955139527033520785e-01 5.420423908185570687e+07
5.186302785778565960e-01 5.132275644522203505e+07
5.428250090442419129e-01 4.987902488908956200e+07
5.681484529824789576e-01 4.568032422967652977e+07
5.946532662427046478e-01 4.137912543712637573e+07
6.223945611342215356e-01 3.939045695187838376e+07
6.514300210222929710e-01 3.683574402092925459e+07
6.818200202710160696e-01 3.374992486007123441e+07
7.136277497816758686e-01 3.087392711759712547e+07
7.469193483876155337e-01 2.881865887230342627e+07
7.817640403788362891e-01 2.696177825460985675e+07
8.182342794422867716e-01 2.531513827924581617e+07
8.564058993171398404e-01 2.279108068308354542e+07
8.963582714783228100e-01 2.128036191510628536e+07
9.381744701761730587e-01 1.965807223060257733e+07
9.819414451753946116e-01 1.817341460999792442e+07
1.027750202552496051e+00 1.681021679858047888e+07
1.075695993927647365e+00 1.538827357913078368e+07
1.125878514524432994e+00 1.412548021306291968e+07
1.178402110469330522e+00 1.345265232401144132e+07
1.233375995761962995e+00 1.216252923244832829e+07
1.290914479367274659e+00 1.127850773067660630e+07
1.351137202901832923e+00 1.049133427374727838e+07
1.414169389408483246e+00 9.565955127665724605e+06
1.480142103736643344e+00 8.877910994364896789e+06
1.549192525069651882e+00 8.069282334615824744e+06
1.621464232165851449e+00 7.427870052054202184e+06
1.697107501906508942e+00 6.770282883694917895e+06
1.776279621771362560e+00 6.314963574435489252e+06
1.859145216891527452e+00 5.765665818145591766e+06
1.945876592359817581e+00 5.211777825409019366e+06
2.036654091510258002e+00 4.716571147279358469e+06
2.131666470911770972e+00 4.300790511264641769e+06
2.231111292855769257e+00 3.938848853415975813e+06
2.335195336153773393e+00 3.550076565549283754e+06
2.444135026099235386e+00 3.266949021802220028e+06
2.558156884487600369e+00 2.973963305763090961e+06
2.677498000630348152e+00 2.707274754123694263e+06
2.802406524342412553e+00 2.486076260770789813e+06
2.933142181928062087e+00 2.245189357982326299e+06
