3.069976816238139533e-02 1.043429708576370478e+09
3.213194951921637121e-02 1.027005612676135063e+09
3.363094387046929729e-02 8.966057476334477663e+08
3.519986812322865172e-02 7.020471709467700720e+08
3.684198459207260745e-02 7.850233151863943338e+08
3.856070778250449138e-02 6.947470676632822752e+08
4.035961149084377197e-02 4.434665580262241960e+08
4.224243623533543990e-02 9.050192168470828533e+08
4.421309703392971302e-02 5.869543438113845587e+08
4.627569154490460829e-02 7.017030919146907330e+08
4.843450858725836805e-02 6.928974463095096350e+08
5.069403705858849252e-02 6.445295313995019197e+08
5.305897526900069106e-02 6.399060610936048031e+08
5.553424071045594268e-02 7.851585716649761200e+08
5.812498028186940946e-02 5.689756067480196953e+08
6.083658099122266766e-02 6.512613800008178949e+08
6.367468115694234487e-02 6.400908721880695820e+08
6.664518213183667772e-02 5.945393031893063784e+08
6.975426057396794111e-02 6.185301954188680649e+08
7.300838128997587384e-02 5.546843198843494654e+08
7.641431067755764805e-02 6.124802059099795818e+08
7.997913079505601652e-02 5.131397539573577046e+08
8.371025408741054885e-02 4.803259835894771814e+08
8.761543879909236554e-02 5.233379614992986917e+08
9.170280510607109470e-02 4.449725387370909452e+08
9.598085200035742781e-02 4.575495846467923522e+08
1.004584749622301765e-01 4.207267732434608340e+08
1.051449844568940195e-01 4.130772809401728511e+08
1.100501252940287722e-01 3.686398845357694626e+08
1.151840968904851020e-01 3.997219911806511879e+08
1.205575744782594882e-01 3.799241412394401431e+08
1.261817313018468445e-01 3.576270289604602456e+08
1.320682618511266337e-01 3.098640113920492530e+08
1.382294061780912076e-01 3.136503883071110249e+08
1.446779753479788821e-01 3.036778575994934440e+08
1.514273780777332656e-01 2.866623793373348713e+08
1.584916486171791816e-01 2.616936806424594223e+08
1.658854759308886484e-01 2.722644081121022701e+08
1.736242342414167639e-01 2.442130144200802147e+08
1.817240149974163610e-01 2.312967626397539675e+08
1.902016603331038169e-01 2.175681587889343500e+08
1.990747980886495849e-01 2.065987484414212406e+08
2.083618784643124222e-01 1.905783935389976203e+08
2.180822123845329585e-01 1.825648502343319356e+08
2.282560116517592663e-01 1.694991273268081844e+08
2.389044309734965343e-01 1.620823459082280099e+08
2.500496119499697190e-01 1.463664257104879916e+08
2.617147291138638421e-01 1.439957435963239670e+08
2.739240381178740802e-01 1.327184684853098541e+08
2.867029261702632170e-01 1.295611763831970543e+08
3.000779648232989039e-01 1.115540565230643004e+08
3.140769652243355914e-01 1.064470402259795666e+08
3.287290359444262067e-01 1.006489333463772982e+08
3.440646435047088891e-01 9.416103671803124249e+07
3.601156757264223351e-01 9.285823683578526974e+07
3.769155080362766030e-01 8.270898988063691556e+07
3.944990728650497602e-01 8.155778618582104146e+07
4.129029322837124427e-01 7.120660463309416175e+07
4.321653540281166217e-01 6.888391687529793382e+07
4.523263910703274604e-01 6.345543408333346993e+07
4.734279649020536884e-01 5.969131424634784460e+07
4.955139527033520785e-01 5.575051014140349627e+07
5.186302785778565960e-01 4.999578210731775314e+07
5.428250090442419129e-01 4.826306101192389429e+07
5.681484529824789576e-01 4.453258156978499889e+07
5.946532662427046478e-01 3.997992966637950391e+07
6.223945611342215356e-01 3.777959410646056384e+07
6.514300210222929710e-01 3.468773350054790080e+07
6.818200202710160696e-01 3.305639381549243256e+07
7.136277497816758686e-01 3.070181993889236078e+07
7.469193483876155337e-01 2.817694604463540018e+07
7.817640403788362891e-01 2.723064763230443746e+07
8.182342794422867716e-01 2.458619576505291462e+07
8.564058993171398404e-01 2.266016901859962568e+07
8.963582714783228100e-01 2.107467732416526601e+07
9.381744701761730587e-01 1.967261591629786417e+07
9.819414451753946116e-01 1.796418716537645087e+07
1.027750202552496051e+00 1.646137908466391824e+07
1.075695993927647365e+00 1.516786177873785980e+07
1.125878514524432994e+00 1.396985429086185992e+07
1.178402110469330522e+00 1.291573295822731592e+07
1.233375995761962995e+00 1.195906868639456853e+07
1.290914479367274659e+00 1.101323803159139864e+07
1.351137202901832923e+00 1.043682197899926826e+07
1.414169389408483246e+00 9.496748993272565305e+06
1.480142103736643344e+00 8.736520089754905552e+06
1.549192525069651882e+00 7.928801029372198507e+06
1.621464232165851449e+00 7.343973859371249564e+06
1.697107501906508942e+00 6.681688574409247376e+06
1.776279621771362560e+00 6.085229676413362846e+06
1.859145216891527452e+00 5.632634319857235998e+06
1.945876592359817581e+00 5.011388850935308263e+06
2.036654091510258002e+00 4.591344821395628154e+06
2.131666470911770972e+00 4.221968212078724056e+06
2.231111292855769257e+00 3.743938978971390054e+06
2.335195336153773393e+00 3.451970957827294711e+06
2.444135026099235386e+00 3.182264462427567225e+06
2.558156884487600369e+00 2.896622290771636646e+06
2.677498000630348152e+00 2.643564513171604369e+06
2.802406524342412553e+00 2.477791399877527729e+06
2.933142181928062087e+00 2.229947507399992552e+06
