3.069976816238139533e-02 1.003106171468328834e+09
3.213194951921637121e-02 5.014683137505614758e+08
3.363094387046929729e-02 2.460532333907608390e+08
3.519986812322865172e-02 3.797817288978277445e+08
3.684198459207260745e-02 4.330322033758850694e+08
3.856070778250449138e-02 5.730132106682565212e+08
4.035961149084377197e-02 5.146059399521261454e+08
4.224243623533543990e-02 7.364402724932756424e+08
4.421309703392971302e-02 4.920282134089028835e+08
4.627569154490460829e-02 6.020928918425966501e+08
4.843450858725836805e-02 5.057964920574110746e+08
5.069403705858849252e-02 6.799509462014358044e+08
5.305897526900069106e-02 5.171371389511638880e+08
5.553424071045594268e-02 5.729406501082413197e+08
5.812498028186940946e-02 6.329986613343197107e+08
6.083658099122266766e-02 6.110274521979860067e+08
6.367468115694234487e-02 6.257003358057637215e+08
6.664518213183667772e-02 6.232335643822983503e+08
6.975426057396794111e-02 6.132710588393945694e+08
7.300838128997587384e-02 5.432160849396339655e+08
7.641431067755764805e-02 5.746223830807342529e+08
7.997913079505601652e-02 4.744425293020075560e+08
8.371025408741054885e-02 4.687912911009610295e+08
8.761543879909236554e-02 4.647816782850074172e+08
9.170280510607109470e-02 4.479487046653152108e+08
9.598085200035742781e-02 4.726869577750225067e+08
1.004584749622301765e-01 4.583623919396582246e+08
1.051449844568940195e-01 4.502754676528505087e+08
1.100501252940287722e-01 3.428116044605244398e+08
1.151840968904851020e-01 3.734192268315393329e+08
1.205575744782594882e-01 3.522985339531393051e+08
1.261817313018468445e-01 3.478002401379362941e+08
1.320682618511266337e-01 3.261561990507631302e+08
1.382294061780912076e-01 3.275052735954301357e+08
1.446779753479788821e-01 2.988964023497138023e+08
1.514273780777332656e-01 2.616406628602569699e+08
1.584916486171791816e-01 2.690129021040312052e+08
1.658854759308886484e-01 2.678505805016640127e+08
1.736242342414167639e-01 2.387274970467747450e+08
1.817240149974163610e-01 2.363778084785233438e+08
1.902016603331038169e-01 2.152947337148032486e+08
1.990747980886495849e-01 2.057841823315529823e+08
2.083618784643124222e-01 1.824078625005388260e+08
2.180822123845329585e-01 1.833156852814993858e+08
2.282560116517592663e-01 1.722086713905706108e+08
2.389044309734965343e-01 1.601139523352167606e+08
2.500496119499697190e-01 1.501475711716958284e+08
2.617147291138638421e-01 1.367924958585226536e+08
2.739240381178740802e-01 1.333191710932963490e+08
2.867029261702632170e-01 1.255738621246007979e+08
3.000779648232989039e-01 1.146342695286113620e+08
3.140769652243355914e-01 1.055763207269997895e+08
3.287290359444262067e-01 9.774454423441691697e+07
3.440646435047088891e-01 9.317465757674232125e+07
3.601156757264223351e-01 8.887388911735114455e+07
3.769155080362766030e-01 8.110616102630795538e+07
3.944990728650497602e-01 7.719220531866960227e+07
4.129029322837124427e-01 7.005289889519858360e+07
4.321653540281166217e-01 6.618245219097033143e+07
4.523263910703274604e-01 6.134804085928916186e+07
4.734279649020536884e-01 5.729795973539419472e+07
4.955139527033520785e-01 5.469768292202931643e+07
5.186302785778565960e-01 5.119324488012765348e+07
5.428250090442419129e-01 4.854328971059457958e+07
5.681484529824789576e-01 4.428851321782879531e+07
5.946532662427046478e-01 4.149650476393332332e+07
6.223945611342215356e-01 3.803826641629029810e+07
6.514300210222929710e-01 3.559215292910001427e+07
6.818200202710160696e-01 3.299285876140690967e+07
7.136277497816758686e-01 3.155880238186898082e+07
7.469193483876155337e-01 2.841873081008019671e+07
7.817640403788362891e-01 2.645212380284138769e+07
8.182342794422867716e-01 2.499073927771737427e+07
8.564058993171398404e-01 2.275633466015824303e+07
8.963582714783228100e-01 2.120803560220205039e+07
9.381744701761730587e-01 1.947595697514210269e+07
9.819414451753946116e-01 1.806950639668683335e+07
1.027750202552496051e+00 1.653641427878993936e+07
1.075695993927647365e+00 1.539981640212579072e+07
1.125878514524432994e+00 1.423925146457619779e+07
1.178402110469330522e+00 1.305793389391931146e+07
1.233375995761962995e+00 1.240947312433671579e+07
1.290914479367274659e+00 1.138011097695020959e+07
1.351137202901832923e+00 1.045666248114650697e+07
1.414169389408483246e+00 9.627551513042612001e+06
1.480142103736643344e+00 8.733317728742461652e+06
1.549192525069651882e+00 8.079639634278629906e+06
1.621464232165851449e+00 7.476030349374466576e+06
1.697107501906508942e+00 6.719464119590932503e+06
1.776279621771362560e+00 6.227542875940753147e+06
1.859145216891527452e+00 5.677813881687572226e+06
1.945876592359817581e+00 5.194146398922153749e+06
2.036654091510258002e+00 4.683038787258876488e+06
2.131666470911770972e+00 4.299769962500488386e+06
2.231111292855769257e+00 3.863028815341317561e+06
2.335195336153773393e+00 3.521122605203727260e+06
2.444135026099235386e+00 3.192376217961017508e+06
2.558156884487600369e+00 2.942534984800518956e+06
2.677498000630348152e+00 2.680253271000944078e+06
2.802406524342412553e+00 2.440531606424277648e+06
2.933142181928062087e+00 2.222269983092101291e+06
