3.069976816238139533e-02 1.071659849351881742e+09
3.213194951921637121e-02 6.294840674918222427e+08
3.363094387046929729e-02 8.226757021593751907e+08
3.519986812322865172e-02 9.879027548472619057e+08
3.684198459207260745e-02 8.386851449483748674e+08
3.856070778250449138e-02 5.836656961238608360e+08
4.035961149084377197e-02 7.226470676685853004e+08
4.224243623533543990e-02 4.969715928912940025e+08
4.421309703392971302e-02 5.656281314124387503e+08
4.627569154490460829e-02 5.244362110141183138e+08
4.843450858725836805e-02 5.786854489461073875e+08
5.069403705858849252e-02 6.262610921486949921e+08
5.305897526900069106e-02 4.883854521964174509e+08
5.553424071045594268e-02 4.570627629652262926e+08
5.812498028186940946e-02 4.832035149894515872e+08
6.083658099122266766e-02 4.594234839255846739e+08
6.367468115694234487e-02 4.204414639074231982e+08
6.664518213183667772e-02 4.449560440545513630e+08
6.975426057396794111e-02 4.980124106717785597e+08
7.300838128997587384e-02 4.263608999087337255e+08
7.641431067755764805e-02 3.484726845874530077e+08
7.997913079505601652e-02 3.665827207260769606e+08
8.371025408741054885e-02 3.961736435868470073e+08
8.761543879909236554e-02 3.768629356740155220e+08
9.170280510607109470e-02 3.377484408704704046e+08
9.598085200035742781e-02 4.025698642364311218e+08
1.004584749622301765e-01 3.418802560274960399e+08
1.051449844568940195e-01 3.248281149882555604e+08
1.100501252940287722e-01 2.728013873802449107e+08
1.151840968904851020e-01 3.012031956134848595e+08
1.205575744782594882e-01 2.898301379673159719e+08
1.261817313018468445e-01 2.802782131643835902e+08
1.320682618511266337e-01 2.585446087098624706e+08
1.382294061780912076e-01 2.606571536498330534e+08
1.446779753479788821e-01 2.588889738018763363e+08
1.514273780777332656e-01 2.330829787613595426e+08
1.584916486171791816e-01 2.332771925026943386e+08
1.658854759308886484e-01 2.344485834143169820e+08
1.736242342414167639e-01 2.197529475631866753e+08
1.817240149974163610e-01 2.068950105460399091e+08
1.902016603331038169e-01 2.033771016537997425e+08
1.990747980886495849e-01 1.963106755026991963e+08
2.083618784643124222e-01 1.900429298896830976e+08
2.180822123845329585e-01 1.765364908179893494e+08
2.282560116517592663e-01 1.640237122295722365e+08
2.389044309734965343e-01 1.545167313970984817e+08
2.500496119499697190e-01 1.476251520976547599e+08
2.617147291138638421e-01 1.410346441496666968e+08
2.739240381178740802e-01 1.318207613775064051e+08
2.867029261702632170e-01 1.311814697780601680e+08
3.000779648232989039e-01 1.155393092676427811e+08
3.140769652243355914e-01 1.067086765021876097e+08
3.287290359444262067e-01 1.015203287747877240e+08
3.440646435047088891e-01 9.151717155529047549e+07
3.601156757264223351e-01 8.843887873422297835e+07
3.769155080362766030e-01 8.379836563228258491e+07
3.944990728650497602e-01 7.561158796973939240e+07
4.129029322837124427e-01 7.132284698002058268e+07
4.321653540281166217e-01 6.911312251631097496e+07
4.523263910703274604e-01 6.251946635275901109e+07
4.734279649020536884e-01 5.982919448492267728e+07
4.955139527033520785e-01 5.508019642106859386e+07
5.186302785778565960e-01 5.358590655301558226e+07
5.428250090442419129e-01 4.885426289577492326e+07
5.681484529824789576e-01 4.620892709395268559e+07
5.946532662427046478e-01 4.269819331787086278e+07
6.223945611342215356e-01 4.096724701878707111e+07
6.514300210222929710e-01 3.824736661079066992e+07
6.818200202710160696e-01 3.641378804455690831e+07
7.136277497816758686e-01 3.380507334330628067e+07
7.469193483876155337e-01 3.240424161876003817e+07
7.817640403788362891e-01 3.040755821866554394e+07
8.182342794422867716e-01 2.728667330076080933e+07
8.564058993171398404e-01 2.488890662999993563e+07
8.963582714783228100e-01 2.224793570152984560e+07
9.381744701761730587e-01 1.971553910801513493e+07
9.819414451753946116e-01 1.731771744790409133e+07
1.027750202552496051e+00 1.549500158141848259e+07
1.075695993927647365e+00 1.399138757646962442e+07
1.125878514524432994e+00 1.279240380323913880e+07
1.178402110469330522e+00 1.183214079733222723e+07
1.233375995761962995e+00 1.081448811822051555e+07
1.290914479367274659e+00 9.973106954728079960e+06
1.351137202901832923e+00 9.177092347426919267e+06
1.414169389408483246e+00 8.530088794201310724e+06
1.480142103736643344e+00 7.839549901044930331e+06
1.549192525069651882e+00 7.377722357180658728e+06
1.621464232165851449e+00 6.774891929415591061e+06
1.697107501906508942e+00 6.321478711848195642e+06
1.776279621771362560e+00 5.859480332712055184e+06
1.859145216891527452e+00 5.289084845356253907e+06
1.945876592359817581e+00 4.837352279225088656e+06
2.036654091510258002e+00 4.431954922248510644e+06
2.131666470911770972e+00 4.162789625750854611e+06
2.231111292855769257e+00 3.808350011282817461e+06
2.335195336153773393e+00 3.443614147431570105e+06
2.444135026099235386e+00 3.147653664437140338e+06
2.558156884487600369e+00 2.854085850794625003e+06
2.677498000630348152e+00 2.673045399042588193e+06
2.802406524342412553e+00 2.411982092468454503e+06
2.933142181928062087e+00 2.246865653361090925e+06
