3.069976816238139533e-02 6.352606722406437397e+08
3.213194951921637121e-02 4.730364462383623123e+08
3.363094387046929729e-02 4.399705220072543621e+08
3.519986812322865172e-02 4.084404803750330806e+08
3.684198459207260745e-02 5.121998480038978457e+08
3.856070778250449138e-02 4.309876379835799932e+08
4.035961149084377197e-02 4.869688206035010815e+08
4.224243623533543990e-02 3.691076347866085172e+08
4.421309703392971302e-02 6.911429113738131523e+08
4.627569154490460829e-02 4.995269572581382990e+08
4.843450858725836805e-02 5.440580316223622561e+08
5.069403705858849252e-02 4.352242012482673526e+08
5.305897526900069106e-02 4.460608520503517985e+08
5.553424071045594268e-02 5.429969711894204617e+08
5.812498028186940946e-02 4.621673107536301613e+08
6.083658099122266766e-02 4.858253735102604628e+08
6.367468115694234487e-02 4.368436666151551008e+08
6.664518213183667772e-02 4.745579117913331985e+08
6.975426057396794111e-02 4.729850009347972274e+08
7.300838128997587384e-02 4.458854650325754881e+08
7.641431067755764805e-02 4.197872697868206501e+08
7.997913079505601652e-02 4.802913311774607301e+08
8.371025408741054885e-02 3.757836624199355245e+08
8.761543879909236554e-02 3.994661472037556767e+08
9.170280510607109470e-02 4.322879161556666493e+08
9.598085200035742781e-02 3.782369345306093097e+08
1.004584749622301765e-01 3.998325629399994612e+08
1.051449844568940195e-01 3.859834899721956849e+08
1.100501252940287722e-01 3.739617517604101896e+08
1.151840968904851020e-01 3.450852713116267323e+08
1.205575744782594882e-01 3.282203154349486828e+08
1.261817313018468445e-01 3.282980941960942149e+08
1.320682618511266337e-01 3.174830595612290502e+08
1.382294061780912076e-01 3.212508242600802183e+08
1.446779753479788821e-01 2.999172414889227748e+08
1.514273780777332656e-01 2.854296613819667101e+08
1.584916486171791816e-01 2.939409402548534870e+08
1.658854759308886484e-01 2.607289291202233434e+08
1.736242342414167639e-01 2.402821162559036016e+08
1.817240149974163610e-01 2.342364264893313646e+08
1.902016603331038169e-01 2.105598916386798918e+08
1.990747980886495849e-01 2.133968994447462261e+08
2.083618784643124222e-01 1.916525374482136667e+08
2.180822123845329585e-01 1.837155596580177248e+08
2.282560116517592663e-01 1.773638790553130209e+08
2.389044309734965343e-01 1.625577205794883370e+08
2.500496119499697190e-01 1.569806758971620798e+08
2.617147291138638421e-01 1.389235335257081985e+08
2.739240381178740802e-01 1.341867726542241871e+08
2.867029261702632170e-01 1.251007546303707659e+08
3.000779648232989039e-01 1.167011160926444381e+08
3.140769652243355914e-01 1.107102036822711527e+08
3.287290359444262067e-01 1.032808215508902669e+08
3.440646435047088891e-01 9.564769871432051063e+07
3.601156757264223351e-01 8.928214645269617438e+07
3.769155080362766030e-01 8.338101919681809843e+07
3.944990728650497602e-01 7.916801610349355638e+07
4.129029322837124427e-01 7.173331788563993573e+07
4.321653540281166217e-01 6.819080428783471882e+07
4.523263910703274604e-01 6.257623193091673404e+07
4.734279649020536884e-01 5.853857189319493622e+07
4.955139527033520785e-01 5.657587207743664086e+07
5.186302785778565960e-01 5.166973049614807963e+07
5.428250090442419129e-01 4.747173553250993043e+07
5.681484529824789576e-01 4.427525370843882114e+07
5.946532662427046478e-01 4.184734568092957139e+07
6.223945611342215356e-01 3.969136013995673507e+07
6.514300210222929710e-01 3.600975370964200050e+07
6.818200202710160696e-01 3.427236957441870868e+07
7.136277497816758686e-01 3.138885225129852816e+07
7.469193483876155337e-01 2.903495607715180516e+07
7.817640403788362891e-01 2.667556534194878489e+07
8.182342794422867716e-01 2.449409435534773394e+07
8.564058993171398404e-01 2.343914331256894767e+07
8.963582714783228100e-01 2.095615509288179502e+07
9.381744701761730587e-01 1.972859841703251749e+07
9.819414451753946116e-01 1.856045472809836641e+07
1.027750202552496051e+00 1.670536101343552396e+07
1.075695993927647365e+00 1.548483650601847284e+07
1.125878514524432994e+00 1.450526727256317809e+07
1.178402110469330522e+00 1.347370725644972920e+07
1.233375995761962995e+00 1.234100177219464444e+07
1.290914479367274659e+00 1.133451438239448331e+07
1.351137202901832923e+00 1.050521041546989232e+07
1.414169389408483246e+00 9.719278972507657483e+06
1.480142103736643344e+00 8.916478183958005160e+06
1.549192525069651882e+00 8.194998425794098526e+06
1.621464232165851449e+00 7.464420924636807293e+06
1.697107501906508942e+00 6.855525437942137010e+06
1.776279621771362560e+00 6.258642798149508424e+06
1.859145216891527452e+00 5.749636864037406631e+06
1.945876592359817581e+00 5.207385836837290786e+06
2.036654091510258002e+00 4.728670587609486654e+06
2.131666470911770972e+00 4.303893198396454565e+06
2.231111292855769257e+00 3.917371839825569186e+06
2.335195336153773393e+00 3.590564124602778349e+06
2.444135026099235386e+00 3.242585765275727492e+06
2.558156884487600369e+00 2.993345685848109890e+06
2.677498000630348152e+00 2.728508181715120096e+06
2.802406524342412553e+00 2.463678679836343043e+06
2.933142181928062087e+00 2.258987918749942444e+06
