3.069976816238139533e-02 1.131380627591370106e+09
3.213194951921637121e-02 9.775507239827499390e+08
3.363094387046929729e-02 1.001571756598832488e+09
3.519986812322865172e-02 1.267950013188575983e+09
3.684198459207260745e-02 7.684651928461536169e+08
3.856070778250449138e-02 9.484327289404010773e+08
4.035961149084377197e-02 8.612610329705195427e+08
4.224243623533543990e-02 1.035528847658509016e+09
4.421309703392971302e-02 9.179379877812030315e+08
4.627569154490460829e-02 1.037450031152865410e+09
4.843450858725836805e-02 8.965295745227082968e+08
5.069403705858849252e-02 8.675215686405534744e+08
5.305897526900069106e-02 7.669353962355130911e+08
5.553424071045594268e-02 8.332939003623535633e+08
5.812498028186940946e-02 6.950637063841415644e+08
6.083658099122266766e-02 5.648249659804790020e+08
6.367468115694234487e-02 7.073474314518157244e+08
6.664518213183667772e-02 6.273222058084104061e+08
6.975426057396794111e-02 4.832360701662449837e+08
7.300838128997587384e-02 4.937851798458027840e+08
7.641431067755764805e-02 6.218398282577149868e+08
7.997913079505601652e-02 4.997099451303124428e+08
8.371025408741054885e-02 4.767387391178370118e+08
8.761543879909236554e-02 4.489097350217176676e+08
9.170280510607109470e-02 4.536407555730874538e+08
9.598085200035742781e-02 4.742022574668615460e+08
1.004584749622301765e-01 4.290964253869131804e+08
1.051449844568940195e-01 4.080175310854695439e+08
1.100501252940287722e-01 3.609887804816197753e+08
1.151840968904851020e-01 3.438079055697624087e+08
1.205575744782594882e-01 3.810397316869096756e+08
1.261817313018468445e-01 3.710008420343312025e+08
1.320682618511266337e-01 3.378191653589650393e+08
1.382294061780912076e-01 3.228759697444394827e+08
1.446779753479788821e-01 2.726417526242435575e+08
1.514273780777332656e-01 2.843098555964647532e+08
1.584916486171791816e-01 2.803080117283549905e+08
1.658854759308886484e-01 2.507598613672066033e+08
1.736242342414167639e-01 2.527668290279333293e+08
1.817240149974163610e-01 2.207122223781572282e+08
1.902016603331038169e-01 2.130753471650607884e+08
1.990747980886495849e-01 2.088222168085784018e+08
2.083618784643124222e-01 1.882051690527746081e+08
2.180822123845329585e-01 1.731564887209668159e+08
2.282560116517592663e-01 1.837292995854535699e+08
2.389044309734965343e-01 1.541228829534769654e+08
2.500496119499697190e-01 1.428417677040232420e+08
2.617147291138638421e-01 1.410066503381794691e+08
2.739240381178740802e-01 1.338515394481104910e+08
2.867029261702632170e-01 1.225106437734646648e+08
3.000779648232989039e-01 1.200737036604379565e+08
3.140769652243355914e-01 1.090861120845155418e+08
3.287290359444262067e-01 1.056233375501412302e+08
3.440646435047088891e-01 9.607705153468355536e+07
3.601156757264223351e-01 9.100481106921152771e+07
3.769155080362766030e-01 8.465785792549647391e+07
3.944990728650497602e-01 7.992314583269177377e+07
4.129029322837124427e-01 7.331232636514748633e+07
4.321653540281166217e-01 6.793329948275969923e+07
4.523263910703274604e-01 6.387695477619264275e+07
4.734279649020536884e-01 5.893861644582007825e+07
4.955139527033520785e-01 5.390600324006820470e+07
5.186302785778565960e-01 5.028917446925175935e+07
5.428250090442419129e-01 4.908707155010196567e+07
5.681484529824789576e-01 4.444906826032786816e+07
5.946532662427046478e-01 4.174414438911876827e+07
6.223945611342215356e-01 3.941231810687682778e+07
6.514300210222929710e-01 3.670890806375110149e+07
6.818200202710160696e-01 3.366501535002285987e+07
7.136277497816758686e-01 3.177421959340859205e+07
7.469193483876155337e-01 2.935563509486048296e+07
7.817640403788362891e-01 2.759548325190843269e+07
8.182342794422867716e-01 2.504539269983835891e+07
8.564058993171398404e-01 2.333701086889823526e+07
8.963582714783228100e-01 2.104578930844021589e+07
9.381744701761730587e-01 2.013589987520076707e+07
9.819414451753946116e-01 1.849451587267258018e+07
1.027750202552496051e+00 1.710052028691967949e+07
1.075695993927647365e+00 1.573923457371320389e+07
1.125878514524432994e+00 1.442100067327174544e+07
1.178402110469330522e+00 1.382113093046226725e+07
1.233375995761962995e+00 1.257119285351183265e+07
1.290914479367274659e+00 1.136878071633107401e+07
1.351137202901832923e+00 1.065653770634861104e+07
1.414169389408483246e+00 9.726684041080661118e+06
1.480142103736643344e+00 9.069007413338657469e+06
1.549192525069651882e+00 8.223990318235529587e+06
1.621464232165851449e+00 7.664303576433864422e+06
1.697107501906508942e+00 6.965743833697860129e+06
1.776279621771362560e+00 6.345628457669142634e+06
1.859145216891527452e+00 5.725352594579400495e+06
1.945876592359817581e+00 5.259646196455718949e+06
2.036654091510258002e+00 4.783676123697173782e+06
2.131666470911770972e+00 4.345318951476226561e+06
2.231111292855769257e+00 3.940942153405751102e+06
2.335195336153773393e+00 3.617208164855276234e+06
2.444135026099235386e+00 3.280193606427790131e+06
2.558156884487600369e+00 3.004129953697876073e+06
2.677498000630348152e+00 2.746649878264755476e+06
2.802406524342412553e+00 2.507124205835982691e+06
2.933142181928062087e+00 2.255391855231103022e+06
