3.069976816238139533e-02 7.059676138109405041e+08
3.213194951921637121e-02 7.546540888133931160e+08
3.363094387046929729e-02 9.870330989349273443e+08
3.519986812322865172e-02 8.573489990762776136e+08
3.684198459207260745e-02 6.262555310466703176e+08
3.856070778250449138e-02 8.065889461243151426e+08
4.035961149084377197e-02 7.506069114735907316e+08
4.224243623533543990e-02 7.369230760334434509e+08
4.421309703392971302e-02 5.034090912592529058e+08
4.627569154490460829e-02 5.476252419911704063e+08
4.843450858725836805e-02 4.433744939619997144e+08
5.069403705858849252e-02 4.588505326188313365e+08
5.305897526900069106e-02 5.552893391177946329e+08
5.553424071045594268e-02 4.420946396400570869e+08
5.812498028186940946e-02 3.557357399383792281e+08
6.083658099122266766e-02 3.237894333715945482e+08
6.367468115694234487e-02 2.908480345649195910e+08
6.664518213183667772e-02 3.376463770263784528e+08
6.975426057396794111e-02 3.918912559196851254e+08
7.300838128997587384e-02 2.842713054044911861e+08
7.641431067755764805e-02 3.342072005877828002e+08
7.997913079505601652e-02 3.300159953667891026e+08
8.371025408741054885e-02 3.180959205905323029e+08
8.761543879909236554e-02 3.055519198040635586e+08
9.170280510607109470e-02 2.670969824217199385e+08
9.598085200035742781e-02 2.608128721524235308e+08
1.004584749622301765e-01 2.805552908095793724e+08
1.051449844568940195e-01 2.401866990075306892e+08
1.100501252940287722e-01 2.518833745647228658e+08
1.151840968904851020e-01 2.439239076358495057e+08
1.205575744782594882e-01 2.318024748596928716e+08
1.261817313018468445e-01 2.225946619345666766e+08
1.320682618511266337e-01 1.998668955914983153e+08
1.382294061780912076e-01 2.063582122483278215e+08
1.446779753479788821e-01 1.807197430302272737e+08
1.514273780777332656e-01 1.718416568902159631e+08
1.584916486171791816e-01 1.694714373158293664e+08
1.658854759308886484e-01 1.627936126440033019e+08
1.736242342414167639e-01 1.499201702644874454e+08
1.817240149974163610e-01 1.604390229632405639e+08
1.902016603331038169e-01 1.471617097440794110e+08
1.990747980886495849e-01 1.437481039590368569e+08
2.083618784643124222e-01 1.297745618916509449e+08
2.180822123845329585e-01 1.273693537127920240e+08
2.282560116517592663e-01 1.160430679770784080e+08
2.389044309734965343e-01 1.153437585279483348e+08
2.500496119499697190e-01 1.051393142864337713e+08
2.617147291138638421e-01 9.793313919484014809e+07
2.739240381178740802e-01 9.228015079853728414e+07
2.867029261702632170e-01 8.849698326934072375e+07
3.000779648232989039e-01 8.200102579286690056e+07
3.140769652243355914e-01 7.853342666982570291e+07
3.287290359444262067e-01 7.350859664283174276e+07
3.440646435047088891e-01 6.781461525160460174e+07
3.601156757264223351e-01 6.391959438635703921e+07
3.769155080362766030e-01 5.870482490297099203e+07
3.944990728650497602e-01 5.350022039474222809e+07
4.129029322837124427e-01 4.784775538588564843e+07
4.321653540281166217e-01 4.569376466705176979e+07
4.523263910703274604e-01 4.356287644761335105e+07
4.734279649020536884e-01 4.241634338823870569e+07
4.955139527033520785e-01 3.944936268470303714e+07
5.186302785778565960e-01 3.633331662250219285e+07
5.428250090442419129e-01 3.471647220696634054e+07
5.681484529824789576e-01 3.151166530285496265e+07
5.946532662427046478e-01 2.988710280458243564e+07
6.223945611342215356e-01 2.798258952577111870e+07
6.514300210222929710e-01 2.604123795197223499e+07
6.818200202710160696e-01 2.446026205655263737e+07
7.136277497816758686e-01 2.235732543644765019e+07
7.469193483876155337e-01 2.131495979907648638e+07
7.817640403788362891e-01 1.951833226788052171e+07
8.182342794422867716e-01 1.820527910670617595e+07
8.564058993171398404e-01 1.738817771139480919e+07
8.963582714783228100e-01 1.557383992238718458e+07
9.381744701761730587e-01 1.454976693397575803e+07
9.819414451753946116e-01 1.349344106033055484e+07
1.027750202552496051e+00 1.260720344620269537e+07
1.075695993927647365e+00 1.152809326956729032e+07
1.125878514524432994e+00 1.063123450329104625e+07
1.178402110469330522e+00 9.902718568141594529e+06
1.233375995761962995e+00 9.034459205837532878e+06
1.290914479367274659e+00 8.303345400079715997e+06
1.351137202901832923e+00 7.704438747958248481e+06
1.414169389408483246e+00 7.089159858904573135e+06
1.480142103736643344e+00 6.528393194851126522e+06
1.549192525069651882e+00 6.136328318896792829e+06
1.621464232165851449e+00 5.602999566575624980e+06
1.697107501906508942e+00 5.222569334903205745e+06
1.776279621771362560e+00 4.914302333514251746e+06
1.859145216891527452e+00 4.662526630173472688e+06
1.945876592359817581e+00 4.346777977719662711e+06
2.036654091510258002e+00 4.072774740926306695e+06
2.131666470911770972e+00 3.848017800469938200e+06
2.231111292855769257e+00 3.662650228698894382e+06
2.335195336153773393e+00 3.518715557633716147e+06
2.444135026099235386e+00 3.265249635920446366e+06
2.558156884487600369e+00 3.065980350276617799e+06
2.677498000630348152e+00 2.873240416887278203e+06
2.802406524342412553e+00 2.669532696027581114e+06
2.933142181928062087e+00 2.493919802173343021e+06
