3.069976816238139533e-02 1.347033616704080582e+09
3.213194951921637121e-02 9.716685318636548519e+08
3.363094387046929729e-02 1.197848039916367531e+09
3.519986812322865172e-02 8.969025540444128513e+08
3.684198459207260745e-02 1.042145454200434446e+09
3.856070778250449138e-02 8.797733136006499529e+08
4.035961149084377197e-02 7.629348338040602207e+08
4.224243623533543990e-02 9.353436249898071289e+08
4.421309703392971302e-02 6.612346177165167332e+08
4.627569154490460829e-02 6.788383852620815039e+08
4.843450858725836805e-02 6.545133994958757162e+08
5.069403705858849252e-02 6.117174875829765797e+08
5.305897526900069106e-02 4.942869532571869493e+08
5.553424071045594268e-02 7.677877978735066652e+08
5.812498028186940946e-02 6.422495541303158998e+08
6.083658099122266766e-02 5.254697127591404915e+08
6.367468115694234487e-02 4.906901705516554713e+08
6.664518213183667772e-02 4.354245276952224374e+08
6.975426057396794111e-02 4.514355989536720514e+08
7.300838128997587384e-02 3.874341126319934726e+08
7.641431067755764805e-02 4.821080420637718439e+08
7.997913079505601652e-02 4.669874934442641139e+08
8.371025408741054885e-02 4.047284540751638412e+08
8.761543879909236554e-02 4.348049827198401093e+08
9.170280510607109470e-02 3.898855406904464960e+08
9.598085200035742781e-02 3.709543247681658864e+08
1.004584749622301765e-01 3.843732245779368281e+08
1.051449844568940195e-01 3.614820295763311386e+08
1.100501252940287722e-01 3.121118647042423487e+08
1.151840968904851020e-01 3.363555883450164199e+08
1.205575744782594882e-01 2.967001081637679338e+08
1.261817313018468445e-01 3.035334983169696331e+08
1.320682618511266337e-01 2.492379879256403446e+08
1.382294061780912076e-01 2.407066689499072433e+08
1.446779753479788821e-01 2.414023670269380212e+08
1.514273780777332656e-01 2.074342750490973890e+08
1.584916486171791816e-01 2.102517172945371270e+08
1.658854759308886484e-01 2.006072441954219043e+08
1.736242342414167639e-01 1.978917217494369745e+08
1.817240149974163610e-01 1.746034064113325179e+08
1.902016603331038169e-01 1.661972785784812272e+08
1.990747980886495849e-01 1.663161643092773557e+08
2.083618784643124222e-01 1.522112648553458452e+08
2.180822123845329585e-01 1.493198262668122351e+08
2.282560116517592663e-01 1.448205722667576075e+08
2.389044309734965343e-01 1.377455867748922110e+08
2.500496119499697190e-01 1.232436706585511416e+08
2.617147291138638421e-01 1.191099639838169813e+08
2.739240381178740802e-01 1.099950878407647759e+08
2.867029261702632170e-01 1.047119478431115746e+08
3.000779648232989039e-01 9.573330213153211772e+07
3.140769652243355914e-01 8.676567141765968502e+07
3.287290359444262067e-01 7.991204320583955944e+07
3.440646435047088891e-01 7.606907188746480644e+07
3.601156757264223351e-01 6.779996602317282557e+07
3.769155080362766030e-01 6.253478507928780466e+07
3.944990728650497602e-01 6.119138384247834235e+07
4.129029322837124427e-01 5.876672993265780061e+07
4.321653540281166217e-01 5.130621234309039265e+07
4.523263910703274604e-01 4.877153240503358096e+07
4.734279649020536884e-01 4.586444545565325767e+07
4.955139527033520785e-01 4.270237099536658078e+07
5.186302785778565960e-01 3.895425033045316488e+07
5.428250090442419129e-01 3.584925606867320836e+07
5.681484529824789576e-01 3.256050018053405732e+07
5.946532662427046478e-01 3.172552435717289150e+07
6.223945611342215356e-01 3.012692476174439117e+07
6.514300210222929710e-01 2.805887560229156911e+07
6.818200202710160696e-01 2.664049946399202570e+07
7.136277497816758686e-01 2.451381617541504279e+07
7.469193483876155337e-01 2.281060381333456933e+07
7.817640403788362891e-01 2.090160273252147809e+07
8.182342794422867716e-01 1.948725485113493353e+07
8.564058993171398404e-01 1.809810028774241358e+07
8.963582714783228100e-01 1.651650000064920634e+07
9.381744701761730587e-01 1.514245933139794879e+07
9.819414451753946116e-01 1.393008408068635873e+07
1.027750202552496051e+00 1.284200203198100254e+07
1.075695993927647365e+00 1.165088914100313000e+07
1.125878514524432994e+00 1.056710249703899585e+07
1.178402110469330522e+00 9.881460305504787713e+06
1.233375995761962995e+00 9.327408537742272019e+06
1.290914479367274659e+00 8.668835088615881279e+06
1.351137202901832923e+00 8.132923037071094848e+06
1.414169389408483246e+00 7.502219038197961636e+06
1.480142103736643344e+00 6.799782368245941587e+06
1.549192525069651882e+00 6.338057046625053510e+06
1.621464232165851449e+00 5.706905677944392897e+06
1.697107501906508942e+00 5.144345808728495613e+06
1.776279621771362560e+00 4.571560557138055563e+06
1.859145216891527452e+00 4.125365935697693843e+06
1.945876592359817581e+00 3.698221360376686323e+06
2.036654091510258002e+00 3.323159667889846954e+06
2.131666470911770972e+00 3.052710570804478135e+06
2.231111292855769257e+00 2.733435444187898189e+06
2.335195336153773393e+00 2.522888161397085991e+06
2.444135026099235386e+00 2.333539946184933651e+06
2.558156884487600369e+00 2.134706302811805159e+06
2.677498000630348152e+00 2.027162575233559357e+06
2.802406524342412553e+00 1.944255331370712956e+06
2.933142181928062087e+00 1.772787068128157407e+06
