3.069976816238139533e-02 1.097390678823427677e+09
3.213194951921637121e-02 1.111202055168606997e+09
3.363094387046929729e-02 1.072240607959133744e+09
3.519986812322865172e-02 1.002341440757586002e+09
3.684198459207260745e-02 9.235725444187490940e+08
3.856070778250449138e-02 1.047991324078905821e+09
4.035961149084377197e-02 8.423501187966309786e+08
4.224243623533543990e-02 1.070203661640475035e+09
4.421309703392971302e-02 9.302407566924762726e+08
4.627569154490460829e-02 1.111673019991952896e+09
4.843450858725836805e-02 8.003074190907666683e+08
5.069403705858849252e-02 8.529756824689897299e+08
5.305897526900069106e-02 7.763474565715465546e+08
5.553424071045594268e-02 6.008122559622080326e+08
5.812498028186940946e-02 8.138450567129083872e+08
6.083658099122266766e-02 5.491678039431986809e+08
6.367468115694234487e-02 5.756949610635119677e+08
6.664518213183667772e-02 6.092955299942270517e+08
6.975426057396794111e-02 6.087169206110931635e+08
7.300838128997587384e-02 5.996542614787496328e+08
7.641431067755764805e-02 5.221487958889007568e+08
7.997913079505601652e-02 6.012657476809135675e+08
8.371025408741054885e-02 4.640759211958857775e+08
8.761543879909236554e-02 4.833413472027374506e+08
9.170280510607109470e-02 4.302844881375045180e+08
9.598085200035742781e-02 4.754493785774024129e+08
1.004584749622301765e-01 4.321217939944750071e+08
1.051449844568940195e-01 4.285805586650556326e+08
1.100501252940287722e-01 3.918170017096942663e+08
1.151840968904851020e-01 3.672592600591150522e+08
1.205575744782594882e-01 3.459749672141762376e+08
1.261817313018468445e-01 3.549654650564138889e+08
1.320682618511266337e-01 3.113416832505143881e+08
1.382294061780912076e-01 3.174156600632601976e+08
1.446779753479788821e-01 2.816072595840908885e+08
1.514273780777332656e-01 2.683581708708684444e+08
1.584916486171791816e-01 2.688239385291374922e+08
1.658854759308886484e-01 2.456743160896660089e+08
1.736242342414167639e-01 2.437302353757206202e+08
1.817240149974163610e-01 2.252412248738799989e+08
1.902016603331038169e-01 2.045265118398951590e+08
1.990747980886495849e-01 2.038954001227989197e+08
2.083618784643124222e-01 2.069429245614184737e+08
2.180822123845329585e-01 1.922705168713092506e+08
2.282560116517592663e-01 1.704521013524706066e+08
2.389044309734965343e-01 1.650371159626296759e+08
2.500496119499697190e-01 1.499642917571741045e+08
2.617147291138638421e-01 1.403450864529013336e+08
2.739240381178740802e-01 1.339314116663634479e+08
2.867029261702632170e-01 1.241766228884353191e+08
3.000779648232989039e-01 1.113333879050155729e+08
3.140769652243355914e-01 1.095685556833000928e+08
3.287290359444262067e-01 1.033831580766841918e+08
3.440646435047088891e-01 9.282839622742123902e+07
3.601156757264223351e-01 9.146984862273682654e+07
3.769155080362766030e-01 8.367884073046217859e+07
3.944990728650497602e-01 8.041934261089603603e+07
4.129029322837124427e-01 7.216366321264338493e+07
4.321653540281166217e-01 6.895701109138618410e+07
4.523263910703274604e-01 6.516981199677941948e+07
4.734279649020536884e-01 6.001316817186991125e+07
4.955139527033520785e-01 5.567855652502293885e+07
5.186302785778565960e-01 5.297518470478912443e+07
5.428250090442419129e-01 4.938566205376558006e+07
5.681484529824789576e-01 4.530498747686333954e+07
5.946532662427046478e-01 4.350154187333049625e+07
6.223945611342215356e-01 3.952119994332850724e+07
6.514300210222929710e-01 3.667679888221306354e+07
6.818200202710160696e-01 3.538114041594433039e+07
7.136277497816758686e-01 3.266607201768374443e+07
7.469193483876155337e-01 2.929164553785796091e+07
7.817640403788362891e-01 2.767633185525909811e+07
8.182342794422867716e-01 2.586187074681130424e+07
8.564058993171398404e-01 2.394956856345872208e+07
8.963582714783228100e-01 2.228699049370993674e+07
9.381744701761730587e-01 2.051915569839109108e+07
9.819414451753946116e-01 1.917602791777615622e+07
1.027750202552496051e+00 1.748066505540174618e+07
1.075695993927647365e+00 1.644099623220311850e+07
1.125878514524432994e+00 1.540033559833435342e+07
1.178402110469330522e+00 1.387204352672481909e+07
1.233375995761962995e+00 1.300702903635741025e+07
1.290914479367274659e+00 1.191691973047556356e+07
1.351137202901832923e+00 1.098821197250262089e+07
1.414169389408483246e+00 1.022330123811559752e+07
1.480142103736643344e+00 9.373206720224458724e+06
1.549192525069651882e+00 8.519914259423740208e+06
1.621464232165851449e+00 7.827794780049687251e+06
1.697107501906508942e+00 7.195250903053106740e+06
1.776279621771362560e+00 6.483538493406166323e+06
1.859145216891527452e+00 5.961245507324598730e+06
1.945876592359817581e+00 5.369669213419005275e+06
2.036654091510258002e+00 4.957189410162245855e+06
2.131666470911770972e+00 4.462773767356529832e+06
2.231111292855769257e+00 4.098893572524977848e+06
2.335195336153773393e+00 3.824189341241746675e+06
2.444135026099235386e+00 3.535811165739643853e+06
2.558156884487600369e+00 3.132965509585211985e+06
2.677498000630348152e+00 2.797708463984025177e+06
2.802406524342412553e+00 2.529973432419370394e+06
2.933142181928062087e+00 2.308965554724241607e+06
