3.069976816238139533e-02 5.398056980882457495e+08
3.213194951921637121e-02 4.362836902575665712e+08
3.363094387046929729e-02 5.318901341176741719e+08
3.519986812322865172e-02 3.613463512213487625e+08
3.684198459207260745e-02 4.592385977763110399e+08
3.856070778250449138e-02 2.437574195816991329e+08
4.035961149084377197e-02 4.068981946408308148e+08
4.224243623533543990e-02 3.444638898227552176e+08
4.421309703392971302e-02 1.966007669264458418e+08
4.627569154490460829e-02 4.395031041411016583e+08
4.843450858725836805e-02 5.191831736156928539e+08
5.069403705858849252e-02 4.061622885118172169e+08
5.305897526900069106e-02 4.233485104428371191e+08
5.553424071045594268e-02 4.274190192634406090e+08
5.812498028186940946e-02 3.303360304136221409e+08
6.083658099122266766e-02 3.614432728997357488e+08
6.367468115694234487e-02 4.273051196772164106e+08
6.664518213183667772e-02 3.546248836328227520e+08
6.975426057396794111e-02 4.122735454887979627e+08
7.300838128997587384e-02 3.319697657980393171e+08
7.641431067755764805e-02 4.650578346393973827e+08
7.997913079505601652e-02 3.516933315921238065e+08
8.371025408741054885e-02 3.870700973716190457e+08
8.761543879909236554e-02 4.126125743370872140e+08
9.170280510607109470e-02 3.055444638997567892e+08
9.598085200035742781e-02 3.338744732998137474e+08
1.004584749622301765e-01 3.660829928464437723e+08
1.051449844568940195e-01 3.616851583017716408e+08
1.100501252940287722e-01 3.274811662591781616e+08
1.151840968904851020e-01 3.034866668091613650e+08
1.205575744782594882e-01 3.462443092984708548e+08
1.261817313018468445e-01 3.093550661280480623e+08
1.320682618511266337e-01 3.083396749594144225e+08
1.382294061780912076e-01 2.889772107929221988e+08
1.446779753479788821e-01 2.872743888618597388e+08
1.514273780777332656e-01 2.562663674045404494e+08
1.584916486171791816e-01 2.606177736976835430e+08
1.658854759308886484e-01 2.457201273856668770e+08
1.736242342414167639e-01 2.274718357132173777e+08
1.817240149974163610e-01 2.348537208881318569e+08
1.902016603331038169e-01 2.032915769569495916e+08
1.990747980886495849e-01 1.879532266266365647e+08
2.083618784643124222e-01 1.849531448220021427e+08
2.180822123845329585e-01 1.724683003962388635e+08
2.282560116517592663e-01 1.716349219869094193e+08
2.389044309734965343e-01 1.517246073254428506e+08
2.500496119499697190e-01 1.530691476329070628e+08
2.617147291138638421e-01 1.363119749072966278e+08
2.739240381178740802e-01 1.361083187543751895e+08
2.867029261702632170e-01 1.262008922326069474e+08
3.000779648232989039e-01 1.133588849491906017e+08
3.140769652243355914e-01 1.051233839956599623e+08
3.287290359444262067e-01 1.031607802970534861e+08
3.440646435047088891e-01 9.594381961370645463e+07
3.601156757264223351e-01 8.952261304439912736e+07
3.769155080362766030e-01 7.895341578482212126e+07
3.944990728650497602e-01 7.797366594246800244e+07
4.129029322837124427e-01 7.160300862531539798e+07
4.321653540281166217e-01 6.722381062291218340e+07
4.523263910703274604e-01 6.409314868606310338e+07
4.734279649020536884e-01 5.946290695285932720e+07
4.955139527033520785e-01 5.573911731381497532e+07
5.186302785778565960e-01 5.184400537388201803e+07
5.428250090442419129e-01 4.631340793732233346e+07
5.681484529824789576e-01 4.456100059859427065e+07
5.946532662427046478e-01 4.062469849826121330e+07
6.223945611342215356e-01 3.908046155105108768e+07
6.514300210222929710e-01 3.676753827168888599e+07
6.818200202710160696e-01 3.429584183912063390e+07
7.136277497816758686e-01 3.097994539206385240e+07
7.469193483876155337e-01 2.883730956963663921e+07
7.817640403788362891e-01 2.672800960326032341e+07
8.182342794422867716e-01 2.493019299723588675e+07
8.564058993171398404e-01 2.301968274745765328e+07
8.963582714783228100e-01 2.145259648929286748e+07
9.381744701761730587e-01 1.949425621646647900e+07
9.819414451753946116e-01 1.814068569507967308e+07
1.027750202552496051e+00 1.663836550314616971e+07
1.075695993927647365e+00 1.536639366512771696e+07
1.125878514524432994e+00 1.419520162888069823e+07
1.178402110469330522e+00 1.324554860989186168e+07
1.233375995761962995e+00 1.231224456954898499e+07
1.290914479367274659e+00 1.151810043051009066e+07
1.351137202901832923e+00 1.058447832404643297e+07
1.414169389408483246e+00 9.642463869547300041e+06
1.480142103736643344e+00 8.946915639469906688e+06
1.549192525069651882e+00 8.207640184561899863e+06
1.621464232165851449e+00 7.467221028284247033e+06
1.697107501906508942e+00 6.872217910974921659e+06
1.776279621771362560e+00 6.246510524576955475e+06
1.859145216891527452e+00 5.691418959213406779e+06
1.945876592359817581e+00 5.182949595259438269e+06
2.036654091510258002e+00 4.750943349919675849e+06
2.131666470911770972e+00 4.273009906305115670e+06
2.231111292855769257e+00 3.905673679527480155e+06
2.335195336153773393e+00 3.559184924150872976e+06
2.444135026099235386e+00 3.225781946959630586e+06
2.558156884487600369e+00 2.966957976243631449e+06
2.677498000630348152e+00 2.697444727239212021e+06
2.802406524342412553e+00 2.459752641609869897e+06
2.933142181928062087e+00 2.254330146870287135e+06
