3.069976816238139533e-02 1.048657580082121611e+09
3.213194951921637121e-02 6.449890506415791512e+08
3.363094387046929729e-02 6.041900785934448242e+08
3.519986812322865172e-02 5.600752279242475033e+08
3.684198459207260745e-02 4.785927728639703989e+08
3.856070778250449138e-02 5.516149186480277777e+08
4.035961149084377197e-02 7.544753220924396515e+08
4.224243623533543990e-02 4.170584649418655634e+08
4.421309703392971302e-02 4.992250669888705015e+08
4.627569154490460829e-02 4.757655242599958181e+08
4.843450858725836805e-02 5.393718394271053076e+08
5.069403705858849252e-02 5.254258779346910715e+08
5.305897526900069106e-02 5.914403371254320145e+08
5.553424071045594268e-02 3.645241150612127781e+08
5.812498028186940946e-02 4.894340909187564850e+08
6.083658099122266766e-02 4.792716247721812725e+08
6.367468115694234487e-02 4.253570384825576544e+08
6.664518213183667772e-02 4.663142016364476681e+08
6.975426057396794111e-02 3.878619202375075817e+08
7.300838128997587384e-02 3.559135883720597625e+08
7.641431067755764805e-02 3.559745109650948048e+08
7.997913079505601652e-02 3.537277839062080383e+08
8.371025408741054885e-02 3.416943563026348948e+08
8.761543879909236554e-02 2.821688526389999986e+08
9.170280510607109470e-02 2.902576192435773611e+08
9.598085200035742781e-02 2.969469804528696537e+08
1.004584749622301765e-01 2.535621237878488302e+08
1.051449844568940195e-01 2.827270164547381997e+08
1.100501252940287722e-01 2.531288480584251285e+08
1.151840968904851020e-01 2.376186750773248374e+08
1.205575744782594882e-01 2.429927033829777241e+08
1.261817313018468445e-01 2.360475082946559191e+08
1.320682618511266337e-01 2.260161356339409649e+08
1.382294061780912076e-01 2.267540985190487504e+08
1.446779753479788821e-01 2.427781368437942266e+08
1.514273780777332656e-01 1.956621831700157225e+08
1.584916486171791816e-01 1.848506506466852427e+08
1.658854759308886484e-01 1.896831193446853161e+08
1.736242342414167639e-01 1.732282980750635266e+08
1.817240149974163610e-01 1.679428002338181436e+08
1.902016603331038169e-01 1.644608932135054767e+08
1.990747980886495849e-01 1.409354969282052219e+08
2.083618784643124222e-01 1.386609646102645993e+08
2.180822123845329585e-01 1.278282997439342588e+08
2.282560116517592663e-01 1.103908443406916112e+08
2.389044309734965343e-01 1.116923812582463324e+08
2.500496119499697190e-01 1.044912383517657369e+08
2.617147291138638421e-01 9.732051092173826694e+07
2.739240381178740802e-01 9.378936289627830684e+07
2.867029261702632170e-01 8.830171703365512192e+07
3.000779648232989039e-01 8.273585562474867702e+07
3.140769652243355914e-01 7.903015782057113945e+07
3.287290359444262067e-01 7.446560164012156427e+07
3.440646435047088891e-01 6.592050784366852790e+07
3.601156757264223351e-01 6.474576648205333948e+07
3.769155080362766030e-01 5.761002121548073739e+07
3.944990728650497602e-01 5.692965134547291696e+07
4.129029322837124427e-01 5.284306617555154115e+07
4.321653540281166217e-01 4.917090971146995574e+07
4.523263910703274604e-01 4.449065854530842602e+07
4.734279649020536884e-01 4.342463540848201513e+07
4.955139527033520785e-01 3.973811685398799181e+07
5.186302785778565960e-01 3.628469943832909316e+07
5.428250090442419129e-01 3.597448377474798262e+07
5.681484529824789576e-01 3.170832002253967524e+07
5.946532662427046478e-01 2.922389052968227118e+07
6.223945611342215356e-01 2.792617345131134614e+07
6.514300210222929710e-01 2.549285306958911195e+07
6.818200202710160696e-01 2.396865550460201129e+07
7.136277497816758686e-01 2.194118659449769929e+07
7.469193483876155337e-01 2.122135552508443221e+07
7.817640403788362891e-01 1.933816375312899053e+07
8.182342794422867716e-01 1.766535370901645720e+07
8.564058993171398404e-01 1.676430540610622056e+07
8.963582714783228100e-01 1.542667993162397482e+07
9.381744701761730587e-01 1.446286102766749822e+07
9.819414451753946116e-01 1.347781825692057982e+07
1.027750202552496051e+00 1.253621998191134259e+07
1.075695993927647365e+00 1.156656387025204673e+07
1.125878514524432994e+00 1.089552309846936911e+07
1.178402110469330522e+00 1.011053284792871587e+07
1.233375995761962995e+00 9.718081023872992024e+06
1.290914479367274659e+00 9.013479357443543151e+06
1.351137202901832923e+00 8.562985404529072344e+06
1.414169389408483246e+00 7.566748774113880470e+06
1.480142103736643344e+00 6.938439334021449089e+06
1.549192525069651882e+00 6.470656987225495279e+06
1.621464232165851449e+00 5.799883577873039059e+06
1.697107501906508942e+00 5.385510249710437842e+06
1.776279621771362560e+00 4.978003341837473214e+06
1.859145216891527452e+00 4.471241283628523350e+06
1.945876592359817581e+00 4.205092693524160422e+06
2.036654091510258002e+00 3.899155148461121134e+06
2.131666470911770972e+00 3.755449347928390373e+06
2.231111292855769257e+00 3.535392482465204783e+06
2.335195336153773393e+00 3.410888710177921224e+06
2.444135026099235386e+00 3.237758667292663828e+06
2.558156884487600369e+00 3.086133913849466480e+06
2.677498000630348152e+00 2.986015228473208845e+06
2.802406524342412553e+00 2.887317665376610588e+06
2.933142181928062087e+00 2.502208767573560588e+06
