3.069976816238139533e-02 6.443180895923982859e+08
3.213194951921637121e-02 6.271520946156951189e+08
3.363094387046929729e-02 6.163315082934409380e+08
3.519986812322865172e-02 6.432871789093194008e+08
3.684198459207260745e-02 5.870408301436133385e+08
3.856070778250449138e-02 4.909622173743140101e+08
4.035961149084377197e-02 4.838600487921074629e+08
4.224243623533543990e-02 5.989172056273733377e+08
4.421309703392971302e-02 4.795187481322648525e+08
4.627569154490460829e-02 5.330441201249740124e+08
4.843450858725836805e-02 5.179430136181163788e+08
5.069403705858849252e-02 4.392337021230093837e+08
5.305897526900069106e-02 5.390096314067484140e+08
5.553424071045594268e-02 4.499419747251949310e+08
5.812498028186940946e-02 5.760482797429708242e+08
6.083658099122266766e-02 4.026470576062297821e+08
6.367468115694234487e-02 4.373672610655052066e+08
6.664518213183667772e-02 4.743383627059541941e+08
6.975426057396794111e-02 4.571319626180743575e+08
7.300838128997587384e-02 4.015716089199170470e+08
7.641431067755764805e-02 4.382649964070374966e+08
7.997913079505601652e-02 3.781581433673183322e+08
8.371025408741054885e-02 4.852379476806654930e+08
8.761543879909236554e-02 4.524790442871785760e+08
9.170280510607109470e-02 4.157128511549965739e+08
9.598085200035742781e-02 3.605119709009599686e+08
1.004584749622301765e-01 3.837172640764679909e+08
1.051449844568940195e-01 3.573695588414802551e+08
1.100501252940287722e-01 3.529574889137271643e+08
1.151840968904851020e-01 3.294872161010398865e+08
1.205575744782594882e-01 3.257671658186169863e+08
1.261817313018468445e-01 2.912764108687850833e+08
1.320682618511266337e-01 3.075085482876985073e+08
1.382294061780912076e-01 2.896798364262896180e+08
1.446779753479788821e-01 2.580251083448953331e+08
1.514273780777332656e-01 2.562441543959326744e+08
1.584916486171791816e-01 2.491921359063180685e+08
1.658854759308886484e-01 2.345006225134205222e+08
1.736242342414167639e-01 2.388054204392934442e+08
1.817240149974163610e-01 2.265757878726769984e+08
1.902016603331038169e-01 2.070204750183838606e+08
1.990747980886495849e-01 2.019112605398548841e+08
2.083618784643124222e-01 1.857087791479336023e+08
2.180822123845329585e-01 1.807993934438211620e+08
2.282560116517592663e-01 1.739282159166914225e+08
2.389044309734965343e-01 1.648592781851905882e+08
2.500496119499697190e-01 1.433621545596095026e+08
2.617147291138638421e-01 1.408393798588224053e+08
2.739240381178740802e-01 1.318638149059141129e+08
2.867029261702632170e-01 1.253825338549567610e+08
3.000779648232989039e-01 1.145789843121730685e+08
3.140769652243355914e-01 1.079739366175080389e+08
3.287290359444262067e-01 9.748275004144233465e+07
3.440646435047088891e-01 9.319211225901463628e+07
3.601156757264223351e-01 9.241804777189612389e+07
3.769155080362766030e-01 8.135279183732877672e+07
3.944990728650497602e-01 7.967589830295182765e+07
4.129029322837124427e-01 7.400187098923094571e+07
4.321653540281166217e-01 6.719606091392427683e+07
4.523263910703274604e-01 6.377070599765343964e+07
4.734279649020536884e-01 5.858301700837018341e+07
4.955139527033520785e-01 5.590688072526355833e+07
5.186302785778565960e-01 4.961338215079336613e+07
5.428250090442419129e-01 4.871300582427053899e+07
5.681484529824789576e-01 4.453467224574830383e+07
5.946532662427046478e-01 4.163687232150956243e+07
6.223945611342215356e-01 3.837686599453374743e+07
6.514300210222929710e-01 3.571710947370675951e+07
6.818200202710160696e-01 3.328914328408300132e+07
7.136277497816758686e-01 3.151671373711830378e+07
7.469193483876155337e-01 2.942722439517643675e+07
7.817640403788362891e-01 2.642207927821289375e+07
8.182342794422867716e-01 2.475623039399301633e+07
8.564058993171398404e-01 2.290194275905100256e+07
8.963582714783228100e-01 2.102663472731207311e+07
9.381744701761730587e-01 1.956410025222356245e+07
9.819414451753946116e-01 1.811226479487238824e+07
1.027750202552496051e+00 1.674376047465620376e+07
1.075695993927647365e+00 1.543484549611861445e+07
1.125878514524432994e+00 1.451209744579089805e+07
1.178402110469330522e+00 1.357899690274099633e+07
1.233375995761962995e+00 1.259025717986029014e+07
1.290914479367274659e+00 1.145821995840856060e+07
1.351137202901832923e+00 1.056355286291245185e+07
1.414169389408483246e+00 9.768962040830168873e+06
1.480142103736643344e+00 9.005574503956643865e+06
1.549192525069651882e+00 8.321998242524673231e+06
1.621464232165851449e+00 7.487000742852084339e+06
1.697107501906508942e+00 6.906725975037299097e+06
1.776279621771362560e+00 6.332303146212548949e+06
1.859145216891527452e+00 5.737554865287955850e+06
1.945876592359817581e+00 5.224946042590077966e+06
2.036654091510258002e+00 4.743846838789237663e+06
2.131666470911770972e+00 4.346155901345558465e+06
2.231111292855769257e+00 3.901313645106995013e+06
2.335195336153773393e+00 3.587698038728021551e+06
2.444135026099235386e+00 3.287849222668313887e+06
2.558156884487600369e+00 2.972072701706696767e+06
2.677498000630348152e+00 2.733462558357540984e+06
2.802406524342412553e+00 2.473975982437311672e+06
2.933142181928062087e+00 2.252017675236887299e+06
