3.069976816238139533e-02 5.547371563293151855e+08
3.213194951921637121e-02 5.181916985064022541e+08
3.363094387046929729e-02 7.809475816971313953e+08
3.519986812322865172e-02 4.039629768358549476e+08
3.684198459207260745e-02 7.764523306768041849e+08
3.856070778250449138e-02 7.268500025097020864e+08
4.035961149084377197e-02 3.799173521577816010e+08
4.224243623533543990e-02 5.771081018015081882e+08
4.421309703392971302e-02 5.547976322882864475e+08
4.627569154490460829e-02 5.885310863474612236e+08
4.843450858725836805e-02 3.977689896859503388e+08
5.069403705858849252e-02 5.414091913895375729e+08
5.305897526900069106e-02 4.155895623916582465e+08
5.553424071045594268e-02 5.919607199596854448e+08
5.812498028186940946e-02 4.532016155918585062e+08
6.083658099122266766e-02 5.324819502553302050e+08
6.367468115694234487e-02 4.841677055052771568e+08
6.664518213183667772e-02 5.128731176936355829e+08
6.975426057396794111e-02 4.320353287460203171e+08
7.300838128997587384e-02 4.962201733977457285e+08
7.641431067755764805e-02 3.951576562062555552e+08
7.997913079505601652e-02 3.671844321357092857e+08
8.371025408741054885e-02 3.799274318594793081e+08
8.761543879909236554e-02 4.602738198294271231e+08
9.170280510607109470e-02 3.895214896435509920e+08
9.598085200035742781e-02 3.519767982235324979e+08
1.004584749622301765e-01 3.799885191665422916e+08
1.051449844568940195e-01 3.845006158245297670e+08
1.100501252940287722e-01 3.436581533687241077e+08
1.151840968904851020e-01 3.250863812128545046e+08
1.205575744782594882e-01 3.239227133362654448e+08
1.261817313018468445e-01 3.353526155114820600e+08
1.320682618511266337e-01 2.806919750852102041e+08
1.382294061780912076e-01 2.913881681938281655e+08
1.446779753479788821e-01 2.813350879581388235e+08
1.514273780777332656e-01 2.740903644538732767e+08
1.584916486171791816e-01 2.557951053622823954e+08
1.658854759308886484e-01 2.493052235139926970e+08
1.736242342414167639e-01 2.341102907441382706e+08
1.817240149974163610e-01 2.215509607888927162e+08
1.902016603331038169e-01 2.028526234298008680e+08
1.990747980886495849e-01 1.952872082087143958e+08
2.083618784643124222e-01 1.837412555434233546e+08
2.180822123845329585e-01 1.664087390699386001e+08
2.282560116517592663e-01 1.688244778370719850e+08
2.389044309734965343e-01 1.477267681973356903e+08
2.500496119499697190e-01 1.526379132796609104e+08
2.617147291138638421e-01 1.384742272707555890e+08
2.739240381178740802e-01 1.335306338438148201e+08
2.867029261702632170e-01 1.220387976527247280e+08
3.000779648232989039e-01 1.157434686743897647e+08
3.140769652243355914e-01 1.063560222158601284e+08
3.287290359444262067e-01 1.037661237616495937e+08
3.440646435047088891e-01 9.643331065261508524e+07
3.601156757264223351e-01 8.668269974013815820e+07
3.769155080362766030e-01 8.324226326178063452e+07
3.944990728650497602e-01 7.885770825076355040e+07
4.129029322837124427e-01 6.994100282757101953e+07
4.321653540281166217e-01 6.490094511751653999e+07
4.523263910703274604e-01 6.258214295703180879e+07
4.734279649020536884e-01 5.881705897503985465e+07
4.955139527033520785e-01 5.616367482927805930e+07
5.186302785778565960e-01 4.968742665153545886e+07
5.428250090442419129e-01 4.806949660497277975e+07
5.681484529824789576e-01 4.437656580744189024e+07
5.946532662427046478e-01 4.079808881271982193e+07
6.223945611342215356e-01 3.816350543068861216e+07
6.514300210222929710e-01 3.605824018461100757e+07
6.818200202710160696e-01 3.326304756464335695e+07
7.136277497816758686e-01 3.038117369827715680e+07
7.469193483876155337e-01 2.889350483142020553e+07
7.817640403788362891e-01 2.636307260590952635e+07
8.182342794422867716e-01 2.450087760026446357e+07
8.564058993171398404e-01 2.250704788770985976e+07
8.963582714783228100e-01 2.038661404633812234e+07
9.381744701761730587e-01 1.951188318529289588e+07
9.819414451753946116e-01 1.808004949863769859e+07
1.027750202552496051e+00 1.639557984006887488e+07
1.075695993927647365e+00 1.533656647325008921e+07
1.125878514524432994e+00 1.406873766020201892e+07
1.178402110469330522e+00 1.321039878708307818e+07
1.233375995761962995e+00 1.208489109831168689e+07
1.290914479367274659e+00 1.123340793316184916e+07
1.351137202901832923e+00 1.038122359300562181e+07
1.414169389408483246e+00 9.575886108470756561e+06
1.480142103736643344e+00 8.774185446431880817e+06
1.549192525069651882e+00 8.071635973421569914e+06
1.621464232165851449e+00 7.430918169314665720e+06
1.697107501906508942e+00 6.786256334710068069e+06
1.776279621771362560e+00 6.282738478738176636e+06
1.859145216891527452e+00 5.734403574428468943e+06
1.945876592359817581e+00 5.154777653013143688e+06
2.036654091510258002e+00 4.727574548593942076e+06
2.131666470911770972e+00 4.321327163628991693e+06
2.231111292855769257e+00 3.942812840084617492e+06
2.335195336153773393e+00 3.569646990642143879e+06
2.444135026099235386e+00 3.257370506332563702e+06
2.558156884487600369e+00 2.970643753710657824e+06
2.677498000630348152e+00 2.709650917293190025e+06
2.802406524342412553e+00 2.463793387320144568e+06
2.933142181928062087e+00 2.242197079674530309e+06
