3.069976816238139533e-02 1.063907779319659591e+09
3.213194951921637121e-02 7.232752617474189997e+08
3.363094387046929729e-02 1.346315877174631596e+09
3.519986812322865172e-02 1.078230303869828701e+09
3.684198459207260745e-02 8.463846800315757990e+08
3.856070778250449138e-02 1.212947416749504566e+09
4.035961149084377197e-02 7.722025877602312565e+08
4.224243623533543990e-02 7.796219282803525925e+08
4.421309703392971302e-02 6.951450782113162279e+08
4.627569154490460829e-02 6.645086273132815361e+08
4.843450858725836805e-02 5.620303688817757368e+08
5.069403705858849252e-02 6.426190031984187365e+08
5.305897526900069106e-02 5.663166339538539648e+08
5.553424071045594268e-02 4.636926368721275926e+08
5.812498028186940946e-02 7.547836554648901224e+08
6.083658099122266766e-02 5.586062480452942848e+08
6.367468115694234487e-02 5.730955632000761032e+08
6.664518213183667772e-02 6.312438950648772717e+08
6.975426057396794111e-02 5.328191456372103691e+08
7.300838128997587384e-02 4.933546564756280780e+08
7.641431067755764805e-02 4.103644080770569444e+08
7.997913079505601652e-02 4.061900466893543005e+08
8.371025408741054885e-02 3.916062971561959982e+08
8.761543879909236554e-02 3.927946084330686331e+08
9.170280510607109470e-02 3.473518470859406590e+08
9.598085200035742781e-02 3.326291984433052540e+08
1.004584749622301765e-01 3.346311242662777305e+08
1.051449844568940195e-01 3.098000393952412605e+08
1.100501252940287722e-01 3.097629335748885274e+08
1.151840968904851020e-01 2.816658950739082098e+08
1.205575744782594882e-01 2.938967978214763403e+08
1.261817313018468445e-01 2.635432177249582410e+08
1.320682618511266337e-01 2.575012453901450336e+08
1.382294061780912076e-01 2.446549752776713073e+08
1.446779753479788821e-01 2.270914324044421017e+08
1.514273780777332656e-01 2.109388787224977612e+08
1.584916486171791816e-01 2.207140297152693570e+08
1.658854759308886484e-01 1.874944529725407362e+08
1.736242342414167639e-01 1.753030434160759151e+08
1.817240149974163610e-01 1.727872262922778428e+08
1.902016603331038169e-01 1.602744051299490631e+08
1.990747980886495849e-01 1.487135822955316305e+08
2.083618784643124222e-01 1.417885794549095333e+08
2.180822123845329585e-01 1.271579354171416610e+08
2.282560116517592663e-01 1.220140058052621037e+08
2.389044309734965343e-01 1.172569310318174362e+08
2.500496119499697190e-01 1.089889386814845055e+08
2.617147291138638421e-01 9.862848369213399291e+07
2.739240381178740802e-01 9.570615173498806357e+07
2.867029261702632170e-01 9.296453123606154323e+07
3.000779648232989039e-01 8.455642768253172934e+07
3.140769652243355914e-01 8.145556147834073007e+07
3.287290359444262067e-01 7.278820897264629602e+07
3.440646435047088891e-01 6.974028592688632011e+07
3.601156757264223351e-01 6.189204944927405566e+07
3.769155080362766030e-01 5.785892249809264392e+07
3.944990728650497602e-01 5.476290272064018995e+07
4.129029322837124427e-01 4.780778947979775071e+07
4.321653540281166217e-01 4.347814987595517188e+07
4.523263910703274604e-01 3.932806427736262232e+07
4.734279649020536884e-01 3.476644828311983496e+07
4.955139527033520785e-01 3.295893665895908698e+07
5.186302785778565960e-01 2.811917267948892713e+07
5.428250090442419129e-01 2.712462109637740254e+07
5.681484529824789576e-01 2.427352847517164797e+07
5.946532662427046478e-01 2.289116397787651792e+07
6.223945611342215356e-01 2.044465416731591150e+07
6.514300210222929710e-01 1.919051511302004755e+07
6.818200202710160696e-01 1.834909266278873384e+07
7.136277497816758686e-01 1.800903101900543272e+07
7.469193483876155337e-01 1.657967077726999111e+07
7.817640403788362891e-01 1.527612113675010763e+07
8.182342794422867716e-01 1.465648866265690699e+07
8.564058993171398404e-01 1.333764165553447604e+07
8.963582714783228100e-01 1.212977524606269225e+07
9.381744701761730587e-01 1.092167054506003298e+07
9.819414451753946116e-01 9.799193814354239032e+06
1.027750202552496051e+00 8.718804332760304213e+06
1.075695993927647365e+00 8.036938647268889472e+06
1.125878514524432994e+00 7.451910254641172476e+06
1.178402110469330522e+00 6.689656862946524285e+06
1.233375995761962995e+00 6.337807675322955474e+06
1.290914479367274659e+00 5.878393896455076523e+06
1.351137202901832923e+00 5.537912920865691267e+06
1.414169389408483246e+00 4.946172415921831504e+06
1.480142103736643344e+00 4.438699060438842513e+06
1.549192525069651882e+00 4.086970211188901216e+06
1.621464232165851449e+00 3.654324478819005657e+06
1.697107501906508942e+00 3.348681550500708167e+06
1.776279621771362560e+00 3.216548759037851356e+06
1.859145216891527452e+00 3.130581230993604288e+06
1.945876592359817581e+00 2.909834420989877079e+06
2.036654091510258002e+00 2.714657019150468986e+06
2.131666470911770972e+00 2.585301403012635652e+06
2.231111292855769257e+00 2.452138592936578672e+06
2.335195336153773393e+00 2.451764419495008420e+06
2.444135026099235386e+00 2.428785029708145652e+06
2.558156884487600369e+00 2.271442078958363738e+06
2.677498000630348152e+00 2.180407846042217687e+06
2.802406524342412553e+00 2.108386662008733954e+06
2.933142181928062087e+00 1.794171867287295172e+06
