3.069976816238139533e-02 9.421371520592052937e+08
3.213194951921637121e-02 1.145417279584377527e+09
3.363094387046929729e-02 8.902547313076043129e+08
3.519986812322865172e-02 1.029761752229372144e+09
3.684198459207260745e-02 1.061556950906982183e+09
3.856070778250449138e-02 9.362860153781479597e+08
4.035961149084377197e-02 8.200505972513276339e+08
4.224243623533543990e-02 8.049233480204943419e+08
4.421309703392971302e-02 7.529047408607683182e+08
4.627569154490460829e-02 5.705054419036879539e+08
4.843450858725836805e-02 5.403875018144662380e+08
5.069403705858849252e-02 6.033312084648758173e+08
5.305897526900069106e-02 3.964652016888804436e+08
5.553424071045594268e-02 6.014420188268660307e+08
5.812498028186940946e-02 6.451334461624137163e+08
6.083658099122266766e-02 5.298419181417182088e+08
6.367468115694234487e-02 6.206574905078361034e+08
6.664518213183667772e-02 5.161482798935478330e+08
6.975426057396794111e-02 5.330967877336013317e+08
7.300838128997587384e-02 4.138467276446022987e+08
7.641431067755764805e-02 4.059772601414040327e+08
7.997913079505601652e-02 4.276122741374411583e+08
8.371025408741054885e-02 3.900093713925438523e+08
8.761543879909236554e-02 4.194668995780951381e+08
9.170280510607109470e-02 3.387208524531028867e+08
9.598085200035742781e-02 3.843114887595500946e+08
1.004584749622301765e-01 4.027452104903784990e+08
1.051449844568940195e-01 3.581910633504533172e+08
1.100501252940287722e-01 2.810670827549002171e+08
1.151840968904851020e-01 3.506324977234731317e+08
1.205575744782594882e-01 2.952664576557006836e+08
1.261817313018468445e-01 2.795459652394313216e+08
1.320682618511266337e-01 2.509142805234246552e+08
1.382294061780912076e-01 2.416723262387379110e+08
1.446779753479788821e-01 2.465652025232611895e+08
1.514273780777332656e-01 2.058400009951484799e+08
1.584916486171791816e-01 2.082804862561389804e+08
1.658854759308886484e-01 1.955751650938054323e+08
1.736242342414167639e-01 1.857799523982267380e+08
1.817240149974163610e-01 1.946337791679990292e+08
1.902016603331038169e-01 1.631253238389268517e+08
1.990747980886495849e-01 1.719421701198148429e+08
2.083618784643124222e-01 1.554508797396742105e+08
2.180822123845329585e-01 1.485787806918796301e+08
2.282560116517592663e-01 1.398483184559995830e+08
2.389044309734965343e-01 1.246033550886401534e+08
2.500496119499697190e-01 1.303140743551376611e+08
2.617147291138638421e-01 1.217941337669990808e+08
2.739240381178740802e-01 1.089347377224819660e+08
2.867029261702632170e-01 1.007283681040945053e+08
3.000779648232989039e-01 9.708133192618437111e+07
3.140769652243355914e-01 9.172523494146916270e+07
3.287290359444262067e-01 8.057686768165014684e+07
3.440646435047088891e-01 7.179944601491686702e+07
3.601156757264223351e-01 6.749513758104936779e+07
3.769155080362766030e-01 6.506440831939899176e+07
3.944990728650497602e-01 5.901611140292312205e+07
4.129029322837124427e-01 5.752779991698714346e+07
4.321653540281166217e-01 5.317364391773790866e+07
4.523263910703274604e-01 5.032033211490293592e+07
4.734279649020536884e-01 4.652684654800666124e+07
4.955139527033520785e-01 4.400562349571034312e+07
5.186302785778565960e-01 3.910585560490956157e+07
5.428250090442419129e-01 3.449855926494737715e+07
5.681484529824789576e-01 3.430355503570006043e+07
5.946532662427046478e-01 3.169315192292220518e+07
6.223945611342215356e-01 2.970895553257244080e+07
6.514300210222929710e-01 2.853672389874878898e+07
6.818200202710160696e-01 2.665772895115053654e+07
7.136277497816758686e-01 2.450849305306951702e+07
7.469193483876155337e-01 2.282749015249671414e+07
7.817640403788362891e-01 2.072552491053111851e+07
8.182342794422867716e-01 1.961500904538282007e+07
8.564058993171398404e-01 1.826345161069943011e+07
8.963582714783228100e-01 1.662924770720915869e+07
9.381744701761730587e-01 1.492751177274362557e+07
9.819414451753946116e-01 1.408138373128683679e+07
1.027750202552496051e+00 1.288854013633864745e+07
1.075695993927647365e+00 1.149181929588665254e+07
1.125878514524432994e+00 1.076450873700504377e+07
1.178402110469330522e+00 1.007792701460101083e+07
1.233375995761962995e+00 9.255628341398285702e+06
1.290914479367274659e+00 8.644090107412803918e+06
1.351137202901832923e+00 8.216418627840274014e+06
1.414169389408483246e+00 7.491925369356149808e+06
1.480142103736643344e+00 6.834188456855335273e+06
1.549192525069651882e+00 6.318685508954893798e+06
1.621464232165851449e+00 5.626073219809169881e+06
1.697107501906508942e+00 5.093646897144094110e+06
1.776279621771362560e+00 4.604521125753094442e+06
1.859145216891527452e+00 4.118941248000439256e+06
1.945876592359817581e+00 3.688115677112005185e+06
2.036654091510258002e+00 3.315624759597522672e+06
2.131666470911770972e+00 3.050989490998707246e+06
2.231111292855769257e+00 2.740232689211372752e+06
2.335195336153773393e+00 2.528314008890688885e+06
2.444135026099235386e+00 2.304288612686008215e+06
2.558156884487600369e+00 2.142896479419922456e+06
2.677498000630348152e+00 2.022926301683155354e+06
2.802406524342412553e+00 1.905310189718766138e+06
2.933142181928062087e+00 1.781987409536903258e+06
