3.069976816238139533e-02 6.600367815312606096e+08
3.213194951921637121e-02 8.019056258323502541e+08
3.363094387046929729e-02 1.071674835137186289e+09
3.519986812322865172e-02 8.618439856811043024e+08
3.684198459207260745e-02 5.909815933927261829e+08
3.856070778250449138e-02 6.903275856386538744e+08
4.035961149084377197e-02 6.973710881335241795e+08
4.224243623533543990e-02 9.097196219685143232e+08
4.421309703392971302e-02 6.550654953024035692e+08
4.627569154490460829e-02 5.348325444007946253e+08
4.843450858725836805e-02 6.161421036636385918e+08
5.069403705858849252e-02 6.546122353288264275e+08
5.305897526900069106e-02 5.606037658484737873e+08
5.553424071045594268e-02 6.882234848794602156e+08
5.812498028186940946e-02 6.772083362988761663e+08
6.083658099122266766e-02 6.029157575771588087e+08
6.367468115694234487e-02 5.076806302281672359e+08
6.664518213183667772e-02 5.209978245703658462e+08
6.975426057396794111e-02 5.618722024039959908e+08
7.300838128997587384e-02 5.419837681486604214e+08
7.641431067755764805e-02 4.669532223287974596e+08
7.997913079505601652e-02 4.468527601187029481e+08
8.371025408741054885e-02 4.509523872564463615e+08
8.761543879909236554e-02 3.968868372492430210e+08
9.170280510607109470e-02 3.816226961865532398e+08
9.598085200035742781e-02 4.300781353641595244e+08
1.004584749622301765e-01 4.012140591669139266e+08
1.051449844568940195e-01 4.078495724570385218e+08
1.100501252940287722e-01 3.793349687671359777e+08
1.151840968904851020e-01 3.893488104447656870e+08
1.205575744782594882e-01 3.494068104004006982e+08
1.261817313018468445e-01 3.259066431264103055e+08
1.320682618511266337e-01 3.027279121801152229e+08
1.382294061780912076e-01 2.908493740167351365e+08
1.446779753479788821e-01 2.868152408085073829e+08
1.514273780777332656e-01 2.695406678894262910e+08
1.584916486171791816e-01 2.618097824066275656e+08
1.658854759308886484e-01 2.472348360537431240e+08
1.736242342414167639e-01 2.260033890781142116e+08
1.817240149974163610e-01 2.154352056808321476e+08
1.902016603331038169e-01 2.130196493319078684e+08
1.990747980886495849e-01 2.014031909262298644e+08
2.083618784643124222e-01 1.831949795324252248e+08
2.180822123845329585e-01 1.904092701701443493e+08
2.282560116517592663e-01 1.688919910244022906e+08
2.389044309734965343e-01 1.662397045800367594e+08
2.500496119499697190e-01 1.535985085518069863e+08
2.617147291138638421e-01 1.438238637251594663e+08
2.739240381178740802e-01 1.291526271913895905e+08
2.867029261702632170e-01 1.218005905743073970e+08
3.000779648232989039e-01 1.129620068284372836e+08
3.140769652243355914e-01 1.091312907600287050e+08
3.287290359444262067e-01 9.946272361152862012e+07
3.440646435047088891e-01 9.267522280641944706e+07
3.601156757264223351e-01 8.918707049026781321e+07
3.769155080362766030e-01 8.157417962445490062e+07
3.944990728650497602e-01 7.993400410843858123e+07
4.129029322837124427e-01 7.195143869925175607e+07
4.321653540281166217e-01 6.693092253774281591e+07
4.523263910703274604e-01 6.465358711800178140e+07
4.734279649020536884e-01 5.944656933353698999e+07
4.955139527033520785e-01 5.419692288845100999e+07
5.186302785778565960e-01 5.137739124909289926e+07
5.428250090442419129e-01 4.858472854165129364e+07
5.681484529824789576e-01 4.505134900834205747e+07
5.946532662427046478e-01 4.208103758153506368e+07
6.223945611342215356e-01 3.950812189610990137e+07
6.514300210222929710e-01 3.650729513998530805e+07
6.818200202710160696e-01 3.408590536824649572e+07
7.136277497816758686e-01 3.164784669026865810e+07
7.469193483876155337e-01 2.933080981456828117e+07
7.817640403788362891e-01 2.703865123777180165e+07
8.182342794422867716e-01 2.530506191074463725e+07
8.564058993171398404e-01 2.291627159051927179e+07
8.963582714783228100e-01 2.153423910217418894e+07
9.381744701761730587e-01 1.967520551875996217e+07
9.819414451753946116e-01 1.821132715906793624e+07
1.027750202552496051e+00 1.659970873763556592e+07
1.075695993927647365e+00 1.576117194570861943e+07
1.125878514524432994e+00 1.431217325616036169e+07
1.178402110469330522e+00 1.318263437138196826e+07
1.233375995761962995e+00 1.242697254099128209e+07
1.290914479367274659e+00 1.141602896292595565e+07
1.351137202901832923e+00 1.056173691273655556e+07
1.414169389408483246e+00 9.643062629444807768e+06
1.480142103736643344e+00 8.948824942735964432e+06
1.549192525069651882e+00 8.295098890833204612e+06
1.621464232165851449e+00 7.577147234632384963e+06
1.697107501906508942e+00 6.882856110956219025e+06
1.776279621771362560e+00 6.286175250002051704e+06
1.859145216891527452e+00 5.763651862897868268e+06
1.945876592359817581e+00 5.243433167081756517e+06
2.036654091510258002e+00 4.707373279249423184e+06
2.131666470911770972e+00 4.322541959194426425e+06
2.231111292855769257e+00 3.883592711287437007e+06
2.335195336153773393e+00 3.612468969972879160e+06
2.444135026099235386e+00 3.247377634557580575e+06
2.558156884487600369e+00 2.995893424664529506e+06
2.677498000630348152e+00 2.751482018382131588e+06
2.802406524342412553e+00 2.513934942552773282e+06
2.933142181928062087e+00 2.285582187763229478e+06
