3.069976816238139533e-02 1.234147807077599764e+09
3.213194951921637121e-02 9.227408474691118002e+08
3.363094387046929729e-02 9.394985080631728172e+08
3.519986812322865172e-02 7.638788743584287167e+08
3.684198459207260745e-02 1.158792277846238852e+09
3.856070778250449138e-02 8.983376066997803450e+08
4.035961149084377197e-02 7.679135909144110680e+08
4.224243623533543990e-02 7.116565105931051970e+08
4.421309703392971302e-02 8.734776511660759449e+08
4.627569154490460829e-02 6.068469166029027700e+08
4.843450858725836805e-02 5.411399089422585964e+08
5.069403705858849252e-02 6.599398711664085388e+08
5.305897526900069106e-02 5.971104990104243755e+08
5.553424071045594268e-02 5.505562493702527285e+08
5.812498028186940946e-02 6.101952771331502199e+08
6.083658099122266766e-02 5.765080339576246738e+08
6.367468115694234487e-02 4.899461641936684847e+08
6.664518213183667772e-02 5.119373315685329437e+08
6.975426057396794111e-02 4.841835680076297522e+08
7.300838128997587384e-02 4.583559938112580776e+08
7.641431067755764805e-02 4.190734974356835485e+08
7.997913079505601652e-02 4.042182495300757885e+08
8.371025408741054885e-02 4.049991811445585489e+08
8.761543879909236554e-02 3.732622679464415908e+08
9.170280510607109470e-02 3.442819905548885465e+08
9.598085200035742781e-02 3.312399865878449678e+08
1.004584749622301765e-01 3.430302862157819271e+08
1.051449844568940195e-01 3.395212586482039094e+08
1.100501252940287722e-01 3.027886380365737677e+08
1.151840968904851020e-01 3.240873415757560730e+08
1.205575744782594882e-01 3.261043253197120428e+08
1.261817313018468445e-01 2.966561852259184718e+08
1.320682618511266337e-01 2.360549782419447899e+08
1.382294061780912076e-01 2.600952269448132217e+08
1.446779753479788821e-01 2.328883630799980164e+08
1.514273780777332656e-01 2.321426259991454780e+08
1.584916486171791816e-01 2.157475083250778615e+08
1.658854759308886484e-01 1.977263440234519839e+08
1.736242342414167639e-01 1.888666549316042662e+08
1.817240149974163610e-01 1.696239113464686275e+08
1.902016603331038169e-01 1.724909983226090968e+08
1.990747980886495849e-01 1.651575355933967233e+08
2.083618784643124222e-01 1.449267276975801587e+08
2.180822123845329585e-01 1.341874049817152321e+08
2.282560116517592663e-01 1.301679748827818781e+08
2.389044309734965343e-01 1.197431296496193707e+08
2.500496119499697190e-01 1.149708510694141090e+08
2.617147291138638421e-01 1.105565270850640237e+08
2.739240381178740802e-01 9.947209148116707802e+07
2.867029261702632170e-01 9.244121409580470622e+07
3.000779648232989039e-01 8.563585548580905795e+07
3.140769652243355914e-01 8.478062504512041807e+07
3.287290359444262067e-01 7.704941436915135384e+07
3.440646435047088891e-01 7.328410252470552921e+07
3.601156757264223351e-01 6.590639664476450533e+07
3.769155080362766030e-01 6.199745644937901199e+07
3.944990728650497602e-01 5.522545711322066933e+07
4.129029322837124427e-01 5.552430915911164880e+07
4.321653540281166217e-01 4.918475042890889198e+07
4.523263910703274604e-01 4.766613936449469626e+07
4.734279649020536884e-01 4.147661746960691363e+07
4.955139527033520785e-01 4.017384223180700094e+07
5.186302785778565960e-01 3.764528215755191445e+07
5.428250090442419129e-01 3.516110973727048934e+07
5.681484529824789576e-01 3.266305358143420890e+07
5.946532662427046478e-01 3.072296611180850863e+07
6.223945611342215356e-01 2.877200605560161918e+07
6.514300210222929710e-01 2.699746976176423207e+07
6.818200202710160696e-01 2.588308328827308118e+07
7.136277497816758686e-01 2.311261610144325346e+07
7.469193483876155337e-01 2.184620846851919219e+07
7.817640403788362891e-01 1.986135235004380718e+07
8.182342794422867716e-01 1.889947178475603834e+07
8.564058993171398404e-01 1.709882457185189426e+07
8.963582714783228100e-01 1.546968395242985524e+07
9.381744701761730587e-01 1.426402488259941526e+07
9.819414451753946116e-01 1.304054127462050132e+07
1.027750202552496051e+00 1.202940681642358005e+07
1.075695993927647365e+00 1.108818372087776102e+07
1.125878514524432994e+00 1.007286424023748003e+07
1.178402110469330522e+00 9.128392350391399115e+06
1.233375995761962995e+00 8.187606736561276950e+06
1.290914479367274659e+00 7.480111158900863491e+06
1.351137202901832923e+00 6.921678498928376473e+06
1.414169389408483246e+00 6.252552501333850436e+06
1.480142103736643344e+00 5.933199613128889352e+06
1.549192525069651882e+00 5.539441639147787355e+06
1.621464232165851449e+00 5.025854053442955017e+06
1.697107501906508942e+00 4.701796909169229679e+06
1.776279621771362560e+00 4.275681683494034223e+06
1.859145216891527452e+00 3.964451678934172727e+06
1.945876592359817581e+00 3.691447398596686777e+06
2.036654091510258002e+00 3.350624134909330867e+06
2.131666470911770972e+00 3.083996687440960202e+06
2.231111292855769257e+00 2.819968663476248737e+06
2.335195336153773393e+00 2.568477837964754086e+06
2.444135026099235386e+00 2.337099538275492843e+06
2.558156884487600369e+00 2.137806660838209093e+06
2.677498000630348152e+00 2.009560118057078216e+06
2.802406524342412553e+00 1.831203912060518516e+06
2.933142181928062087e+00 1.672498603305949131e+06
