3.069976816238139533e-02 4.460483570607769489e+08
3.213194951921637121e-02 6.259938611592003107e+08
3.363094387046929729e-02 6.949374576678864956e+08
3.519986812322865172e-02 6.622730964191832542e+08
3.684198459207260745e-02 4.319258035646542311e+08
3.856070778250449138e-02 6.659528247276173830e+08
4.035961149084377197e-02 6.116350994717508554e+08
4.224243623533543990e-02 5.971693092558894157e+08
4.421309703392971302e-02 7.006704618332276344e+08
4.627569154490460829e-02 6.317598892185014486e+08
4.843450858725836805e-02 5.342664092488659620e+08
5.069403705858849252e-02 5.087129184569860697e+08
5.305897526900069106e-02 5.626859841889188290e+08
5.553424071045594268e-02 5.668663212363424301e+08
5.812498028186940946e-02 5.145643483933691978e+08
6.083658099122266766e-02 5.515812398175694942e+08
6.367468115694234487e-02 4.337552217257127166e+08
6.664518213183667772e-02 5.323866959468593001e+08
6.975426057396794111e-02 5.896118957583591938e+08
7.300838128997587384e-02 5.273002197869443893e+08
7.641431067755764805e-02 4.786545177849939466e+08
7.997913079505601652e-02 4.933940271062489152e+08
8.371025408741054885e-02 4.554636571583755016e+08
8.761543879909236554e-02 4.303503533411111832e+08
9.170280510607109470e-02 4.623546440353558064e+08
9.598085200035742781e-02 3.942522092290608287e+08
1.004584749622301765e-01 4.293120676285923719e+08
1.051449844568940195e-01 3.860024341136962175e+08
1.100501252940287722e-01 3.413191989268050194e+08
1.151840968904851020e-01 3.428695748533686399e+08
1.205575744782594882e-01 3.378978030290543437e+08
1.261817313018468445e-01 3.139729620275533199e+08
1.320682618511266337e-01 3.291506816950795054e+08
1.382294061780912076e-01 3.006188504205133915e+08
1.446779753479788821e-01 2.825433326540834308e+08
1.514273780777332656e-01 2.936503365521610975e+08
1.584916486171791816e-01 2.415700275251157284e+08
1.658854759308886484e-01 2.492572787819535136e+08
1.736242342414167639e-01 2.380204475512554049e+08
1.817240149974163610e-01 2.275428660722590089e+08
1.902016603331038169e-01 2.077585724804750681e+08
1.990747980886495849e-01 2.044417407485158145e+08
2.083618784643124222e-01 1.928545960733551383e+08
2.180822123845329585e-01 1.816266740768717229e+08
2.282560116517592663e-01 1.773046762297011912e+08
2.389044309734965343e-01 1.664173284393241405e+08
2.500496119499697190e-01 1.479017483953314424e+08
2.617147291138638421e-01 1.403466252751633823e+08
2.739240381178740802e-01 1.234284729962842911e+08
2.867029261702632170e-01 1.209221267939351648e+08
3.000779648232989039e-01 1.191045417914437056e+08
3.140769652243355914e-01 1.034102675973690748e+08
3.287290359444262067e-01 9.972221672541201115e+07
3.440646435047088891e-01 9.279396482577906549e+07
3.601156757264223351e-01 8.756814384108655155e+07
3.769155080362766030e-01 8.101002099928346276e+07
3.944990728650497602e-01 7.763783431349214911e+07
4.129029322837124427e-01 6.989004505502864718e+07
4.321653540281166217e-01 6.971462394133631885e+07
4.523263910703274604e-01 6.146622590486723930e+07
4.734279649020536884e-01 5.808109832691369206e+07
4.955139527033520785e-01 5.670718579738993198e+07
5.186302785778565960e-01 5.012375539231345057e+07
5.428250090442419129e-01 4.757519532752156258e+07
5.681484529824789576e-01 4.496113170841847360e+07
5.946532662427046478e-01 4.110353306068740040e+07
6.223945611342215356e-01 3.800181093843556941e+07
6.514300210222929710e-01 3.622870168636334687e+07
6.818200202710160696e-01 3.298158740522685647e+07
7.136277497816758686e-01 3.105521181285743788e+07
7.469193483876155337e-01 2.846356719595674053e+07
7.817640403788362891e-01 2.654930865209381655e+07
8.182342794422867716e-01 2.488482619392359257e+07
8.564058993171398404e-01 2.266402914706098661e+07
8.963582714783228100e-01 2.099440109809030592e+07
9.381744701761730587e-01 1.962226294000870734e+07
9.819414451753946116e-01 1.813244916887189448e+07
1.027750202552496051e+00 1.643889947939261049e+07
1.075695993927647365e+00 1.547066814024109393e+07
1.125878514524432994e+00 1.417761116588581912e+07
1.178402110469330522e+00 1.326912371256742068e+07
1.233375995761962995e+00 1.235183181401774660e+07
1.290914479367274659e+00 1.135756453344926424e+07
1.351137202901832923e+00 1.044143038890968449e+07
1.414169389408483246e+00 9.682547148860249668e+06
1.480142103736643344e+00 8.849133142698831856e+06
1.549192525069651882e+00 8.155675137198672630e+06
1.621464232165851449e+00 7.439188437073835172e+06
1.697107501906508942e+00 6.832562120471632108e+06
1.776279621771362560e+00 6.250448394451657310e+06
1.859145216891527452e+00 5.685632212175347842e+06
1.945876592359817581e+00 5.143710695048669353e+06
2.036654091510258002e+00 4.720306435844697058e+06
2.131666470911770972e+00 4.252471559467630461e+06
2.231111292855769257e+00 3.851856507657158189e+06
2.335195336153773393e+00 3.577629730012202635e+06
2.444135026099235386e+00 3.189079230400570203e+06
2.558156884487600369e+00 2.938714490170420147e+06
2.677498000630348152e+00 2.637030414609538857e+06
2.802406524342412553e+00 2.425859948075834196e+06
2.933142181928062087e+00 2.209076263638344593e+06
