3.069976816238139533e-02 5.581212850712760687e+08
3.213194951921637121e-02 9.002538785792900324e+08
3.363094387046929729e-02 9.241559370649452209e+08
3.519986812322865172e-02 7.664058465481274128e+08
3.684198459207260745e-02 9.897100019890358448e+08
3.856070778250449138e-02 5.592631419982036352e+08
4.035961149084377197e-02 7.017843479355044365e+08
4.224243623533543990e-02 8.520847582733901739e+08
4.421309703392971302e-02 6.465255134769582748e+08
4.627569154490460829e-02 5.953270378336236477e+08
4.843450858725836805e-02 6.271493018052713871e+08
5.069403705858849252e-02 6.702884677426183224e+08
5.305897526900069106e-02 6.011189295965427160e+08
5.553424071045594268e-02 5.031197548284554482e+08
5.812498028186940946e-02 6.483793779026824236e+08
6.083658099122266766e-02 5.114648736354522109e+08
6.367468115694234487e-02 4.134419628288065195e+08
6.664518213183667772e-02 4.696014467023981810e+08
6.975426057396794111e-02 4.598639411286895871e+08
7.300838128997587384e-02 4.200543757584863305e+08
7.641431067755764805e-02 4.331286428184500337e+08
7.997913079505601652e-02 4.555273887737830281e+08
8.371025408741054885e-02 3.819956657574133277e+08
8.761543879909236554e-02 3.268944503136164546e+08
9.170280510607109470e-02 4.266071806615582705e+08
9.598085200035742781e-02 3.975978262771590352e+08
1.004584749622301765e-01 3.262329098928650618e+08
1.051449844568940195e-01 3.057054225632482171e+08
1.100501252940287722e-01 3.301681435905257463e+08
1.151840968904851020e-01 2.907812635913172960e+08
1.205575744782594882e-01 2.756827216654086113e+08
1.261817313018468445e-01 2.582408622479434907e+08
1.320682618511266337e-01 2.441333964451253712e+08
1.382294061780912076e-01 2.520554623531529307e+08
1.446779753479788821e-01 2.276400966538166106e+08
1.514273780777332656e-01 2.179748878018717766e+08
1.584916486171791816e-01 1.990084611841101348e+08
1.658854759308886484e-01 2.075458491262581944e+08
1.736242342414167639e-01 1.971449484947865605e+08
1.817240149974163610e-01 1.713639295301020443e+08
1.902016603331038169e-01 1.689580464693239927e+08
1.990747980886495849e-01 1.516683933674064577e+08
2.083618784643124222e-01 1.493068616794619560e+08
2.180822123845329585e-01 1.458990642071956396e+08
2.282560116517592663e-01 1.294459890726882964e+08
2.389044309734965343e-01 1.162494892926728725e+08
2.500496119499697190e-01 1.205759952843491882e+08
2.617147291138638421e-01 1.186977325352269709e+08
2.739240381178740802e-01 1.090742929046485722e+08
2.867029261702632170e-01 9.654985338907417655e+07
3.000779648232989039e-01 8.540758937205161154e+07
3.140769652243355914e-01 8.301629932858946919e+07
3.287290359444262067e-01 7.119697858825008571e+07
3.440646435047088891e-01 6.492494015209752321e+07
3.601156757264223351e-01 5.695935707060638815e+07
3.769155080362766030e-01 5.199749690135183930e+07
3.944990728650497602e-01 4.719162328373479098e+07
4.129029322837124427e-01 4.230712858974476904e+07
4.321653540281166217e-01 3.879637999166663736e+07
4.523263910703274604e-01 3.693326686757253855e+07
4.734279649020536884e-01 3.332096044332880154e+07
4.955139527033520785e-01 3.119866385025013611e+07
5.186302785778565960e-01 2.818393284693953767e+07
5.428250090442419129e-01 2.760284816001441702e+07
5.681484529824789576e-01 2.593663624422997981e+07
5.946532662427046478e-01 2.327681097579293326e+07
6.223945611342215356e-01 2.208394742172041163e+07
6.514300210222929710e-01 2.025527192965852097e+07
6.818200202710160696e-01 1.907184707048149779e+07
7.136277497816758686e-01 1.778354910078141093e+07
7.469193483876155337e-01 1.656314326742176339e+07
7.817640403788362891e-01 1.545238941522564925e+07
8.182342794422867716e-01 1.354010943057728745e+07
8.564058993171398404e-01 1.228273337119900621e+07
8.963582714783228100e-01 1.118832951318054460e+07
9.381744701761730587e-01 1.007397509625614807e+07
9.819414451753946116e-01 9.204889292177399620e+06
1.027750202552496051e+00 8.538638317366205156e+06
1.075695993927647365e+00 8.193875879531046376e+06
1.125878514524432994e+00 7.479918603344403207e+06
1.178402110469330522e+00 6.768413834303951822e+06
1.233375995761962995e+00 6.114594503245678730e+06
1.290914479367274659e+00 5.527337156184771098e+06
1.351137202901832923e+00 4.938262149198181927e+06
1.414169389408483246e+00 4.460038263166932389e+06
1.480142103736643344e+00 4.041586825297729112e+06
1.549192525069651882e+00 3.763510102649944369e+06
1.621464232165851449e+00 3.564084278473999817e+06
1.697107501906508942e+00 3.200976440726890229e+06
1.776279621771362560e+00 3.106366466420041397e+06
1.859145216891527452e+00 2.876889166229338851e+06
1.945876592359817581e+00 2.632351073949428275e+06
2.036654091510258002e+00 2.450676489472724497e+06
2.131666470911770972e+00 2.318051082282849588e+06
2.231111292855769257e+00 2.182325102092167363e+06
2.335195336153773393e+00 2.143787391471515410e+06
2.444135026099235386e+00 2.138518691185863689e+06
2.558156884487600369e+00 2.019926757746044314e+06
2.677498000630348152e+00 1.895108404983992223e+06
2.802406524342412553e+00 1.717695679761401145e+06
2.933142181928062087e+00 1.588302971961011877e+06
