3.069976816238139533e-02 8.770140636117303371e+08
3.213194951921637121e-02 7.541098090027500391e+08
3.363094387046929729e-02 1.085227090635070562e+09
3.519986812322865172e-02 7.486026124687210321e+08
3.684198459207260745e-02 8.344614946295492649e+08
3.856070778250449138e-02 8.355281925781307220e+08
4.035961149084377197e-02 7.825352931123944521e+08
4.224243623533543990e-02 6.860448107006990910e+08
4.421309703392971302e-02 7.054872234423930645e+08
4.627569154490460829e-02 8.096905186352031231e+08
4.843450858725836805e-02 6.690593895463049412e+08
5.069403705858849252e-02 7.039172181412175894e+08
5.305897526900069106e-02 6.835267564860061407e+08
5.553424071045594268e-02 6.063024592246332169e+08
5.812498028186940946e-02 6.155997528354684114e+08
6.083658099122266766e-02 6.567815678206001520e+08
6.367468115694234487e-02 4.688193603043355346e+08
6.664518213183667772e-02 4.892297940277596712e+08
6.975426057396794111e-02 4.799384686589311361e+08
7.300838128997587384e-02 5.335283152124742270e+08
7.641431067755764805e-02 5.322356911210638285e+08
7.997913079505601652e-02 5.139320729654607177e+08
8.371025408741054885e-02 4.631292405256130695e+08
8.761543879909236554e-02 4.210578906413858533e+08
9.170280510607109470e-02 4.655092691031506658e+08
9.598085200035742781e-02 3.935013100069699287e+08
1.004584749622301765e-01 4.124718669629662633e+08
1.051449844568940195e-01 4.127142630064034462e+08
1.100501252940287722e-01 3.734506064219814539e+08
1.151840968904851020e-01 3.750220338039633632e+08
1.205575744782594882e-01 3.453027547042770386e+08
1.261817313018468445e-01 3.341063831317382455e+08
1.320682618511266337e-01 3.312554198451005816e+08
1.382294061780912076e-01 2.933986055221319199e+08
1.446779753479788821e-01 2.918538493172929883e+08
1.514273780777332656e-01 2.792889702041205764e+08
1.584916486171791816e-01 2.701377918652744293e+08
1.658854759308886484e-01 2.710820683428857327e+08
1.736242342414167639e-01 2.355162580560227633e+08
1.817240149974163610e-01 2.311977396433759630e+08
1.902016603331038169e-01 2.180301055601391494e+08
1.990747980886495849e-01 2.062295789289552569e+08
2.083618784643124222e-01 1.798718509456532001e+08
2.180822123845329585e-01 1.798300284983015358e+08
2.282560116517592663e-01 1.703681324224177897e+08
2.389044309734965343e-01 1.533259266543643177e+08
2.500496119499697190e-01 1.425727059491245747e+08
2.617147291138638421e-01 1.339649886147408038e+08
2.739240381178740802e-01 1.331960160153678358e+08
2.867029261702632170e-01 1.206484406408926696e+08
3.000779648232989039e-01 1.138556015618871897e+08
3.140769652243355914e-01 1.058241272919071168e+08
3.287290359444262067e-01 1.024243759197613299e+08
3.440646435047088891e-01 9.272965382066340744e+07
3.601156757264223351e-01 9.041534624563047290e+07
3.769155080362766030e-01 8.842415216523201764e+07
3.944990728650497602e-01 8.181257182967759669e+07
4.129029322837124427e-01 7.439802501230011880e+07
4.321653540281166217e-01 7.171109761405748129e+07
4.523263910703274604e-01 6.759976444168958068e+07
4.734279649020536884e-01 6.330982818951070309e+07
4.955139527033520785e-01 5.973424513195688277e+07
5.186302785778565960e-01 5.540390439532296360e+07
5.428250090442419129e-01 5.051899736301548779e+07
5.681484529824789576e-01 4.616829156052947789e+07
5.946532662427046478e-01 4.368547664398552477e+07
6.223945611342215356e-01 3.932516872919384390e+07
6.514300210222929710e-01 3.749948587693388015e+07
6.818200202710160696e-01 3.435025093613819033e+07
7.136277497816758686e-01 3.262519768933163956e+07
7.469193483876155337e-01 3.055522367677822337e+07
7.817640403788362891e-01 2.807534206725775078e+07
8.182342794422867716e-01 2.591029149598327279e+07
8.564058993171398404e-01 2.484224547000643238e+07
8.963582714783228100e-01 2.286726145271760598e+07
9.381744701761730587e-01 2.106016327033481002e+07
9.819414451753946116e-01 1.957486569223853573e+07
1.027750202552496051e+00 1.775768528038408607e+07
1.075695993927647365e+00 1.602418226279544085e+07
1.125878514524432994e+00 1.497138803815334663e+07
1.178402110469330522e+00 1.389455871581322886e+07
1.233375995761962995e+00 1.273481420440177806e+07
1.290914479367274659e+00 1.184378275101992674e+07
1.351137202901832923e+00 1.093011771855404787e+07
1.414169389408483246e+00 1.022278549084253237e+07
1.480142103736643344e+00 9.573572230578402057e+06
1.549192525069651882e+00 8.654442833580821753e+06
1.621464232165851449e+00 8.177994766298747621e+06
1.697107501906508942e+00 7.444804198644959368e+06
1.776279621771362560e+00 6.775030387013426982e+06
1.859145216891527452e+00 5.953033261626542546e+06
1.945876592359817581e+00 5.384367453563479707e+06
2.036654091510258002e+00 4.824572580836854875e+06
2.131666470911770972e+00 4.327823412160234526e+06
2.231111292855769257e+00 3.885043093860762659e+06
2.335195336153773393e+00 3.527616794873830862e+06
2.444135026099235386e+00 3.261285211542730685e+06
2.558156884487600369e+00 3.002741651849149726e+06
2.677498000630348152e+00 2.739448211127083283e+06
2.802406524342412553e+00 2.534737126347790938e+06
2.933142181928062087e+00 2.317624998831334524e+06
