3.069976816238139533e-02 1.084082929061101198e+09
3.213194951921637121e-02 9.211510063171010017e+08
3.363094387046929729e-02 1.335410586650685310e+09
3.519986812322865172e-02 7.166301655970523357e+08
3.684198459207260745e-02 8.395806640658880472e+08
3.856070778250449138e-02 9.593551933747014999e+08
4.035961149084377197e-02 8.314117098047665358e+08
4.224243623533543990e-02 9.811951062949337959e+08
4.421309703392971302e-02 6.937684542071890831e+08
4.627569154490460829e-02 8.192650944464900494e+08
4.843450858725836805e-02 6.378527839884208441e+08
5.069403705858849252e-02 6.314222603061964512e+08
5.305897526900069106e-02 7.208438640910942554e+08
5.553424071045594268e-02 6.325005292320939302e+08
5.812498028186940946e-02 5.348647340527644753e+08
6.083658099122266766e-02 5.905493271254853010e+08
6.367468115694234487e-02 6.491724792194890976e+08
6.664518213183667772e-02 5.122143307041313648e+08
6.975426057396794111e-02 4.958014695607552528e+08
7.300838128997587384e-02 4.750101305701044798e+08
7.641431067755764805e-02 4.045951577770671844e+08
7.997913079505601652e-02 4.260867516624217629e+08
8.371025408741054885e-02 3.853528402390962839e+08
8.761543879909236554e-02 3.784167419609704018e+08
9.170280510607109470e-02 3.543345365450487137e+08
9.598085200035742781e-02 3.689895651359882951e+08
1.004584749622301765e-01 3.831354557493603230e+08
1.051449844568940195e-01 3.238660514451445341e+08
1.100501252940287722e-01 3.075046846926097274e+08
1.151840968904851020e-01 3.174958684356713295e+08
1.205575744782594882e-01 3.001118139576919675e+08
1.261817313018468445e-01 2.674903760619980097e+08
1.320682618511266337e-01 2.732657909995424747e+08
1.382294061780912076e-01 2.514027646233497560e+08
1.446779753479788821e-01 2.315160005661141276e+08
1.514273780777332656e-01 2.305480798632096946e+08
1.584916486171791816e-01 2.161878421300633550e+08
1.658854759308886484e-01 1.973550558455390036e+08
1.736242342414167639e-01 1.931601949475955963e+08
1.817240149974163610e-01 1.795001158226407468e+08
1.902016603331038169e-01 1.732511154162127078e+08
1.990747980886495849e-01 1.618138167811804116e+08
2.083618784643124222e-01 1.654962869637983739e+08
2.180822123845329585e-01 1.363671875914627314e+08
2.282560116517592663e-01 1.333846554010952860e+08
2.389044309734965343e-01 1.242168039458286464e+08
2.500496119499697190e-01 1.256271902970144153e+08
2.617147291138638421e-01 1.138095843349123001e+08
2.739240381178740802e-01 1.025568741286349744e+08
2.867029261702632170e-01 9.456892845590135455e+07
3.000779648232989039e-01 9.211632756139114499e+07
3.140769652243355914e-01 7.875662707166239619e+07
3.287290359444262067e-01 7.596013524037443101e+07
3.440646435047088891e-01 7.219478246462062001e+07
3.601156757264223351e-01 6.266536557982949167e+07
3.769155080362766030e-01 6.066193896690542251e+07
3.944990728650497602e-01 5.681739370235493779e+07
4.129029322837124427e-01 5.189799816877187788e+07
4.321653540281166217e-01 4.657797443047737330e+07
4.523263910703274604e-01 4.434945342845546454e+07
4.734279649020536884e-01 4.046114195058324933e+07
4.955139527033520785e-01 3.746967117732292414e+07
5.186302785778565960e-01 3.534378929038453847e+07
5.428250090442419129e-01 3.437809861823640764e+07
5.681484529824789576e-01 3.005444189562236890e+07
5.946532662427046478e-01 2.916151308424549177e+07
6.223945611342215356e-01 2.701829365502791107e+07
6.514300210222929710e-01 2.479694192236059532e+07
6.818200202710160696e-01 2.423243030412745848e+07
7.136277497816758686e-01 2.192069597201981023e+07
7.469193483876155337e-01 2.059680218722204119e+07
7.817640403788362891e-01 1.900214959078989550e+07
8.182342794422867716e-01 1.741356548370951787e+07
8.564058993171398404e-01 1.661865602035824023e+07
8.963582714783228100e-01 1.489537650206731074e+07
9.381744701761730587e-01 1.360109532832027413e+07
9.819414451753946116e-01 1.218256575020747446e+07
1.027750202552496051e+00 1.170567717848899961e+07
1.075695993927647365e+00 1.030599404338867776e+07
1.125878514524432994e+00 9.431331118544947356e+06
1.178402110469330522e+00 9.058410382456330582e+06
1.233375995761962995e+00 8.633763145636733621e+06
1.290914479367274659e+00 8.182094647789378650e+06
1.351137202901832923e+00 7.091154316684043966e+06
1.414169389408483246e+00 6.397494307077181526e+06
1.480142103736643344e+00 5.773948008563985117e+06
1.549192525069651882e+00 5.118828705231695436e+06
1.621464232165851449e+00 4.713208376184535213e+06
1.697107501906508942e+00 4.446777048380956985e+06
1.776279621771362560e+00 4.085273028417608701e+06
1.859145216891527452e+00 3.764798337578221224e+06
1.945876592359817581e+00 3.494799849464886822e+06
2.036654091510258002e+00 3.263393479347824585e+06
2.131666470911770972e+00 3.040509933976270724e+06
2.231111292855769257e+00 2.741240430915264878e+06
2.335195336153773393e+00 2.592872387393065263e+06
2.444135026099235386e+00 2.393631552690085024e+06
2.558156884487600369e+00 2.090678504294370534e+06
2.677498000630348152e+00 1.881484134693407454e+06
2.802406524342412553e+00 1.700611397509671748e+06
2.933142181928062087e+00 1.515368772254987387e+06
