3.069976816238139533e-02 1.571018399855492115e+09
3.213194951921637121e-02 1.213914349756068945e+09
3.363094387046929729e-02 1.266303563838861704e+09
3.519986812322865172e-02 1.277188287615697622e+09
3.684198459207260745e-02 1.230345876169726372e+09
3.856070778250449138e-02 1.189787091579213619e+09
4.035961149084377197e-02 1.158612551461209774e+09
4.224243623533543990e-02 1.175858644130209923e+09
4.421309703392971302e-02 8.716155205081362724e+08
4.627569154490460829e-02 1.162984645226838112e+09
4.843450858725836805e-02 1.032833052535268664e+09
5.069403705858849252e-02 9.156132043030340672e+08
5.305897526900069106e-02 9.328058062159736156e+08
5.553424071045594268e-02 7.842148112619438171e+08
5.812498028186940946e-02 7.388279410200929642e+08
6.083658099122266766e-02 6.814525415588630438e+08
6.367468115694234487e-02 8.708711327441670895e+08
6.664518213183667772e-02 7.507878270647604465e+08
6.975426057396794111e-02 7.933034663813307285e+08
7.300838128997587384e-02 6.710574487149608135e+08
7.641431067755764805e-02 5.964509259854530096e+08
7.997913079505601652e-02 5.165349474617335796e+08
8.371025408741054885e-02 5.676751982162619829e+08
8.761543879909236554e-02 5.315745648189855814e+08
9.170280510607109470e-02 4.940575637712028027e+08
9.598085200035742781e-02 5.085900605059066415e+08
1.004584749622301765e-01 4.463709412867914438e+08
1.051449844568940195e-01 4.420666443205575943e+08
1.100501252940287722e-01 4.154065420719067454e+08
1.151840968904851020e-01 4.228553534175359011e+08
1.205575744782594882e-01 3.814485032222252488e+08
1.261817313018468445e-01 3.761152635396643877e+08
1.320682618511266337e-01 3.619068926112540960e+08
1.382294061780912076e-01 3.410920106435058713e+08
1.446779753479788821e-01 3.137473386361705065e+08
1.514273780777332656e-01 3.116618706949070692e+08
1.584916486171791816e-01 2.822009316877779365e+08
1.658854759308886484e-01 2.523778575212173462e+08
1.736242342414167639e-01 2.445743706324531138e+08
1.817240149974163610e-01 2.286022273637422621e+08
1.902016603331038169e-01 2.202821661313693821e+08
1.990747980886495849e-01 1.986316420649188459e+08
2.083618784643124222e-01 1.783932653871017694e+08
2.180822123845329585e-01 1.704536699284834564e+08
2.282560116517592663e-01 1.573042109356788397e+08
2.389044309734965343e-01 1.513995143089055717e+08
2.500496119499697190e-01 1.413534747511557341e+08
2.617147291138638421e-01 1.350327792174371183e+08
2.739240381178740802e-01 1.264465386073247194e+08
2.867029261702632170e-01 1.165724799643659294e+08
3.000779648232989039e-01 1.138298971781790853e+08
3.140769652243355914e-01 1.077912496753350794e+08
3.287290359444262067e-01 9.603439297108489275e+07
3.440646435047088891e-01 8.524781951503184438e+07
3.601156757264223351e-01 7.547947859262712300e+07
3.769155080362766030e-01 7.410454883528393507e+07
3.944990728650497602e-01 6.403761045167367905e+07
4.129029322837124427e-01 5.913868391944330931e+07
4.321653540281166217e-01 5.538813061659359932e+07
4.523263910703274604e-01 5.316265114375890791e+07
4.734279649020536884e-01 4.837656841513945907e+07
4.955139527033520785e-01 4.664073842142356932e+07
5.186302785778565960e-01 4.312708228745116293e+07
5.428250090442419129e-01 4.033158987529541552e+07
5.681484529824789576e-01 3.806425268947257847e+07
5.946532662427046478e-01 3.535500847463449091e+07
6.223945611342215356e-01 3.379692777640291303e+07
6.514300210222929710e-01 3.273001217560461536e+07
6.818200202710160696e-01 3.001088807162334397e+07
7.136277497816758686e-01 2.816177832456511259e+07
7.469193483876155337e-01 2.652231524539256096e+07
7.817640403788362891e-01 2.458309712433430180e+07
8.182342794422867716e-01 2.143278371324500069e+07
8.564058993171398404e-01 2.001206781296797469e+07
8.963582714783228100e-01 1.832595592674719170e+07
9.381744701761730587e-01 1.568743478044377640e+07
9.819414451753946116e-01 1.450863841317409463e+07
1.027750202552496051e+00 1.298006397981416434e+07
1.075695993927647365e+00 1.142788236003140546e+07
1.125878514524432994e+00 1.027622069225083105e+07
1.178402110469330522e+00 8.982859864176912233e+06
1.233375995761962995e+00 8.034088751455008984e+06
1.290914479367274659e+00 7.265746131814748980e+06
1.351137202901832923e+00 6.611187666978741996e+06
1.414169389408483246e+00 6.113193368416598998e+06
1.480142103736643344e+00 5.683306622155725025e+06
1.549192525069651882e+00 5.423187119013051502e+06
1.621464232165851449e+00 5.022720737915934995e+06
1.697107501906508942e+00 4.605740468503439799e+06
1.776279621771362560e+00 4.256630599517445080e+06
1.859145216891527452e+00 3.946339865417361259e+06
1.945876592359817581e+00 3.656021879987003282e+06
2.036654091510258002e+00 3.249061476010068320e+06
2.131666470911770972e+00 3.016642931721657049e+06
2.231111292855769257e+00 2.734810786520741414e+06
2.335195336153773393e+00 2.470314904509630054e+06
2.444135026099235386e+00 2.203453646217797417e+06
2.558156884487600369e+00 2.033926273506850237e+06
2.677498000630348152e+00 1.906944380891397363e+06
2.802406524342412553e+00 1.754204444702144712e+06
2.933142181928062087e+00 1.570981828412173083e+06
