3.069976816238139533e-02 5.837215370842871666e+08
3.213194951921637121e-02 1.103133640807805538e+09
3.363094387046929729e-02 9.932826847825950384e+08
3.519986812322865172e-02 1.014718633875186324e+09
3.684198459207260745e-02 7.709674749227558374e+08
3.856070778250449138e-02 8.442932569884097576e+08
4.035961149084377197e-02 6.655467916463735104e+08
4.224243623533543990e-02 7.654948361680831909e+08
4.421309703392971302e-02 5.624802877171673775e+08
4.627569154490460829e-02 7.485048667375304699e+08
4.843450858725836805e-02 5.591657261775594950e+08
5.069403705858849252e-02 5.858536062712405920e+08
5.305897526900069106e-02 4.773834410377071500e+08
5.553424071045594268e-02 4.326024597788708210e+08
5.812498028186940946e-02 5.029775834741604924e+08
6.083658099122266766e-02 4.600339803803414106e+08
6.367468115694234487e-02 4.113097722582370639e+08
6.664518213183667772e-02 4.107140911494500041e+08
6.975426057396794111e-02 3.113001349357218146e+08
7.300838128997587384e-02 3.661772293944800496e+08
7.641431067755764805e-02 2.754892414762431979e+08
7.997913079505601652e-02 2.529046004888191223e+08
8.371025408741054885e-02 2.793824992337848544e+08
8.761543879909236554e-02 2.924655242148938775e+08
9.170280510607109470e-02 2.206378410886871815e+08
9.598085200035742781e-02 2.032356989480661452e+08
1.004584749622301765e-01 2.251815309461880326e+08
1.051449844568940195e-01 2.342311215508923233e+08
1.100501252940287722e-01 2.190770682200651765e+08
1.151840968904851020e-01 1.841893100713256598e+08
1.205575744782594882e-01 1.769318838745997846e+08
1.261817313018468445e-01 1.697333485145067871e+08
1.320682618511266337e-01 1.551151812717919648e+08
1.382294061780912076e-01 1.568915552586519122e+08
1.446779753479788821e-01 1.254621712012436092e+08
1.514273780777332656e-01 1.302743942699535340e+08
1.584916486171791816e-01 1.194917102677614391e+08
1.658854759308886484e-01 1.001118450691227168e+08
1.736242342414167639e-01 1.080167975635374635e+08
1.817240149974163610e-01 8.526425965489377081e+07
1.902016603331038169e-01 9.063049240759424865e+07
1.990747980886495849e-01 7.944996333980570734e+07
2.083618784643124222e-01 6.597173190702450275e+07
2.180822123845329585e-01 7.608329839207901061e+07
2.282560116517592663e-01 7.513426571705514193e+07
2.389044309734965343e-01 6.765722326239147782e+07
2.500496119499697190e-01 6.261650200661517680e+07
2.617147291138638421e-01 5.477164064617320150e+07
2.739240381178740802e-01 5.188421031901623309e+07
2.867029261702632170e-01 4.689651963127654046e+07
3.000779648232989039e-01 4.577545560414559394e+07
3.140769652243355914e-01 3.787924875851842016e+07
3.287290359444262067e-01 3.900460884465039521e+07
3.440646435047088891e-01 3.538931722971960902e+07
3.601156757264223351e-01 3.463823821574693918e+07
3.769155080362766030e-01 2.861881214364943653e+07
3.944990728650497602e-01 2.668365196308315545e+07
4.129029322837124427e-01 2.501185214864786714e+07
4.321653540281166217e-01 2.192300490956468508e+07
4.523263910703274604e-01 2.049655204536602274e+07
4.734279649020536884e-01 1.828637115410889685e+07
4.955139527033520785e-01 1.749506865653179586e+07
5.186302785778565960e-01 1.580889642662066035e+07
5.428250090442419129e-01 1.637151009387170151e+07
5.681484529824789576e-01 1.366932497269080393e+07
5.946532662427046478e-01 1.328924056233516149e+07
6.223945611342215356e-01 1.261946356143328734e+07
6.514300210222929710e-01 1.186891368262721412e+07
6.818200202710160696e-01 9.974977904249526560e+06
7.136277497816758686e-01 9.743842105075960979e+06
7.469193483876155337e-01 9.659288464316027239e+06
7.817640403788362891e-01 9.125629493817260489e+06
8.182342794422867716e-01 8.902948107849314809e+06
8.564058993171398404e-01 8.407182945938818157e+06
8.963582714783228100e-01 7.455721511044875719e+06
9.381744701761730587e-01 6.482525673531768844e+06
9.819414451753946116e-01 5.173256976605542004e+06
1.027750202552496051e+00 4.285308559345202520e+06
1.075695993927647365e+00 3.327436310147189070e+06
1.125878514524432994e+00 2.673646338691770565e+06
1.178402110469330522e+00 2.334872255821035244e+06
1.233375995761962995e+00 1.958445571233208990e+06
1.290914479367274659e+00 1.648670158578420989e+06
1.351137202901832923e+00 1.579304186990579590e+06
1.414169389408483246e+00 1.464583370803523110e+06
1.480142103736643344e+00 1.376767355911217630e+06
1.549192525069651882e+00 1.259991140683088219e+06
1.621464232165851449e+00 1.073316413808577228e+06
1.697107501906508942e+00 9.140526509461544920e+05
1.776279621771362560e+00 8.936114407319447491e+05
1.859145216891527452e+00 8.778720118984519504e+05
1.945876592359817581e+00 1.049817182108824607e+06
2.036654091510258002e+00 1.221269044132112293e+06
2.131666470911770972e+00 1.068140536682914943e+06
2.231111292855769257e+00 8.091277779708534945e+05
2.335195336153773393e+00 6.527070413673169678e+05
2.444135026099235386e+00 6.027873504516934045e+05
2.558156884487600369e+00 5.331091359564131126e+05
2.677498000630348152e+00 4.993286828851079335e+05
2.802406524342412553e+00 4.402653755744560040e+05
2.933142181928062087e+00 4.147398306874234695e+05
