3.069976816238139533e-02 8.798685743856217861e+08
3.213194951921637121e-02 1.119917522705728531e+09
3.363094387046929729e-02 8.201973274154841900e+08
3.519986812322865172e-02 8.609759002045785189e+08
3.684198459207260745e-02 8.087695573234093189e+08
3.856070778250449138e-02 8.812203274477589130e+08
4.035961149084377197e-02 8.176623057532485723e+08
4.224243623533543990e-02 8.263187640559717417e+08
4.421309703392971302e-02 8.290399284155316353e+08
4.627569154490460829e-02 7.164751315527666807e+08
4.843450858725836805e-02 9.015496335667264462e+08
5.069403705858849252e-02 7.031226679038817883e+08
5.305897526900069106e-02 6.946264585749667883e+08
5.553424071045594268e-02 6.574543027634618282e+08
5.812498028186940946e-02 6.253163620874962807e+08
6.083658099122266766e-02 6.106743517738255262e+08
6.367468115694234487e-02 5.742046234652190208e+08
6.664518213183667772e-02 6.596308316524385214e+08
6.975426057396794111e-02 5.760303747133084536e+08
7.300838128997587384e-02 4.941409956467698812e+08
7.641431067755764805e-02 5.065992906862340569e+08
7.997913079505601652e-02 5.129243013874124289e+08
8.371025408741054885e-02 5.600443013373302221e+08
8.761543879909236554e-02 4.297980125453754663e+08
9.170280510607109470e-02 4.377513595455988646e+08
9.598085200035742781e-02 3.712040302066336870e+08
1.004584749622301765e-01 4.030451253659191728e+08
1.051449844568940195e-01 3.926220576777238250e+08
1.100501252940287722e-01 3.436355855332972407e+08
1.151840968904851020e-01 3.677616235948740840e+08
1.205575744782594882e-01 3.338275699459367990e+08
1.261817313018468445e-01 3.099757334834291935e+08
1.320682618511266337e-01 2.858636847306646109e+08
1.382294061780912076e-01 2.790904145336191058e+08
1.446779753479788821e-01 2.687937418686068654e+08
1.514273780777332656e-01 2.390729713810015023e+08
1.584916486171791816e-01 2.522426426682878733e+08
1.658854759308886484e-01 2.521154978061513007e+08
1.736242342414167639e-01 2.236788337555664182e+08
1.817240149974163610e-01 2.125810715489559770e+08
1.902016603331038169e-01 2.076504737199613750e+08
1.990747980886495849e-01 1.861242891872687340e+08
2.083618784643124222e-01 1.794019472091751695e+08
2.180822123845329585e-01 1.829474285376498401e+08
2.282560116517592663e-01 1.539845124699485302e+08
2.389044309734965343e-01 1.474379619163914919e+08
2.500496119499697190e-01 1.505583703893701434e+08
2.617147291138638421e-01 1.424256270300976932e+08
2.739240381178740802e-01 1.233256251013999432e+08
2.867029261702632170e-01 1.242527809039160907e+08
3.000779648232989039e-01 1.155562187092008591e+08
3.140769652243355914e-01 1.058036958594211638e+08
3.287290359444262067e-01 1.015675928769117743e+08
3.440646435047088891e-01 9.284594648169539869e+07
3.601156757264223351e-01 8.647825191831013560e+07
3.769155080362766030e-01 8.228873765581071377e+07
3.944990728650497602e-01 7.774276413885016739e+07
4.129029322837124427e-01 6.865093778540986776e+07
4.321653540281166217e-01 6.629718752092050016e+07
4.523263910703274604e-01 6.348310373556324840e+07
4.734279649020536884e-01 5.988174532497911900e+07
4.955139527033520785e-01 5.502357449808157235e+07
5.186302785778565960e-01 5.072260901182191074e+07
5.428250090442419129e-01 4.667498142331966013e+07
5.681484529824789576e-01 4.362821357757606357e+07
5.946532662427046478e-01 4.077253042649821192e+07
6.223945611342215356e-01 3.790901277698966861e+07
6.514300210222929710e-01 3.578622044331533462e+07
6.818200202710160696e-01 3.311114672345259041e+07
7.136277497816758686e-01 3.146888941790376976e+07
7.469193483876155337e-01 2.875772661424923688e+07
7.817640403788362891e-01 2.641222917808188871e+07
8.182342794422867716e-01 2.521902909289802983e+07
8.564058993171398404e-01 2.351748045619134605e+07
8.963582714783228100e-01 2.096210519143239036e+07
9.381744701761730587e-01 2.007313953464035690e+07
9.819414451753946116e-01 1.802665378204189986e+07
1.027750202552496051e+00 1.688546876845396310e+07
1.075695993927647365e+00 1.522556535565653443e+07
1.125878514524432994e+00 1.442592155125906318e+07
1.178402110469330522e+00 1.352709108252234384e+07
1.233375995761962995e+00 1.242180964545745775e+07
1.290914479367274659e+00 1.155515949622809142e+07
1.351137202901832923e+00 1.069604898789024539e+07
1.414169389408483246e+00 9.755404087105752900e+06
1.480142103736643344e+00 8.810097079624550417e+06
1.549192525069651882e+00 8.168397528904645704e+06
1.621464232165851449e+00 7.592053560568444431e+06
1.697107501906508942e+00 7.147145133993234485e+06
1.776279621771362560e+00 6.637973628633677028e+06
1.859145216891527452e+00 6.179692499704530463e+06
1.945876592359817581e+00 5.865338225771897472e+06
2.036654091510258002e+00 5.263093775722998194e+06
2.131666470911770972e+00 4.725427509078228846e+06
2.231111292855769257e+00 4.107669034376654774e+06
2.335195336153773393e+00 3.716442708280344959e+06
2.444135026099235386e+00 3.375185105795224197e+06
2.558156884487600369e+00 3.167512174330321606e+06
2.677498000630348152e+00 2.937567277548967861e+06
2.802406524342412553e+00 2.601853613157929387e+06
2.933142181928062087e+00 2.326262485485276207e+06
