3.069976816238139533e-02 9.034667750859258175e+08
3.213194951921637121e-02 5.995939688376704454e+08
3.363094387046929729e-02 6.469421683620918989e+08
3.519986812322865172e-02 8.471444283363292217e+08
3.684198459207260745e-02 7.903506345161727667e+08
3.856070778250449138e-02 9.467860458339755535e+08
4.035961149084377197e-02 5.698313152077631950e+08
4.224243623533543990e-02 3.440723797369033098e+08
4.421309703392971302e-02 5.375719653680320978e+08
4.627569154490460829e-02 3.507455895671895146e+08
4.843450858725836805e-02 3.530399527673524618e+08
5.069403705858849252e-02 4.053092868647168875e+08
5.305897526900069106e-02 5.153988326186540127e+08
5.553424071045594268e-02 3.560116083126270175e+08
5.812498028186940946e-02 2.820047054906329513e+08
6.083658099122266766e-02 2.604177609821025729e+08
6.367468115694234487e-02 3.310115830569540858e+08
6.664518213183667772e-02 2.738920060724995136e+08
6.975426057396794111e-02 2.586050677531588972e+08
7.300838128997587384e-02 2.900787609512103796e+08
7.641431067755764805e-02 2.601518331766321361e+08
7.997913079505601652e-02 2.143329788553004563e+08
8.371025408741054885e-02 2.506475036079120040e+08
8.761543879909236554e-02 2.330929487086744010e+08
9.170280510607109470e-02 1.975147216750917733e+08
9.598085200035742781e-02 2.021923093108924031e+08
1.004584749622301765e-01 1.848214713136963844e+08
1.051449844568940195e-01 1.639493294079794586e+08
1.100501252940287722e-01 1.974571956320973039e+08
1.151840968904851020e-01 1.447125833581564724e+08
1.205575744782594882e-01 1.702377456558136642e+08
1.261817313018468445e-01 1.671011871287277639e+08
1.320682618511266337e-01 1.348210962356612980e+08
1.382294061780912076e-01 1.310278358927420676e+08
1.446779753479788821e-01 1.415445216828556061e+08
1.514273780777332656e-01 1.196570222684822530e+08
1.584916486171791816e-01 1.245634268891767114e+08
1.658854759308886484e-01 1.241642809100660682e+08
1.736242342414167639e-01 1.201869187805549353e+08
1.817240149974163610e-01 1.056033933307193667e+08
1.902016603331038169e-01 1.020725988853473663e+08
1.990747980886495849e-01 9.553718493999105692e+07
2.083618784643124222e-01 8.905914236019288003e+07
2.180822123845329585e-01 8.680970638870356977e+07
2.282560116517592663e-01 7.711418936898893118e+07
2.389044309734965343e-01 7.846376985833220184e+07
2.500496119499697190e-01 7.242119917213471234e+07
2.617147291138638421e-01 6.840907177915889025e+07
2.739240381178740802e-01 6.238392121170332283e+07
2.867029261702632170e-01 5.696537881015763432e+07
3.000779648232989039e-01 5.863066887008003891e+07
3.140769652243355914e-01 5.700121585811768472e+07
3.287290359444262067e-01 5.084427859113461524e+07
3.440646435047088891e-01 4.975394653905761987e+07
3.601156757264223351e-01 4.253345889930126816e+07
3.769155080362766030e-01 3.857043374063258618e+07
3.944990728650497602e-01 3.530968532304879278e+07
4.129029322837124427e-01 3.478879638827595115e+07
4.321653540281166217e-01 3.251890137448751554e+07
4.523263910703274604e-01 3.047892298341783136e+07
4.734279649020536884e-01 2.952404704032661393e+07
4.955139527033520785e-01 2.687747365401539207e+07
5.186302785778565960e-01 2.578547520087480918e+07
5.428250090442419129e-01 2.504380335867490247e+07
5.681484529824789576e-01 2.343587449252445623e+07
5.946532662427046478e-01 2.155781433934981003e+07
6.223945611342215356e-01 2.111673848238070682e+07
6.514300210222929710e-01 2.101928960661641881e+07
6.818200202710160696e-01 1.981148574568806961e+07
7.136277497816758686e-01 1.820982296362339333e+07
7.469193483876155337e-01 1.705741591257803887e+07
7.817640403788362891e-01 1.612541989741799422e+07
8.182342794422867716e-01 1.501788154220291972e+07
8.564058993171398404e-01 1.399440445355500467e+07
8.963582714783228100e-01 1.316170211488763057e+07
9.381744701761730587e-01 1.248499562007996254e+07
9.819414451753946116e-01 1.178741312852304615e+07
1.027750202552496051e+00 1.049393703477755189e+07
1.075695993927647365e+00 9.716794650099746883e+06
1.125878514524432994e+00 8.758735887191813439e+06
1.178402110469330522e+00 8.106815530862728134e+06
1.233375995761962995e+00 7.686534327679482289e+06
1.290914479367274659e+00 6.616465502378076315e+06
1.351137202901832923e+00 5.735588686299392022e+06
1.414169389408483246e+00 5.143247663988721557e+06
1.480142103736643344e+00 4.480622335181955248e+06
1.549192525069651882e+00 3.878919327175336890e+06
1.621464232165851449e+00 3.468130897429456003e+06
1.697107501906508942e+00 3.212175175373639446e+06
1.776279621771362560e+00 2.928012527022492141e+06
1.859145216891527452e+00 2.574408189268989954e+06
1.945876592359817581e+00 2.295968538691951893e+06
2.036654091510258002e+00 2.097241558113263920e+06
2.131666470911770972e+00 1.837526013885515975e+06
2.231111292855769257e+00 1.674330716096278047e+06
2.335195336153773393e+00 1.470444771465189988e+06
2.444135026099235386e+00 1.307748928846875438e+06
2.558156884487600369e+00 1.133936640951815993e+06
2.677498000630348152e+00 1.020397499654622865e+06
2.802406524342412553e+00 9.440434824893706245e+05
2.933142181928062087e+00 8.351976357915423578e+05
