3.069976816238139533e-02 1.011221911945836186e+09
3.213194951921637121e-02 1.346474464749430656e+09
3.363094387046929729e-02 9.767037617397224903e+08
3.519986812322865172e-02 9.676185864679222107e+08
3.684198459207260745e-02 1.021616643520388603e+09
3.856070778250449138e-02 7.892269297380198240e+08
4.035961149084377197e-02 9.644367868602017164e+08
4.224243623533543990e-02 5.984110920401029587e+08
4.421309703392971302e-02 8.824935630256891251e+08
4.627569154490460829e-02 7.384896895675133467e+08
4.843450858725836805e-02 8.965501715929603577e+08
5.069403705858849252e-02 6.698384252094974518e+08
5.305897526900069106e-02 7.077994783268861771e+08
5.553424071045594268e-02 6.583830380066645145e+08
5.812498028186940946e-02 7.916254976024496555e+08
6.083658099122266766e-02 6.923697250298976898e+08
6.367468115694234487e-02 5.781792254235768318e+08
6.664518213183667772e-02 5.642532887429058552e+08
6.975426057396794111e-02 5.103609236828976274e+08
7.300838128997587384e-02 5.745276642655103207e+08
7.641431067755764805e-02 5.189254353110039234e+08
7.997913079505601652e-02 5.167905794504027963e+08
8.371025408741054885e-02 5.282224550562520027e+08
8.761543879909236554e-02 4.762603077457071543e+08
9.170280510607109470e-02 4.354945298651396036e+08
9.598085200035742781e-02 4.385318807403360009e+08
1.004584749622301765e-01 3.974151005223244429e+08
1.051449844568940195e-01 3.653554443634338379e+08
1.100501252940287722e-01 3.615044566349541545e+08
1.151840968904851020e-01 3.512385427348085642e+08
1.205575744782594882e-01 3.631549427106920481e+08
1.261817313018468445e-01 3.707089810481442213e+08
1.320682618511266337e-01 3.065758279839503765e+08
1.382294061780912076e-01 3.130607776494096518e+08
1.446779753479788821e-01 2.830902403718349934e+08
1.514273780777332656e-01 2.573140684844184816e+08
1.584916486171791816e-01 2.652683045375559926e+08
1.658854759308886484e-01 2.469786306858503222e+08
1.736242342414167639e-01 2.370844121089068651e+08
1.817240149974163610e-01 2.251273804528993368e+08
1.902016603331038169e-01 2.106535412794354856e+08
1.990747980886495849e-01 1.994134820314069092e+08
2.083618784643124222e-01 1.896026974715504646e+08
2.180822123845329585e-01 1.785122436043979228e+08
2.282560116517592663e-01 1.592824471560704112e+08
2.389044309734965343e-01 1.606368151357214749e+08
2.500496119499697190e-01 1.535963714134192169e+08
2.617147291138638421e-01 1.432766947484366596e+08
2.739240381178740802e-01 1.267117387088860124e+08
2.867029261702632170e-01 1.207858168700119704e+08
3.000779648232989039e-01 1.164000340100964755e+08
3.140769652243355914e-01 1.089196521017286777e+08
3.287290359444262067e-01 1.000485358569435924e+08
3.440646435047088891e-01 9.668459154401528835e+07
3.601156757264223351e-01 9.028978713149948418e+07
3.769155080362766030e-01 8.498994741042548418e+07
3.944990728650497602e-01 7.870629613831511140e+07
4.129029322837124427e-01 7.290378945059743524e+07
4.321653540281166217e-01 7.084734086766302586e+07
4.523263910703274604e-01 6.267942982402248681e+07
4.734279649020536884e-01 5.968177251672295481e+07
4.955139527033520785e-01 5.607030469452582300e+07
5.186302785778565960e-01 5.133886185491664708e+07
5.428250090442419129e-01 4.764498915150456131e+07
5.681484529824789576e-01 4.355236022478345782e+07
5.946532662427046478e-01 4.253151263842518628e+07
6.223945611342215356e-01 3.939846217670664936e+07
6.514300210222929710e-01 3.681515328195335716e+07
6.818200202710160696e-01 3.410954528318429738e+07
7.136277497816758686e-01 3.140768732232016698e+07
7.469193483876155337e-01 2.902807647603738308e+07
7.817640403788362891e-01 2.722514949550489336e+07
8.182342794422867716e-01 2.552569967700054124e+07
8.564058993171398404e-01 2.347177650757286698e+07
8.963582714783228100e-01 2.165529744189446047e+07
9.381744701761730587e-01 1.991696778435035050e+07
9.819414451753946116e-01 1.801403966759248823e+07
1.027750202552496051e+00 1.712001957963501662e+07
1.075695993927647365e+00 1.574699490255519561e+07
1.125878514524432994e+00 1.440349519343618304e+07
1.178402110469330522e+00 1.326445202319074608e+07
1.233375995761962995e+00 1.243382386366415024e+07
1.290914479367274659e+00 1.145633136577000469e+07
1.351137202901832923e+00 1.056162337209321745e+07
1.414169389408483246e+00 9.866293264699876308e+06
1.480142103736643344e+00 9.044264958062164485e+06
1.549192525069651882e+00 8.238550787764415145e+06
1.621464232165851449e+00 7.697260948278702796e+06
1.697107501906508942e+00 6.973753870850597508e+06
1.776279621771362560e+00 6.482904542125443928e+06
1.859145216891527452e+00 5.789692385715847835e+06
1.945876592359817581e+00 5.332824335471294820e+06
2.036654091510258002e+00 4.775786204098770395e+06
2.131666470911770972e+00 4.320597246551468968e+06
2.231111292855769257e+00 3.949381203146111220e+06
2.335195336153773393e+00 3.610563604199511930e+06
2.444135026099235386e+00 3.303994527675536461e+06
2.558156884487600369e+00 3.059775604097715113e+06
2.677498000630348152e+00 2.783481567443617154e+06
2.802406524342412553e+00 2.488320324005522300e+06
2.933142181928062087e+00 2.295025445612912532e+06
