3.069976816238139533e-02 1.027681928041352153e+09
3.213194951921637121e-02 7.667782035777624846e+08
3.363094387046929729e-02 7.738816843969419003e+08
3.519986812322865172e-02 9.164555249617303610e+08
3.684198459207260745e-02 8.474907462031131983e+08
3.856070778250449138e-02 7.030584335886449814e+08
4.035961149084377197e-02 6.413109113474289179e+08
4.224243623533543990e-02 6.979425414898416996e+08
4.421309703392971302e-02 6.713444270436288118e+08
4.627569154490460829e-02 4.790692922474452257e+08
4.843450858725836805e-02 5.425206979016581774e+08
5.069403705858849252e-02 5.795899785446749926e+08
5.305897526900069106e-02 5.326177942282662392e+08
5.553424071045594268e-02 3.905804176464302540e+08
5.812498028186940946e-02 5.467991286820269823e+08
6.083658099122266766e-02 4.452619952193928361e+08
6.367468115694234487e-02 4.542019089421681166e+08
6.664518213183667772e-02 4.644478878198480010e+08
6.975426057396794111e-02 3.777051520556818843e+08
7.300838128997587384e-02 4.116336877928642631e+08
7.641431067755764805e-02 3.310900065499162674e+08
7.997913079505601652e-02 3.135979856867327690e+08
8.371025408741054885e-02 3.191925157888355851e+08
8.761543879909236554e-02 3.074475817344149351e+08
9.170280510607109470e-02 2.428596221932862997e+08
9.598085200035742781e-02 2.576975777546316385e+08
1.004584749622301765e-01 2.324796767867938280e+08
1.051449844568940195e-01 3.076529792864180207e+08
1.100501252940287722e-01 2.263494300391427875e+08
1.151840968904851020e-01 2.245151771910794079e+08
1.205575744782594882e-01 2.106661824303776026e+08
1.261817313018468445e-01 1.920589667926557362e+08
1.320682618511266337e-01 2.047916046164032221e+08
1.382294061780912076e-01 1.711697619625403583e+08
1.446779753479788821e-01 1.529781246740202606e+08
1.514273780777332656e-01 1.623135049055266678e+08
1.584916486171791816e-01 1.608832969714018404e+08
1.658854759308886484e-01 1.399410385857501328e+08
1.736242342414167639e-01 1.398446129661388397e+08
1.817240149974163610e-01 1.295864993968542814e+08
1.902016603331038169e-01 1.147750539990905821e+08
1.990747980886495849e-01 1.153985093657272011e+08
2.083618784643124222e-01 1.056621179587694556e+08
2.180822123845329585e-01 9.929880107184614241e+07
2.282560116517592663e-01 8.245270708450224996e+07
2.389044309734965343e-01 8.114295747742085159e+07
2.500496119499697190e-01 7.899026874655839801e+07
2.617147291138638421e-01 6.829871279589198530e+07
2.739240381178740802e-01 6.152601896197575331e+07
2.867029261702632170e-01 6.008349777020177245e+07
3.000779648232989039e-01 5.235288475005062670e+07
3.140769652243355914e-01 4.830818930959045887e+07
3.287290359444262067e-01 4.359211418304359168e+07
3.440646435047088891e-01 4.033078945044445992e+07
3.601156757264223351e-01 3.960097862356092036e+07
3.769155080362766030e-01 3.387572891135263443e+07
3.944990728650497602e-01 3.105407572047751397e+07
4.129029322837124427e-01 2.723532731771261990e+07
4.321653540281166217e-01 2.500936063595243916e+07
4.523263910703274604e-01 2.376027614678318053e+07
4.734279649020536884e-01 2.245693191062467545e+07
4.955139527033520785e-01 1.969782738669463620e+07
5.186302785778565960e-01 1.785116803301373869e+07
5.428250090442419129e-01 1.656866296145840548e+07
5.681484529824789576e-01 1.412510224102576822e+07
5.946532662427046478e-01 1.382647450330630317e+07
6.223945611342215356e-01 1.286444004175738618e+07
6.514300210222929710e-01 1.113439912041061930e+07
6.818200202710160696e-01 1.038537407922816090e+07
7.136277497816758686e-01 9.903968616136990488e+06
7.469193483876155337e-01 9.211947394095901400e+06
7.817640403788362891e-01 8.459311254611546174e+06
8.182342794422867716e-01 7.892793587812325917e+06
8.564058993171398404e-01 7.508737294010716490e+06
8.963582714783228100e-01 6.940919946871962398e+06
9.381744701761730587e-01 6.783620628109074198e+06
9.819414451753946116e-01 6.430378607806230895e+06
1.027750202552496051e+00 6.008262382701921277e+06
1.075695993927647365e+00 5.628769853886846453e+06
1.125878514524432994e+00 5.466349217113939114e+06
1.178402110469330522e+00 5.346318033176403493e+06
1.233375995761962995e+00 5.283610042639076710e+06
1.290914479367274659e+00 4.948239816709661856e+06
1.351137202901832923e+00 4.692180091608483344e+06
1.414169389408483246e+00 4.225447208733005449e+06
1.480142103736643344e+00 4.090775439778089058e+06
1.549192525069651882e+00 3.969974482633729000e+06
1.621464232165851449e+00 3.435710295176179148e+06
1.697107501906508942e+00 2.864779459851043765e+06
1.776279621771362560e+00 2.335097878255012911e+06
1.859145216891527452e+00 1.844717086191559210e+06
1.945876592359817581e+00 1.594111123586040689e+06
2.036654091510258002e+00 1.386780304634924047e+06
2.131666470911770972e+00 1.291878441157832043e+06
2.231111292855769257e+00 1.149638266504063504e+06
2.335195336153773393e+00 9.753395111951585859e+05
2.444135026099235386e+00 8.806559186800178140e+05
2.558156884487600369e+00 7.983251159473507432e+05
2.677498000630348152e+00 7.822194945903121261e+05
2.802406524342412553e+00 8.340302566521111876e+05
2.933142181928062087e+00 8.648490179241180886e+05
