3.069976816238139533e-02 1.042421026328643084e+09
3.213194951921637121e-02 7.368845474656274319e+08
3.363094387046929729e-02 7.490147308132500648e+08
3.519986812322865172e-02 1.057821935322792292e+09
3.684198459207260745e-02 6.886751920898392200e+08
3.856070778250449138e-02 1.079552706185212612e+09
4.035961149084377197e-02 7.498062118762300014e+08
4.224243623533543990e-02 8.587348530687413216e+08
4.421309703392971302e-02 8.212390773540761471e+08
4.627569154490460829e-02 7.780733024386142492e+08
4.843450858725836805e-02 7.889237616634593010e+08
5.069403705858849252e-02 8.701760794399751425e+08
5.305897526900069106e-02 7.088832351366469860e+08
5.553424071045594268e-02 6.634015207527430058e+08
5.812498028186940946e-02 7.486297373400908709e+08
6.083658099122266766e-02 7.990999892081384659e+08
6.367468115694234487e-02 6.545933592312538624e+08
6.664518213183667772e-02 6.488146129978842735e+08
6.975426057396794111e-02 5.990352009303253889e+08
7.300838128997587384e-02 5.028456051973457336e+08
7.641431067755764805e-02 5.931049108671685457e+08
7.997913079505601652e-02 5.390966633698488474e+08
8.371025408741054885e-02 5.726758835499733686e+08
8.761543879909236554e-02 4.787105373328734040e+08
9.170280510607109470e-02 5.569954686849764585e+08
9.598085200035742781e-02 4.933383229496211410e+08
1.004584749622301765e-01 4.699010859128331542e+08
1.051449844568940195e-01 4.173416807058908939e+08
1.100501252940287722e-01 4.081078822800006270e+08
1.151840968904851020e-01 4.221791901355479360e+08
1.205575744782594882e-01 3.426948805681632757e+08
1.261817313018468445e-01 3.520023922609352469e+08
1.320682618511266337e-01 3.505209397476184368e+08
1.382294061780912076e-01 3.126010207052548528e+08
1.446779753479788821e-01 3.181572375990223885e+08
1.514273780777332656e-01 2.855884952612957954e+08
1.584916486171791816e-01 2.732723507633199692e+08
1.658854759308886484e-01 2.700582358704676628e+08
1.736242342414167639e-01 2.449464772108399868e+08
1.817240149974163610e-01 2.402642506148970127e+08
1.902016603331038169e-01 2.102713055197327435e+08
1.990747980886495849e-01 2.070821322376905978e+08
2.083618784643124222e-01 1.995789404256803393e+08
2.180822123845329585e-01 1.875938995317803323e+08
2.282560116517592663e-01 1.834392208316943944e+08
2.389044309734965343e-01 1.639105792497702241e+08
2.500496119499697190e-01 1.536376343157307506e+08
2.617147291138638421e-01 1.487252354083045423e+08
2.739240381178740802e-01 1.392285233040566146e+08
2.867029261702632170e-01 1.336295436668161154e+08
3.000779648232989039e-01 1.242454097449481636e+08
3.140769652243355914e-01 1.151519922432977855e+08
3.287290359444262067e-01 1.074670472819179296e+08
3.440646435047088891e-01 1.004051913169066161e+08
3.601156757264223351e-01 9.238373532033108175e+07
3.769155080362766030e-01 8.713937605339513719e+07
3.944990728650497602e-01 8.122625556202507019e+07
4.129029322837124427e-01 7.368812476335611939e+07
4.321653540281166217e-01 7.082147039304675162e+07
4.523263910703274604e-01 6.568748969904606789e+07
4.734279649020536884e-01 6.158228998468852788e+07
4.955139527033520785e-01 5.827303687173428386e+07
5.186302785778565960e-01 5.274197495851410925e+07
5.428250090442419129e-01 4.962708949575661123e+07
5.681484529824789576e-01 4.666061119221461564e+07
5.946532662427046478e-01 4.274898647103578597e+07
6.223945611342215356e-01 4.024453524070920050e+07
6.514300210222929710e-01 3.677695172628054023e+07
6.818200202710160696e-01 3.464406829997987300e+07
7.136277497816758686e-01 3.169496007720921934e+07
7.469193483876155337e-01 2.979895461769070849e+07
7.817640403788362891e-01 2.780373946163604781e+07
8.182342794422867716e-01 2.494458269753491506e+07
8.564058993171398404e-01 2.414164631235040724e+07
8.963582714783228100e-01 2.161949370284967124e+07
9.381744701761730587e-01 2.023069088043337688e+07
9.819414451753946116e-01 1.896716457776512578e+07
1.027750202552496051e+00 1.737561938751852512e+07
1.075695993927647365e+00 1.611330334527583234e+07
1.125878514524432994e+00 1.494011558938817494e+07
1.178402110469330522e+00 1.366063319838275202e+07
1.233375995761962995e+00 1.295695560270090960e+07
1.290914479367274659e+00 1.172478061973940767e+07
1.351137202901832923e+00 1.088390247707624920e+07
1.414169389408483246e+00 1.000912651431888714e+07
1.480142103736643344e+00 9.215254310774696991e+06
1.549192525069651882e+00 8.539675870098497719e+06
1.621464232165851449e+00 7.649419522536643781e+06
1.697107501906508942e+00 7.073234353163486347e+06
1.776279621771362560e+00 6.341181360054813325e+06
1.859145216891527452e+00 5.761554673460344784e+06
1.945876592359817581e+00 5.287623892541280016e+06
2.036654091510258002e+00 4.723024909314159304e+06
2.131666470911770972e+00 4.338099847949002869e+06
2.231111292855769257e+00 3.937137070723797660e+06
2.335195336153773393e+00 3.557625307448825333e+06
2.444135026099235386e+00 3.286389820944845676e+06
2.558156884487600369e+00 2.967994543145304546e+06
2.677498000630348152e+00 2.713928809381197207e+06
2.802406524342412553e+00 2.494679606298030820e+06
2.933142181928062087e+00 2.270112005228698719e+06
